800 2.0 13.640 5.800
810 2.0 12.090 5.750
820 2.0 11.370 5.800
830 2.0 10.310 5.970
840 2.0 9.570 6.240
850 2.0 8.730 6.340
860 2.0 7.940 6.500
870 2.0 7.170 6.620
880 2.0 8.656 6.744
890 2.0 7.537 6.942
900 2.0 9.000 6.381
910 2.0 8.003 7.026
920 2.0 7.062 7.339
930 2.0 8.007 7.066
940 2.0 6.589 7.610
950 2.0 8.431 7.364
960 2.0 7.728 8.014
970 2.0 7.721 7.704
980 2.0 7.656 7.596
990 2.0 7.725 8.514
830 3.0 12.490 6.600
840 3.0 11.940 6.770
850 3.0 11.030 6.840
860 3.0 10.210 6.810
870 3.0 9.360 6.850
880 3.0 8.590 6.850
890 3.0 7.780 6.840
900 3.0 6.960 6.840
910 3.0 7.889 7.375
920 3.0 8.395 7.424
930 3.0 8.700 7.066
940 3.0 8.526 7.552
950 3.0 8.184 7.345
960 3.0 6.735 8.170
970 3.0 7.032 7.737
980 3.0 6.934 7.658
990 3.0 7.591 7.581
1000 3.0 7.759 7.826
1010 3.0 4.777 8.975
1020 3.0 5.922 8.580
1050 11.0 12.510 6.190
1060 11.0 11.540 6.030
1070 11.0 10.960 5.970
1080 11.0 10.290 6.120
1090 11.0 9.880 6.210
1100 11.0 9.540 6.090
1110 11.0 8.870 5.990
1120 11.0 8.040 5.660
1130 11.0 7.351 5.945
1140 11.0 8.310 6.292
1150 11.0 7.951 6.440
1160 11.0 8.330 6.375
1170 11.0 7.506 6.995
1180 11.0 7.219 6.948
1190 11.0 7.100 7.644
1200 11.0 4.996 8.048
1210 11.0 7.525 7.473
1220 11.0 5.922 8.279
1230 11.0 5.504 8.498
1240 11.0 6.596 8.278
1050 12.0 12.090 6.950
1060 12.0 11.400 6.930
1070 12.0 10.700 6.870
1080 12.0 10.070 6.730
1090 12.0 9.450 6.510
1100 12.0 8.900 6.330
1110 12.0 8.210 6.230
1120 12.0 7.490 6.060
1130 12.0 8.067 6.385
1140 12.0 7.122 7.002
1150 12.0 7.707 6.836
1160 12.0 7.032 7.253
1170 12.0 5.550 7.839
1180 12.0 5.245 8.102
1190 12.0 5.025 8.137
1200 12.0 6.249 7.988
1210 12.0 6.119 7.792
1220 12.0 5.225 8.455
1230 12.0 5.347 8.781
1240 12.0 4.029 10.951
2860 51.0 7.050 8.440
2870 51.0 7.050 8.440
2880 51.0 7.050 8.440
2890 51.0 7.050 8.440
2900 51.0 7.050 8.440
2910 51.0 7.050 8.440
2920 51.0 7.050 8.440
2930 51.0 7.050 8.440
2940 51.0 6.933 8.544
2950 51.0 7.015 8.577
2960 51.0 6.938 8.568
2970 51.0 6.928 8.479
2980 51.0 6.929 8.498
2990 51.0 6.990 8.518
3000 51.0 7.023 8.530
3010 51.0 7.069 8.487
3020 51.0 7.117 8.463
3030 51.0 7.027 8.398
3040 51.0 7.068 8.363
3050 51.0 7.103 8.403
2860 52.0 8.090 8.840
2870 52.0 8.090 8.840
2880 52.0 8.090 8.840
2890 52.0 8.090 8.840
2900 52.0 8.090 8.840
2910 52.0 8.090 8.840
2920 52.0 8.090 8.840
2930 52.0 8.090 8.840
2940 52.0 8.128 8.770
2950 52.0 8.172 8.756
2960 52.0 8.106 8.797
2970 52.0 8.146 8.800
2980 52.0 8.170 8.754
2990 52.0 8.119 8.745
3000 52.0 8.209 8.763
3010 52.0 8.196 8.763
3020 52.0 8.135 8.805
3030 52.0 8.138 8.798
3040 52.0 8.108 8.714
3050 52.0 8.166 8.706
2860 56.0 12.320 3.350
2870 56.0 12.420 3.220
2880 56.0 12.490 3.210
2890 56.0 12.650 3.360
2900 56.0 12.790 3.450
2910 56.0 12.790 3.470
2920 56.0 12.790 3.380
2930 56.0 12.780 3.160
2940 56.0 12.902 3.145
2950 56.0 13.296 2.955
2960 56.0 12.904 2.957
2970 56.0 12.769 3.036
2980 56.0 12.964 2.974
2990 56.0 13.205 3.140
3000 56.0 13.308 3.109
3010 56.0 13.241 3.116
3020 56.0 13.507 3.368
3030 56.0 13.519 3.284
3040 56.0 13.479 3.019
3050 56.0 13.632 2.860
4330 79.0 -3.780 5.150
4340 79.0 -3.090 5.120
4350 79.0 -2.340 5.190
4360 79.0 -1.610 5.170
4370 79.0 -0.840 5.310
4380 79.0 -0.130 5.270
4390 79.0 0.610 5.360
4400 79.0 1.380 5.430
4410 79.0 -0.388 5.136
4420 79.0 -0.115 4.948
4430 79.0 -0.083 4.657
4440 79.0 -0.179 4.960
4450 79.0 0.694 4.908
4460 79.0 1.016 4.427
4470 79.0 1.324 4.573
4480 79.0 0.373 4.732
4490 79.0 1.682 3.948
4500 79.0 1.651 4.655
4510 79.0 2.364 3.399
4520 79.0 0.814 3.848
6420 126.0 -5.190 6.380
6430 126.0 -4.300 6.500
6440 126.0 -3.360 6.560
6450 126.0 -2.420 6.510
6460 126.0 -1.390 6.390
6470 126.0 -0.560 6.380
6480 126.0 0.260 6.180
6490 126.0 1.270 6.020
6500 126.0 -0.850 6.081
6510 126.0 -1.553 6.059
6520 126.0 -0.461 5.601
6530 126.0 -1.144 6.015
6540 126.0 0.530 5.028
6550 126.0 0.166 5.311
6560 126.0 -0.264 5.657
6570 126.0 0.350 5.532
6580 126.0 0.422 5.697
6590 126.0 1.611 5.124
6600 126.0 -0.045 5.692
6610 126.0 1.339 5.404
6420 127.0 -5.450 7.310
6430 127.0 -4.560 7.420
6440 127.0 -3.660 7.480
6450 127.0 -2.720 7.420
6460 127.0 -1.590 7.310
6470 127.0 -0.590 7.220
6480 127.0 0.360 7.140
6490 127.0 1.320 7.050
6500 127.0 -1.404 6.819
6510 127.0 -1.114 7.118
6520 127.0 -1.552 7.047
6530 127.0 -1.103 6.800
6540 127.0 -1.603 6.757
6550 127.0 -1.119 6.637
6560 127.0 -0.334 6.174
6570 127.0 -1.395 6.439
6580 127.0 -2.163 7.229
6590 127.0 -0.757 6.497
6600 127.0 1.336 6.078
6610 127.0 -0.434 7.202
8120 171.0 -0.680 8.400
8130 171.0 -0.710 8.350
8140 171.0 -0.910 8.420
8150 171.0 -1.080 8.470
8160 171.0 -1.240 8.360
8170 171.0 -1.530 8.270
8180 171.0 -1.870 8.410
8190 171.0 -1.910 8.440
8200 171.0 -1.465 8.401
8210 171.0 -1.960 8.153
8220 171.0 -1.848 8.252
8230 171.0 -2.262 8.506
8240 171.0 -2.121 8.397
8250 171.0 -2.206 8.444
8260 171.0 -2.552 8.442
8270 171.0 -2.656 8.650
8280 171.0 -2.658 8.440
8290 171.0 -3.273 8.724
8300 171.0 -4.494 8.843
8310 171.0 -4.162 8.614
8320 172.0 -1.520 8.590
8330 172.0 -1.520 8.590
8340 172.0 -1.520 8.590
8350 172.0 -1.520 8.590
8360 172.0 -1.520 8.590
8370 172.0 -1.970 8.350
8380 172.0 -2.040 8.350
8390 172.0 -2.410 8.330
8400 172.0 -2.086 8.643
8410 172.0 -1.810 8.644
8420 172.0 -1.895 8.568
8430 172.0 -2.148 8.500
8440 172.0 -2.220 8.668
8450 172.0 -2.350 8.687
8460 172.0 -2.572 8.894
8470 172.0 -2.676 9.047
8480 172.0 -2.605 9.156
8490 172.0 -3.147 9.249
8500 172.0 -3.124 9.198
8510 172.0 -3.869 9.255
8520 173.0 -3.050 8.050
8530 173.0 -3.050 8.050
8540 173.0 -3.050 8.050
8550 173.0 -2.600 8.070
8560 173.0 -2.510 7.780
8570 173.0 -2.380 7.730
8580 173.0 -1.910 7.790
8590 173.0 -1.540 7.720
8600 173.0 -1.587 7.237
8610 173.0 -0.965 6.916
8620 173.0 -0.630 6.852
8630 173.0 -0.876 6.872
8640 173.0 -1.341 6.909
8650 173.0 -0.699 6.710
8660 173.0 -0.647 6.803
8670 173.0 -1.038 6.503
8680 173.0 0.335 5.877
8690 173.0 0.766 5.843
8700 173.0 0.945 5.666
8710 173.0 1.472 5.469
8720 174.0 3.940 8.170
8730 174.0 4.330 8.230
8740 174.0 4.730 8.380
8750 174.0 5.040 8.460
8760 174.0 5.330 8.540
8770 174.0 5.870 8.600
8780 174.0 6.270 8.500
8790 174.0 6.700 8.400
8800 174.0 5.549 8.734
8810 174.0 6.019 8.382
8820 174.0 7.116 7.968
8830 174.0 7.230 7.997
8840 174.0 8.016 7.476
8850 174.0 8.985 6.664
8860 174.0 8.770 7.372
8870 174.0 8.627 6.599
8880 174.0 8.082 7.204
8890 174.0 8.773 6.876
8900 174.0 8.962 7.399
8910 174.0 11.023 6.158
8890 195.0 12.710 4.950
8900 195.0 11.820 4.590
8910 195.0 10.960 4.340
8920 195.0 9.860 4.250
8930 195.0 9.110 4.130
8940 195.0 8.160 3.990
8950 195.0 7.270 3.930
8960 195.0 6.390 3.810
8970 195.0 7.169 4.441
8980 195.0 7.488 4.563
8990 195.0 7.974 4.133
9000 195.0 7.100 4.379
9010 195.0 8.432 4.186
9020 195.0 5.652 4.003
9030 195.0 6.880 4.303
9040 195.0 6.506 4.844
9050 195.0 7.705 5.306
9060 195.0 7.854 5.005
9070 195.0 8.557 4.318
9080 195.0 8.919 4.244
8900 196.0 13.430 5.210
8910 196.0 12.660 5.110
8920 196.0 11.820 4.850
8930 196.0 10.980 4.750
8940 196.0 10.180 4.550
8950 196.0 9.410 4.410
8960 196.0 8.720 4.260
8970 196.0 7.990 4.030
8980 196.0 9.228 4.296
8990 196.0 9.327 4.688
9000 196.0 10.846 4.076
9010 196.0 9.696 3.987
9020 196.0 9.820 4.176
9030 196.0 8.402 3.840
9040 196.0 9.532 4.152
9050 196.0 9.802 3.921
9060 196.0 8.470 4.412
9070 196.0 9.912 5.360
9080 196.0 8.775 3.884
9090 196.0 9.129 4.505
8910 197.0 12.430 6.040
8920 197.0 11.500 6.030
8930 197.0 10.810 5.800
8940 197.0 10.280 5.520
8950 197.0 9.800 5.220
8960 197.0 8.970 4.980
8970 197.0 8.180 4.880
8980 197.0 7.240 4.800
8990 197.0 8.810 5.331
9000 197.0 8.202 5.370
9010 197.0 8.375 5.023
9020 197.0 8.376 5.635
9030 197.0 8.181 5.301
9040 197.0 7.895 5.896
9050 197.0 8.460 5.476
9060 197.0 9.512 6.456
9070 197.0 7.831 6.424
9080 197.0 7.478 6.021
9090 197.0 8.056 6.409
9100 197.0 9.326 5.628
8920 175.0 5.780 7.730
8930 175.0 5.400 7.690
8940 175.0 4.990 7.720
8950 175.0 4.590 7.710
8960 175.0 4.130 7.780
8970 175.0 3.730 7.920
8980 175.0 3.300 7.970
8990 175.0 2.870 8.040
9000 175.0 2.284 8.249
9010 175.0 2.153 8.294
9020 175.0 1.034 8.478
9030 175.0 0.709 8.574
9040 175.0 0.116 9.639
9050 175.0 0.516 8.900
9060 175.0 -0.075 9.829
9070 175.0 -0.034 9.585
9080 175.0 -0.463 9.641
9090 175.0 -1.929 10.256
9100 175.0 -0.128 10.517
9110 175.0 -1.849 10.157
9300 216.0 -4.260 8.110
9310 216.0 -3.980 8.010
9320 216.0 -3.840 7.960
9330 216.0 -3.310 8.210
9340 216.0 -2.900 8.260
9350 216.0 -2.790 8.410
9360 216.0 -2.510 8.430
9370 216.0 -2.230 8.460
9380 216.0 -2.342 8.834
9390 216.0 -2.180 8.410
9400 216.0 -1.533 8.241
9410 216.0 -2.304 8.779
9420 216.0 -2.059 8.474
9430 216.0 -2.440 8.209
9440 216.0 -2.245 8.580
9450 216.0 -1.860 8.163
9460 216.0 -1.685 8.075
9470 216.0 -1.062 7.970
9480 216.0 -0.854 7.811
9490 216.0 -0.230 7.698
9500 217.0 -2.250 8.280
9510 217.0 -2.780 8.500
9520 217.0 -2.810 8.440
9530 217.0 -2.980 8.140
9540 217.0 -2.980 8.140
9550 217.0 -3.270 8.070
9560 217.0 -3.270 8.070
9570 217.0 -3.270 8.070
9580 217.0 -3.684 8.313
9590 217.0 -3.909 8.085
9600 217.0 -4.042 8.265
9610 217.0 -4.017 8.529
9620 217.0 -4.211 8.225
9630 217.0 -3.753 7.911
9640 217.0 -3.764 7.789
9650 217.0 -3.812 7.840
9660 217.0 -4.814 7.703
9670 217.0 -4.330 7.986
9680 217.0 -4.588 7.816
9690 217.0 -4.390 7.928
9680 230.0 -3.110 5.320
9690 230.0 -2.090 5.210
9700 230.0 -1.280 5.330
9710 230.0 -0.440 5.260
9720 230.0 0.450 5.280
9730 230.0 1.340 5.340
9740 230.0 2.280 5.270
9750 230.0 3.180 5.200
9760 230.0 0.618 5.959
9770 230.0 0.991 5.639
9780 230.0 2.435 4.807
9790 230.0 1.706 4.657
9800 230.0 2.428 4.260
9810 230.0 2.132 4.742
9820 230.0 1.750 4.740
9830 230.0 1.564 4.589
9840 230.0 1.130 5.071
9850 230.0 2.288 4.215
9860 230.0 1.608 5.183
9870 230.0 2.590 4.509
9680 231.0 -3.380 4.310
9690 231.0 -2.480 4.250
9700 231.0 -1.510 4.280
9710 231.0 -0.430 4.340
9720 231.0 0.480 4.390
9730 231.0 1.360 4.490
9740 231.0 2.240 4.500
9750 231.0 3.050 4.410
9760 231.0 2.422 3.865
9770 231.0 1.166 4.393
9780 231.0 1.488 4.540
9790 231.0 0.992 4.060
9800 231.0 -0.026 3.904
9810 231.0 0.892 3.603
9820 231.0 1.234 3.523
9830 231.0 1.406 4.080
9840 231.0 1.576 3.521
9850 231.0 2.859 2.961
9860 231.0 1.274 3.951
9870 231.0 1.617 3.446
9700 218.0 -4.840 7.800
9710 218.0 -4.840 7.840
9720 218.0 -4.840 7.840
9730 218.0 -4.840 7.840
9740 218.0 -4.840 7.840
9750 218.0 -4.840 7.840
9760 218.0 -4.780 7.790
9770 218.0 -4.830 7.830
9780 218.0 -4.816 7.766
9790 218.0 -4.785 7.750
9800 218.0 -4.861 7.697
9810 218.0 -4.859 7.708
9820 218.0 -4.843 7.729
9830 218.0 -4.986 7.753
9840 218.0 -4.868 7.743
9850 218.0 -4.856 7.719
9860 218.0 -4.846 7.745
9870 218.0 -4.788 7.763
9880 218.0 -4.815 7.740
9890 218.0 -4.759 7.678
9920 238.0 -2.360 6.640
9930 238.0 -1.300 6.460
9940 238.0 -0.520 6.380
9950 238.0 0.430 6.410
9960 238.0 1.290 6.330
9970 238.0 2.260 6.480
9980 238.0 3.120 6.620
9990 238.0 4.010 6.580
10000 238.0 2.031 6.660
10010 238.0 2.239 6.688
10020 238.0 1.604 6.295
10030 238.0 2.344 6.395
10040 238.0 1.605 7.513
10050 238.0 1.958 7.557
10060 238.0 2.616 6.711
10070 238.0 2.866 6.385
10080 238.0 3.548 6.187
10090 238.0 4.661 5.437
10100 238.0 2.530 6.811
10110 238.0 1.417 7.972
9920 240.0 -1.570 5.570
9930 240.0 -0.740 5.530
9940 240.0 0.070 5.490
9950 240.0 1.010 5.490
9960 240.0 1.950 5.410
9970 240.0 2.870 5.330
9980 240.0 3.750 5.370
9990 240.0 4.620 5.470
10000 240.0 2.507 5.212
10010 240.0 2.785 5.628
10020 240.0 2.566 5.303
10030 240.0 2.670 5.847
10040 240.0 4.043 4.948
10050 240.0 2.498 5.225
10060 240.0 1.789 5.927
10070 240.0 2.585 5.562
10080 240.0 3.868 5.507
10090 240.0 3.907 5.371
10100 240.0 3.718 5.648
10110 240.0 5.400 4.458
10120 239.0 11.780 4.760
10130 239.0 12.070 4.780
10140 239.0 12.290 4.670
10150 239.0 12.340 4.690
10160 239.0 12.310 4.690
10170 239.0 12.310 4.670
10180 239.0 12.310 4.620
10190 239.0 12.310 4.620
10200 239.0 12.585 4.641
10210 239.0 13.138 4.283
10220 239.0 13.443 3.973
10230 239.0 13.504 3.809
10240 239.0 13.635 3.735
10250 239.0 14.103 3.588
10260 239.0 14.714 3.240
10270 239.0 15.013 3.282
10280 239.0 15.337 2.877
10290 239.0 17.081 2.036
10300 239.0 17.285 1.600
10310 239.0 17.096 1.317
10250 257.0 12.620 6.950
10260 257.0 11.680 7.090
10270 257.0 10.740 7.200
10280 257.0 9.720 7.100
10290 257.0 8.730 7.090
10300 257.0 7.740 6.970
10310 257.0 6.860 6.750
10320 257.0 6.040 6.450
10330 257.0 7.857 7.290
10340 257.0 8.338 7.210
10350 257.0 7.778 7.456
10360 257.0 7.088 7.664
10370 257.0 6.454 6.881
10380 257.0 8.015 6.968
10390 257.0 7.119 7.030
10400 257.0 7.660 7.062
10410 257.0 5.675 7.929
10420 257.0 7.413 7.715
10430 257.0 7.022 8.249
10440 257.0 6.800 8.196
10250 258.0 -1.720 7.410
10260 258.0 -0.770 7.300
10270 258.0 0.160 7.280
10280 258.0 1.050 7.190
10290 258.0 1.960 7.180
10300 258.0 2.910 7.260
10310 258.0 3.600 7.400
10320 258.0 4.430 7.610
10330 258.0 3.247 6.492
10340 258.0 1.562 7.405
10350 258.0 3.395 6.306
10360 258.0 3.612 6.451
10370 258.0 3.527 7.421
10380 258.0 3.390 6.767
10390 258.0 3.412 6.890
10400 258.0 1.689 7.061
10410 258.0 3.106 6.827
10420 258.0 4.659 6.438
10430 258.0 0.951 7.667
10440 258.0 2.933 7.310
10250 259.0 -2.220 6.660
10260 259.0 -1.220 6.450
10270 259.0 -0.170 6.320
10280 259.0 0.820 6.310
10290 259.0 1.740 6.310
10300 259.0 2.640 6.360
10310 259.0 3.460 6.610
10320 259.0 4.330 6.820
10330 259.0 2.106 6.631
10340 259.0 3.821 5.411
10350 259.0 2.930 5.724
10360 259.0 5.102 5.053
10370 259.0 4.062 5.760
10380 259.0 3.935 5.863
10390 259.0 3.657 5.819
10400 259.0 4.373 5.462
10410 259.0 4.136 5.078
10420 259.0 4.134 5.588
10430 259.0 3.922 5.094
10440 259.0 4.671 4.944
10260 260.0 12.230 6.630
10270 260.0 11.230 6.650
10280 260.0 10.060 6.750
10290 260.0 9.180 6.580
10300 260.0 8.130 6.480
10310 260.0 7.210 6.050
10320 260.0 6.240 5.750
10330 260.0 5.240 5.550
10340 260.0 8.613 7.036
10350 260.0 8.239 7.254
10360 260.0 7.111 7.455
10370 260.0 6.054 6.850
10380 260.0 7.052 6.757
10390 260.0 6.316 7.136
10400 260.0 7.467 6.772
10410 260.0 6.279 8.131
10420 260.0 6.350 7.077
10430 260.0 6.583 8.059
10440 260.0 7.356 6.784
10450 260.0 6.299 8.232
10280 261.0 12.700 7.000
10290 261.0 11.590 7.140
10300 261.0 10.830 7.500
10310 261.0 9.750 7.480
10320 261.0 8.720 7.310
10330 261.0 7.780 6.960
10340 261.0 6.790 6.600
10350 261.0 5.800 6.270
10360 261.0 8.530 6.940
10370 261.0 7.582 6.827
10380 261.0 7.730 7.617
10390 261.0 7.020 7.970
10400 261.0 6.574 7.847
10410 261.0 6.991 7.634
10420 261.0 7.428 7.078
10430 261.0 7.674 8.921
10440 261.0 6.546 8.959
10450 261.0 7.781 8.324
10460 261.0 6.111 8.933
10470 261.0 4.844 8.383
10300 263.0 -1.980 5.100
10310 263.0 -1.020 5.220
10320 263.0 -0.190 5.440
10330 263.0 0.700 5.760
10340 263.0 1.570 6.100
10350 263.0 2.590 6.400
10360 263.0 3.570 6.630
10370 263.0 4.400 6.800
10380 263.0 1.384 6.949
10390 263.0 2.195 6.170
10400 263.0 1.884 6.434
10410 263.0 2.623 6.732
10420 263.0 2.877 5.911
10430 263.0 2.827 5.441
10440 263.0 2.192 7.192
10450 263.0 1.776 6.333
10460 263.0 1.989 6.657
10470 263.0 1.950 6.387
10480 263.0 1.378 6.571
10490 263.0 1.709 6.561
10300 264.0 -2.160 5.980
10310 264.0 -1.260 5.980
10320 264.0 -0.390 6.180
10330 264.0 0.550 6.440
10340 264.0 1.420 6.730
10350 264.0 2.390 7.070
10360 264.0 3.330 7.350
10370 264.0 4.170 7.580
10380 264.0 2.313 6.553
10390 264.0 2.932 6.186
10400 264.0 3.230 5.731
10410 264.0 2.356 6.305
10420 264.0 1.807 5.807
10430 264.0 1.347 6.380
10440 264.0 1.568 6.346
10450 264.0 2.132 6.266
10460 264.0 1.685 6.345
10470 264.0 2.390 5.917
10480 264.0 2.162 6.020
10490 264.0 1.261 7.265
10300 265.0 -2.070 1.900
10310 265.0 -1.210 1.870
10320 265.0 -0.130 1.950
10330 265.0 0.940 2.130
10340 265.0 2.000 2.210
10350 265.0 3.000 2.250
10360 265.0 4.020 2.400
10370 265.0 4.970 2.580
10380 265.0 2.576 2.505
10390 265.0 2.782 1.776
10400 265.0 2.356 1.763
10410 265.0 2.651 1.445
10420 265.0 2.047 1.988
10430 265.0 2.850 1.578
10440 265.0 2.189 1.362
10450 265.0 2.906 1.457
10460 265.0 2.183 1.808
10470 265.0 3.742 0.696
10480 265.0 4.021 0.903
10490 265.0 3.552 1.362
10300 267.0 -2.000 3.250
10310 267.0 -1.080 3.390
10320 267.0 -0.200 3.410
10330 267.0 0.670 3.390
10340 267.0 1.680 3.380
10350 267.0 2.480 3.530
10360 267.0 3.430 3.690
10370 267.0 4.470 3.960
10380 267.0 2.504 3.387
10390 267.0 1.766 4.504
10400 267.0 1.723 3.619
10410 267.0 0.554 3.857
10420 267.0 1.143 4.089
10430 267.0 0.997 3.938
10440 267.0 0.819 4.164
10450 267.0 0.731 3.583
10460 267.0 0.574 4.555
10470 267.0 0.986 4.359
10480 267.0 1.706 3.667
10490 267.0 1.594 3.932
10300 268.0 -1.380 3.890
10310 268.0 -0.790 4.000
10320 268.0 0.370 4.030
10330 268.0 1.070 4.020
10340 268.0 1.940 3.850
10350 268.0 2.710 4.040
10360 268.0 3.560 4.440
10370 268.0 4.550 4.630
10380 268.0 3.293 4.137
10390 268.0 3.419 3.499
10400 268.0 2.736 4.070
10410 268.0 4.670 2.523
10420 268.0 4.024 3.404
10430 268.0 3.301 3.818
10440 268.0 3.101 4.429
10450 268.0 4.196 3.282
10460 268.0 4.465 3.600
10470 268.0 4.404 3.120
10480 268.0 4.203 3.364
10490 268.0 4.383 3.316
10690 303.0 12.900 6.160
10700 303.0 12.310 6.320
10710 303.0 11.610 6.670
10720 303.0 10.950 7.100
10730 303.0 10.280 7.370
10740 303.0 9.630 7.550
10750 303.0 8.910 7.660
10760 303.0 8.160 7.780
10770 303.0 8.549 7.966
10780 303.0 8.330 8.335
10790 303.0 7.523 8.482
10800 303.0 7.290 9.013
10810 303.0 6.349 9.472
10820 303.0 6.822 9.537
10830 303.0 7.789 9.028
10840 303.0 3.346 10.859
10850 303.0 5.566 10.216
10860 303.0 6.306 9.501
10870 303.0 5.981 9.914
10880 303.0 4.221 11.116
10850 316.0 -1.870 6.400
10860 316.0 -1.330 6.370
10870 316.0 -0.740 6.320
10880 316.0 -0.140 6.180
10890 316.0 0.480 6.050
10900 316.0 1.150 5.980
10910 316.0 1.810 5.910
10920 316.0 2.480 5.940
10930 316.0 1.109 5.924
10940 316.0 2.506 5.278
10950 316.0 1.638 5.334
10960 316.0 1.504 5.489
10970 316.0 1.456 5.422
10980 316.0 2.621 5.231
10990 316.0 2.480 5.000
11000 316.0 2.133 4.865
11010 316.0 4.319 3.836
11020 316.0 4.201 4.428
11030 316.0 4.916 3.559
11040 316.0 4.725 4.142
11210 320.0 12.000 4.350
11220 320.0 11.300 4.090
11230 320.0 10.610 3.980
11240 320.0 10.000 3.720
11250 320.0 9.230 3.660
11260 320.0 8.560 3.470
11270 320.0 7.980 3.270
11280 320.0 7.520 3.120
11290 320.0 8.687 3.711
11300 320.0 8.295 3.966
11310 320.0 7.674 4.232
11320 320.0 7.043 4.602
11330 320.0 7.198 4.518
11340 320.0 7.694 4.352
11350 320.0 7.126 3.840
11360 320.0 6.566 4.805
11370 320.0 6.294 5.069
11380 320.0 6.275 5.687
11390 320.0 5.892 5.351
11400 320.0 5.937 5.784
11280 329.0 -2.760 -0.130
11290 329.0 -2.040 0.530
11300 329.0 -1.180 1.020
11310 329.0 -0.360 1.480
11320 329.0 0.340 1.920
11330 329.0 0.840 2.350
11340 329.0 1.590 2.640
11350 329.0 2.390 2.910
11360 329.0 0.223 1.842
11370 329.0 -0.815 1.530
11380 329.0 -0.486 1.561
11390 329.0 -0.386 1.218
11400 329.0 -0.077 2.009
11410 329.0 -0.481 1.737
11420 329.0 -0.484 1.908
11430 329.0 -0.490 2.112
11440 329.0 -0.321 1.763
11450 329.0 -0.692 2.128
11460 329.0 -0.466 3.294
11470 329.0 -0.889 1.977
11280 327.0 -2.800 1.840
11290 327.0 -1.780 2.390
11300 327.0 -1.070 2.780
11310 327.0 -0.260 2.950
11320 327.0 0.540 3.130
11330 327.0 1.320 3.320
11340 327.0 2.040 3.540
11350 327.0 2.790 3.760
11360 327.0 0.479 3.710
11370 327.0 -0.100 3.429
11380 327.0 0.496 3.431
11390 327.0 0.956 3.239
11400 327.0 0.260 2.530
11410 327.0 -0.077 2.960
11420 327.0 1.323 2.372
11430 327.0 -0.045 2.871
11440 327.0 0.762 2.334
11450 327.0 -0.170 2.475
11460 327.0 0.180 2.454
11470 327.0 0.679 1.661
11280 328.0 -3.580 0.190
11290 328.0 -2.850 0.850
11300 328.0 -1.780 1.470
11310 328.0 -0.960 1.920
11320 328.0 -0.300 2.330
11330 328.0 0.250 2.670
11340 328.0 1.010 3.010
11350 328.0 1.810 3.280
11360 328.0 -0.451 2.459
11370 328.0 -1.270 1.799
11380 328.0 -1.527 2.763
11390 328.0 -0.888 3.426
11400 328.0 -1.201 2.948
11410 328.0 -1.961 2.154
11420 328.0 -1.927 2.438
11430 328.0 -1.754 1.964
11440 328.0 -1.696 2.048
11450 328.0 -1.281 2.755
11460 328.0 -1.073 2.361
11470 328.0 -1.225 1.926
11310 331.0 -4.430 4.560
11320 331.0 -3.490 4.940
11330 331.0 -2.700 5.350
11340 331.0 -1.670 5.660
11350 331.0 -0.580 5.900
11360 331.0 0.400 6.200
11370 331.0 1.430 6.460
11380 331.0 2.430 6.600
11390 331.0 -0.509 4.624
11400 331.0 -0.619 5.266
11410 331.0 -1.083 5.324
11420 331.0 -0.063 4.565
11430 331.0 -0.417 5.001
11440 331.0 0.313 4.249
11450 331.0 1.830 3.901
11460 331.0 1.375 4.176
11470 331.0 0.844 4.052
11480 331.0 -1.873 5.736
11490 331.0 1.327 4.156
11500 331.0 0.659 4.463
11840 342.0 10.640 4.900
11850 342.0 9.730 4.760
11860 342.0 8.750 4.600
11870 342.0 7.840 4.560
11880 342.0 6.880 4.500
11890 342.0 5.990 4.480
11900 342.0 5.080 4.470
11910 342.0 4.170 4.430
11920 342.0 5.341 4.584
11930 342.0 5.699 4.389
11940 342.0 6.329 4.646
11950 342.0 6.027 4.523
11960 342.0 6.437 4.438
11970 342.0 5.143 4.357
11980 342.0 4.932 5.264
11990 342.0 5.326 5.200
12000 342.0 4.655 5.338
12010 342.0 6.298 5.347
12020 342.0 3.698 5.843
12030 342.0 7.101 5.421
11880 348.0 13.410 5.460
11890 348.0 12.400 5.010
11900 348.0 11.320 4.730
11910 348.0 10.240 4.560
11920 348.0 9.140 4.440
11930 348.0 8.100 4.530
11940 348.0 6.970 4.600
11950 348.0 5.710 4.730
11960 348.0 9.373 5.247
11970 348.0 9.773 4.803
11980 348.0 8.625 5.598
11990 348.0 9.999 5.009
12000 348.0 9.506 5.664
12010 348.0 7.031 5.721
12020 348.0 7.562 5.772
12030 348.0 8.303 5.383
12040 348.0 7.360 5.498
12050 348.0 8.936 5.915
12060 348.0 6.146 7.286
12070 348.0 7.239 6.961
11930 350.0 -4.990 5.190
11940 350.0 -3.910 5.180
11950 350.0 -3.050 5.230
11960 350.0 -2.120 5.270
11970 350.0 -0.940 5.310
11980 350.0 -0.260 5.570
11990 350.0 0.830 5.710
12000 350.0 1.830 5.830
12010 350.0 -1.157 4.633
12020 350.0 -0.672 5.393
12030 350.0 -0.131 5.261
12040 350.0 0.666 4.139
12050 350.0 0.700 4.489
12060 350.0 1.200 4.373
12070 350.0 2.194 4.111
12080 350.0 2.189 4.183
12090 350.0 0.377 4.821
12100 350.0 0.832 4.302
12110 350.0 1.000 4.536
12120 350.0 1.530 4.449
11940 353.0 -4.790 -0.260
11950 353.0 -4.040 0.440
11960 353.0 -3.120 1.030
11970 353.0 -2.130 1.650
11980 353.0 -1.070 2.050
11990 353.0 -0.100 2.480
12000 353.0 0.910 2.960
12010 353.0 1.950 3.380
12020 353.0 -0.902 1.728
12030 353.0 -1.496 1.341
12040 353.0 -0.677 0.834
12050 353.0 -1.653 1.291
12060 353.0 -0.209 -0.139
12070 353.0 -1.167 0.542
12080 353.0 -1.254 0.734
12090 353.0 -1.323 0.114
12100 353.0 -1.502 0.597
12110 353.0 -1.410 0.995
12120 353.0 -1.132 -0.163
12130 353.0 -1.384 0.592
11970 355.0 -2.400 10.550
11980 355.0 -1.660 9.900
11990 355.0 -0.840 9.560
12000 355.0 -0.190 8.920
12010 355.0 0.510 8.540
12020 355.0 1.380 8.290
12030 355.0 2.200 8.090
12040 355.0 3.050 7.920
12050 355.0 1.839 8.025
12060 355.0 2.719 7.749
12070 355.0 3.986 6.704
12080 355.0 2.109 8.169
12090 355.0 1.805 7.427
12100 355.0 2.066 7.573
12110 355.0 2.468 8.795
12120 355.0 2.891 7.781
12130 355.0 4.633 6.769
12140 355.0 4.827 6.326
12150 355.0 4.466 5.620
12160 355.0 3.560 6.730
12020 358.0 -6.550 7.200
12030 358.0 -6.050 7.260
12040 358.0 -5.490 7.270
12050 358.0 -4.990 7.410
12060 358.0 -4.500 7.460
12070 358.0 -4.070 7.510
12080 358.0 -3.780 7.530
12090 358.0 -3.230 7.550
12100 358.0 -3.341 7.252
12110 358.0 -3.871 7.578
12120 358.0 -2.906 7.165
12130 358.0 -3.105 7.203
12140 358.0 -2.870 7.151
12150 358.0 -3.198 7.267
12160 358.0 -4.067 8.146
12170 358.0 -4.062 8.315
12180 358.0 -2.613 7.081
12190 358.0 -1.607 7.431
12200 358.0 -1.842 7.985
12210 358.0 -1.785 7.639
12020 357.0 -6.400 6.260
12030 357.0 -5.940 6.350
12040 357.0 -5.340 6.430
12050 357.0 -4.840 6.530
12060 357.0 -4.350 6.610
12070 357.0 -3.810 6.690
12080 357.0 -3.370 6.740
12090 357.0 -3.060 6.740
12100 357.0 -3.603 6.378
12110 357.0 -2.914 6.631
12120 357.0 -2.451 6.017
12130 357.0 -3.070 6.398
12140 357.0 -2.566 6.212
12150 357.0 -2.881 5.845
12160 357.0 -2.799 5.623
12170 357.0 -1.491 5.673
12180 357.0 -1.535 5.250
12190 357.0 -1.530 5.389
12200 357.0 -0.468 5.334
12210 357.0 -1.629 5.773
12020 359.0 -4.900 12.670
12030 359.0 -4.120 12.140
12040 359.0 -3.370 11.660
12050 359.0 -2.770 11.060
12060 359.0 -1.920 10.430
12070 359.0 -0.950 9.910
12080 359.0 -0.160 9.390
12090 359.0 0.740 8.910
12100 359.0 0.840 8.775
12110 359.0 -0.096 9.369
12120 359.0 1.445 8.983
12130 359.0 2.381 8.073
12140 359.0 3.873 6.758
12150 359.0 0.321 8.724
12160 359.0 1.758 7.678
12170 359.0 4.374 6.005
12180 359.0 4.442 6.577
12190 359.0 -2.091 10.999
12200 359.0 -1.736 11.069
12210 359.0 3.152 8.272
