36 1.0 -1.534 3.932
37 1.0 -1.519 3.819
38 1.0 -1.506 3.710
39 1.0 -1.498 3.612
40 1.0 -1.496 3.511
41 1.0 -1.500 3.405
42 1.0 -1.504 3.291
43 1.0 -1.508 3.172
44 1.0 -1.503 3.266
45 1.0 -1.510 3.224
46 1.0 -1.526 3.106
47 1.0 -1.501 3.136
48 1.0 -1.390 3.064
49 1.0 -1.433 2.922
50 1.0 -1.423 2.881
51 1.0 -1.346 2.667
52 1.0 -1.452 2.653
53 1.0 -1.457 2.561
54 1.0 -1.538 2.345
55 1.0 -1.488 2.318
147 2.0 -1.766 3.989
148 2.0 -1.762 3.880
149 2.0 -1.759 3.765
150 2.0 -1.754 3.649
151 2.0 -1.747 3.540
152 2.0 -1.744 3.437
153 2.0 -1.748 3.336
154 2.0 -1.754 3.235
155 2.0 -1.789 3.213
156 2.0 -1.783 3.226
157 2.0 -1.827 3.152
158 2.0 -1.732 3.025
159 2.0 -1.742 3.059
160 2.0 -1.744 3.065
161 2.0 -1.755 3.117
162 2.0 -1.706 2.928
163 2.0 -1.724 2.824
164 2.0 -1.844 2.717
165 2.0 -1.768 2.623
166 2.0 -1.784 2.640
270 3.0 -1.272 4.146
271 3.0 -1.266 4.035
272 3.0 -1.260 3.933
273 3.0 -1.255 3.837
274 3.0 -1.252 3.737
275 3.0 -1.258 3.634
276 3.0 -1.269 3.528
277 3.0 -1.280 3.418
278 3.0 -1.302 3.454
279 3.0 -1.253 3.397
280 3.0 -1.292 3.421
281 3.0 -1.260 3.322
282 3.0 -1.197 3.242
283 3.0 -1.247 3.185
284 3.0 -1.250 3.121
285 3.0 -1.253 3.003
286 3.0 -1.316 2.967
287 3.0 -1.242 2.963
288 3.0 -1.233 2.872
289 3.0 -1.208 2.812
392 4.0 -1.574 3.892
393 4.0 -1.581 3.779
394 4.0 -1.589 3.656
395 4.0 -1.597 3.528
396 4.0 -1.606 3.407
397 4.0 -1.611 3.293
398 4.0 -1.612 3.188
399 4.0 -1.610 3.087
400 4.0 -1.589 3.108
401 4.0 -1.548 3.151
402 4.0 -1.575 3.142
403 4.0 -1.539 3.068
404 4.0 -1.518 3.012
405 4.0 -1.496 2.805
406 4.0 -1.409 2.847
407 4.0 -1.440 2.826
408 4.0 -1.404 2.623
409 4.0 -1.596 2.572
410 4.0 -1.416 2.552
411 4.0 -1.479 2.471
492 5.0 -1.735 4.106
493 5.0 -1.727 3.978
494 5.0 -1.720 3.843
495 5.0 -1.715 3.709
496 5.0 -1.712 3.581
497 5.0 -1.709 3.461
498 5.0 -1.704 3.342
499 5.0 -1.695 3.223
500 5.0 -1.631 3.187
501 5.0 -1.650 3.149
502 5.0 -1.699 3.184
503 5.0 -1.700 2.986
504 5.0 -1.675 2.927
505 5.0 -1.710 2.829
506 5.0 -1.756 2.829
507 5.0 -1.737 2.673
508 5.0 -1.678 2.631
509 5.0 -1.721 2.707
510 5.0 -1.735 2.641
511 5.0 -1.684 2.470
645 6.0 -1.303 3.975
646 6.0 -1.296 3.882
647 6.0 -1.290 3.782
648 6.0 -1.286 3.680
649 6.0 -1.281 3.582
650 6.0 -1.277 3.493
651 6.0 -1.266 3.415
652 6.0 -1.248 3.347
653 6.0 -1.267 3.325
654 6.0 -1.208 3.240
655 6.0 -1.253 3.270
656 6.0 -1.203 3.156
657 6.0 -1.286 3.112
658 6.0 -1.208 3.014
659 6.0 -1.204 2.946
660 6.0 -1.260 2.909
661 6.0 -1.209 2.787
662 6.0 -1.203 2.629
663 6.0 -1.274 2.513
664 6.0 -1.224 2.378
749 7.0 -1.687 4.093
750 7.0 -1.682 3.970
751 7.0 -1.678 3.851
752 7.0 -1.676 3.735
753 7.0 -1.676 3.615
754 7.0 -1.675 3.490
755 7.0 -1.671 3.365
756 7.0 -1.665 3.242
757 7.0 -1.665 3.361
758 7.0 -1.644 3.150
759 7.0 -1.589 3.111
760 7.0 -1.663 3.054
761 7.0 -1.654 3.007
762 7.0 -1.604 2.940
763 7.0 -1.634 2.905
764 7.0 -1.590 2.894
765 7.0 -1.624 2.785
766 7.0 -1.600 2.671
767 7.0 -1.660 2.533
768 7.0 -1.658 2.475
863 8.0 -1.831 3.959
864 8.0 -1.845 3.858
865 8.0 -1.856 3.768
866 8.0 -1.859 3.679
867 8.0 -1.853 3.587
868 8.0 -1.843 3.486
869 8.0 -1.831 3.372
870 8.0 -1.815 3.255
871 8.0 -1.840 3.352
872 8.0 -1.828 3.276
873 8.0 -1.763 3.188
874 8.0 -1.804 3.156
875 8.0 -1.738 3.137
876 8.0 -1.742 3.054
877 8.0 -1.669 2.958
878 8.0 -1.667 2.820
879 8.0 -1.677 2.850
880 8.0 -1.699 2.809
881 8.0 -1.720 2.606
882 8.0 -1.861 2.637
983 9.0 -1.812 3.957
984 9.0 -1.797 3.853
985 9.0 -1.783 3.758
986 9.0 -1.775 3.667
987 9.0 -1.771 3.571
988 9.0 -1.770 3.466
989 9.0 -1.773 3.354
990 9.0 -1.781 3.238
991 9.0 -1.772 3.385
992 9.0 -1.888 3.379
993 9.0 -1.833 3.244
994 9.0 -1.836 3.201
995 9.0 -1.804 3.058
996 9.0 -1.781 3.079
997 9.0 -1.808 3.007
998 9.0 -1.751 2.996
999 9.0 -1.763 2.883
1000 9.0 -1.743 2.791
1001 9.0 -1.704 2.630
1002 9.0 -1.666 2.648
1097 10.0 -1.682 4.071
1098 10.0 -1.685 3.959
1099 10.0 -1.689 3.845
1100 10.0 -1.693 3.734
1101 10.0 -1.696 3.625
1102 10.0 -1.693 3.522
1103 10.0 -1.683 3.426
1104 10.0 -1.666 3.327
1105 10.0 -1.669 3.383
1106 10.0 -1.716 3.257
1107 10.0 -1.599 3.210
1108 10.0 -1.553 3.215
1109 10.0 -1.626 3.144
1110 10.0 -1.581 3.111
1111 10.0 -1.619 3.051
1112 10.0 -1.591 2.870
1113 10.0 -1.637 2.735
1114 10.0 -1.584 2.695
1115 10.0 -1.458 2.620
1116 10.0 -1.579 2.564
1202 11.0 -1.626 3.935
1203 11.0 -1.624 3.829
1204 11.0 -1.626 3.712
1205 11.0 -1.631 3.592
1206 11.0 -1.639 3.477
1207 11.0 -1.644 3.365
1208 11.0 -1.641 3.263
1209 11.0 -1.635 3.165
1210 11.0 -1.673 3.120
1211 11.0 -1.629 3.132
1212 11.0 -1.600 3.071
1213 11.0 -1.544 3.075
1214 11.0 -1.575 3.016
1215 11.0 -1.593 3.003
1216 11.0 -1.609 2.901
1217 11.0 -1.604 2.816
1218 11.0 -1.656 2.648
1219 11.0 -1.520 2.582
1220 11.0 -1.611 2.607
1221 11.0 -1.525 2.453
1325 12.0 -1.612 4.023
1326 12.0 -1.609 3.930
1327 12.0 -1.611 3.833
1328 12.0 -1.613 3.736
1329 12.0 -1.616 3.635
1330 12.0 -1.618 3.535
1331 12.0 -1.625 3.439
1332 12.0 -1.644 3.346
1333 12.0 -1.604 3.329
1334 12.0 -1.620 3.377
1335 12.0 -1.625 3.291
1336 12.0 -1.563 3.294
1337 12.0 -1.608 3.270
1338 12.0 -1.565 3.138
1339 12.0 -1.602 3.016
1340 12.0 -1.597 3.023
1341 12.0 -1.667 2.954
1342 12.0 -1.679 2.779
1343 12.0 -1.633 2.745
1344 12.0 -1.570 2.658
1459 13.0 -1.663 3.973
1460 13.0 -1.637 3.876
1461 13.0 -1.621 3.787
1462 13.0 -1.609 3.706
1463 13.0 -1.597 3.629
1464 13.0 -1.590 3.536
1465 13.0 -1.589 3.433
1466 13.0 -1.593 3.327
1467 13.0 -1.614 3.483
1468 13.0 -1.631 3.454
1469 13.0 -1.653 3.363
1470 13.0 -1.555 3.296
1471 13.0 -1.525 3.207
1472 13.0 -1.557 3.238
1473 13.0 -1.487 3.153
1474 13.0 -1.533 3.099
1475 13.0 -1.547 3.030
1476 13.0 -1.513 3.015
1477 13.0 -1.557 2.911
1478 13.0 -1.512 2.882
1577 14.0 -1.321 4.050
1578 14.0 -1.297 3.933
1579 14.0 -1.265 3.812
1580 14.0 -1.228 3.697
1581 14.0 -1.195 3.583
1582 14.0 -1.176 3.485
1583 14.0 -1.164 3.386
1584 14.0 -1.154 3.276
1585 14.0 -1.205 3.247
1586 14.0 -1.166 3.116
1587 14.0 -1.161 3.180
1588 14.0 -1.199 3.110
1589 14.0 -1.198 3.000
1590 14.0 -1.107 3.016
1591 14.0 -1.193 2.947
1592 14.0 -1.161 2.805
1593 14.0 -1.057 2.797
1594 14.0 -1.152 2.611
1595 14.0 -1.086 2.538
1596 14.0 -1.140 2.407
1688 15.0 -1.292 3.971
1689 15.0 -1.265 3.884
1690 15.0 -1.236 3.804
1691 15.0 -1.204 3.718
1692 15.0 -1.179 3.638
1693 15.0 -1.164 3.549
1694 15.0 -1.160 3.464
1695 15.0 -1.160 3.374
1696 15.0 -1.242 3.347
1697 15.0 -1.282 3.322
1698 15.0 -1.191 3.288
1699 15.0 -1.228 3.141
1700 15.0 -1.246 3.191
1701 15.0 -1.231 3.096
1702 15.0 -1.180 2.967
1703 15.0 -1.195 2.893
1704 15.0 -1.161 2.753
1705 15.0 -1.062 2.769
1706 15.0 -1.141 2.655
1707 15.0 -1.241 2.458
1806 16.0 -1.349 3.932
1807 16.0 -1.328 3.824
1808 16.0 -1.304 3.711
1809 16.0 -1.276 3.605
1810 16.0 -1.249 3.508
1811 16.0 -1.228 3.418
1812 16.0 -1.220 3.333
1813 16.0 -1.224 3.242
1814 16.0 -1.234 3.274
1815 16.0 -1.173 3.275
1816 16.0 -1.229 3.147
1817 16.0 -1.223 3.107
1818 16.0 -1.291 3.040
1819 16.0 -1.273 3.030
1820 16.0 -1.271 3.052
1821 16.0 -1.173 2.908
1822 16.0 -1.149 2.779
1823 16.0 -1.137 2.754
1824 16.0 -1.181 2.606
1825 16.0 -1.143 2.707
1926 17.0 -1.635 3.974
1927 17.0 -1.622 3.878
1928 17.0 -1.608 3.779
1929 17.0 -1.595 3.682
1930 17.0 -1.582 3.590
1931 17.0 -1.575 3.506
1932 17.0 -1.577 3.423
1933 17.0 -1.582 3.335
1934 17.0 -1.615 3.413
1935 17.0 -1.543 3.327
1936 17.0 -1.556 3.306
1937 17.0 -1.482 3.137
1938 17.0 -1.518 3.189
1939 17.0 -1.524 3.023
1940 17.0 -1.449 2.979
1941 17.0 -1.417 2.957
1942 17.0 -1.408 2.939
1943 17.0 -1.433 2.873
1944 17.0 -1.337 2.768
1945 17.0 -1.196 2.753
2048 18.0 -1.493 3.836
2049 18.0 -1.473 3.739
2050 18.0 -1.452 3.630
2051 18.0 -1.433 3.512
2052 18.0 -1.413 3.390
2053 18.0 -1.391 3.269
2054 18.0 -1.368 3.153
2055 18.0 -1.346 3.042
2056 18.0 -1.385 3.121
2057 18.0 -1.451 3.153
2058 18.0 -1.320 3.095
2059 18.0 -1.350 3.079
2060 18.0 -1.301 2.977
2061 18.0 -1.354 2.971
2062 18.0 -1.274 2.929
2063 18.0 -1.278 2.817
2064 18.0 -1.320 2.833
2065 18.0 -1.263 2.689
2066 18.0 -1.363 2.637
2067 18.0 -1.272 2.541
2157 19.0 -1.670 4.058
2158 19.0 -1.653 3.942
2159 19.0 -1.642 3.829
2160 19.0 -1.635 3.717
2161 19.0 -1.630 3.598
2162 19.0 -1.626 3.468
2163 19.0 -1.623 3.328
2164 19.0 -1.620 3.185
2165 19.0 -1.649 3.244
2166 19.0 -1.664 3.194
2167 19.0 -1.621 3.076
2168 19.0 -1.543 2.949
2169 19.0 -1.557 2.849
2170 19.0 -1.604 2.730
2171 19.0 -1.573 2.622
2172 19.0 -1.531 2.587
2173 19.0 -1.522 2.399
2174 19.0 -1.580 2.395
2175 19.0 -1.427 2.317
2176 19.0 -1.455 2.295
2286 20.0 -1.590 4.052
2287 20.0 -1.606 3.962
2288 20.0 -1.617 3.880
2289 20.0 -1.616 3.803
2290 20.0 -1.606 3.725
2291 20.0 -1.591 3.638
2292 20.0 -1.572 3.542
2293 20.0 -1.549 3.442
2294 20.0 -1.575 3.487
2295 20.0 -1.459 3.411
2296 20.0 -1.463 3.318
2297 20.0 -1.501 3.226
2298 20.0 -1.497 3.205
2299 20.0 -1.538 3.119
2300 20.0 -1.576 3.003
2301 20.0 -1.473 3.061
2302 20.0 -1.470 2.814
2303 20.0 -1.486 2.803
2304 20.0 -1.439 2.709
2305 20.0 -1.503 2.718
2415 21.0 -1.425 4.113
2416 21.0 -1.414 4.008
2417 21.0 -1.406 3.905
2418 21.0 -1.399 3.804
2419 21.0 -1.392 3.704
2420 21.0 -1.381 3.608
2421 21.0 -1.368 3.513
2422 21.0 -1.349 3.414
2423 21.0 -1.390 3.570
2424 21.0 -1.382 3.578
2425 21.0 -1.371 3.493
2426 21.0 -1.368 3.388
2427 21.0 -1.380 3.318
2428 21.0 -1.338 3.346
2429 21.0 -1.339 3.258
2430 21.0 -1.324 3.302
2431 21.0 -1.271 3.208
2432 21.0 -1.245 3.059
2433 21.0 -1.330 3.060
2434 21.0 -1.273 2.890
2543 22.0 -1.694 4.000
2544 22.0 -1.683 3.915
2545 22.0 -1.670 3.819
2546 22.0 -1.655 3.712
2547 22.0 -1.637 3.598
2548 22.0 -1.615 3.493
2549 22.0 -1.591 3.396
2550 22.0 -1.575 3.300
2551 22.0 -1.641 3.360
2552 22.0 -1.645 3.305
2553 22.0 -1.591 3.278
2554 22.0 -1.644 3.272
2555 22.0 -1.681 3.205
2556 22.0 -1.597 3.177
2557 22.0 -1.620 3.081
2558 22.0 -1.550 3.078
2559 22.0 -1.531 2.987
2560 22.0 -1.534 2.981
2561 22.0 -1.476 2.843
2562 22.0 -1.497 2.769
2659 23.0 -1.673 4.020
2660 23.0 -1.684 3.918
2661 23.0 -1.694 3.807
2662 23.0 -1.703 3.687
2663 23.0 -1.714 3.563
2664 23.0 -1.726 3.443
2665 23.0 -1.732 3.332
2666 23.0 -1.729 3.229
2667 23.0 -1.669 3.317
2668 23.0 -1.652 3.275
2669 23.0 -1.683 3.238
2670 23.0 -1.643 3.199
2671 23.0 -1.590 3.082
2672 23.0 -1.570 3.080
2673 23.0 -1.476 2.899
2674 23.0 -1.443 2.841
2675 23.0 -1.524 2.823
2676 23.0 -1.551 2.786
2677 23.0 -1.517 2.669
2678 23.0 -1.388 2.550
2786 24.0 -1.556 3.960
2787 24.0 -1.567 3.875
2788 24.0 -1.579 3.780
2789 24.0 -1.591 3.681
2790 24.0 -1.602 3.578
2791 24.0 -1.613 3.480
2792 24.0 -1.623 3.387
2793 24.0 -1.627 3.297
2794 24.0 -1.567 3.240
2795 24.0 -1.576 3.229
2796 24.0 -1.534 3.304
2797 24.0 -1.573 3.150
2798 24.0 -1.609 3.067
2799 24.0 -1.600 2.961
2800 24.0 -1.639 2.925
2801 24.0 -1.574 2.782
2802 24.0 -1.535 2.751
2803 24.0 -1.535 2.806
2804 24.0 -1.583 2.579
2805 24.0 -1.465 2.528
2915 25.0 -1.558 4.051
2916 25.0 -1.559 3.947
2917 25.0 -1.562 3.840
2918 25.0 -1.559 3.726
2919 25.0 -1.553 3.609
2920 25.0 -1.547 3.499
2921 25.0 -1.543 3.398
2922 25.0 -1.540 3.301
2923 25.0 -1.477 3.370
2924 25.0 -1.478 3.297
2925 25.0 -1.559 3.228
2926 25.0 -1.498 3.223
2927 25.0 -1.553 3.152
2928 25.0 -1.564 3.051
2929 25.0 -1.502 2.979
2930 25.0 -1.521 3.108
2931 25.0 -1.503 2.863
2932 25.0 -1.472 2.825
2933 25.0 -1.546 2.684
2934 25.0 -1.536 2.588
3037 26.0 -1.534 3.997
3038 26.0 -1.522 3.878
3039 26.0 -1.504 3.758
3040 26.0 -1.484 3.646
3041 26.0 -1.468 3.540
3042 26.0 -1.465 3.442
3043 26.0 -1.463 3.348
3044 26.0 -1.458 3.247
3045 26.0 -1.508 3.305
3046 26.0 -1.492 3.297
3047 26.0 -1.497 3.226
3048 26.0 -1.530 3.290
3049 26.0 -1.468 3.203
3050 26.0 -1.550 2.992
3051 26.0 -1.546 3.024
3052 26.0 -1.591 3.059
3053 26.0 -1.603 2.929
3054 26.0 -1.584 2.852
3055 26.0 -1.584 2.741
3056 26.0 -1.536 2.657
