800 2.0 13.640 5.800
810 2.0 12.090 5.750
820 2.0 11.370 5.800
830 2.0 10.310 5.970
840 2.0 9.570 6.240
850 2.0 8.730 6.340
860 2.0 7.940 6.500
870 2.0 7.170 6.620
880 2.0 8.997 6.557
890 2.0 6.312 7.465
900 2.0 6.429 7.059
910 2.0 8.642 6.299
920 2.0 5.266 6.968
930 2.0 7.665 6.861
940 2.0 8.116 6.619
950 2.0 7.332 6.395
960 2.0 8.692 5.218
970 2.0 8.353 5.312
980 2.0 7.054 6.005
990 2.0 7.216 5.573
830 3.0 12.490 6.600
840 3.0 11.940 6.770
850 3.0 11.030 6.840
860 3.0 10.210 6.810
870 3.0 9.360 6.850
880 3.0 8.590 6.850
890 3.0 7.780 6.840
900 3.0 6.960 6.840
910 3.0 6.827 7.193
920 3.0 7.676 6.895
930 3.0 8.314 7.182
940 3.0 7.785 6.935
950 3.0 7.141 7.128
960 3.0 6.889 7.720
970 3.0 6.966 7.152
980 3.0 6.049 7.236
990 3.0 6.224 7.948
1000 3.0 6.011 7.862
1010 3.0 5.886 7.294
1020 3.0 6.875 6.455
1050 11.0 12.510 6.190
1060 11.0 11.540 6.030
1070 11.0 10.960 5.970
1080 11.0 10.290 6.120
1090 11.0 9.880 6.210
1100 11.0 9.540 6.090
1110 11.0 8.870 5.990
1120 11.0 8.040 5.660
1130 11.0 8.210 6.748
1140 11.0 8.243 6.480
1150 11.0 8.556 6.820
1160 11.0 8.095 7.111
1170 11.0 7.317 7.373
1180 11.0 6.710 7.062
1190 11.0 5.012 7.670
1200 11.0 7.625 7.105
1210 11.0 3.372 9.101
1220 11.0 7.864 7.825
1230 11.0 6.530 7.915
1240 11.0 7.683 7.767
1050 12.0 12.090 6.950
1060 12.0 11.400 6.930
1070 12.0 10.700 6.870
1080 12.0 10.070 6.730
1090 12.0 9.450 6.510
1100 12.0 8.900 6.330
1110 12.0 8.210 6.230
1120 12.0 7.490 6.060
1130 12.0 8.827 5.739
1140 12.0 9.055 5.342
1150 12.0 8.049 5.766
1160 12.0 8.011 5.950
1170 12.0 6.975 6.408
1180 12.0 8.644 5.736
1190 12.0 9.282 5.696
1200 12.0 8.036 6.044
1210 12.0 6.555 6.210
1220 12.0 6.066 6.500
1230 12.0 8.333 5.137
1240 12.0 7.727 5.863
2860 51.0 7.050 8.440
2870 51.0 7.050 8.440
2880 51.0 7.050 8.440
2890 51.0 7.050 8.440
2900 51.0 7.050 8.440
2910 51.0 7.050 8.440
2920 51.0 7.050 8.440
2930 51.0 7.050 8.440
2940 51.0 6.984 8.427
2950 51.0 6.965 8.462
2960 51.0 7.032 8.434
2970 51.0 6.999 8.501
2980 51.0 7.016 8.541
2990 51.0 7.056 8.560
3000 51.0 7.139 8.477
3010 51.0 7.094 8.497
3020 51.0 7.029 8.460
3030 51.0 7.141 8.494
3040 51.0 7.157 8.409
3050 51.0 7.201 8.379
2860 52.0 8.090 8.840
2870 52.0 8.090 8.840
2880 52.0 8.090 8.840
2890 52.0 8.090 8.840
2900 52.0 8.090 8.840
2910 52.0 8.090 8.840
2920 52.0 8.090 8.840
2930 52.0 8.090 8.840
2940 52.0 8.133 8.789
2950 52.0 8.122 8.945
2960 52.0 8.114 8.936
2970 52.0 8.077 8.920
2980 52.0 8.100 8.897
2990 52.0 8.168 8.835
3000 52.0 8.140 8.823
3010 52.0 8.104 8.748
3020 52.0 8.062 8.799
3030 52.0 8.128 8.731
3040 52.0 8.120 8.814
3050 52.0 8.140 8.826
2860 56.0 12.320 3.350
2870 56.0 12.420 3.220
2880 56.0 12.490 3.210
2890 56.0 12.650 3.360
2900 56.0 12.790 3.450
2910 56.0 12.790 3.470
2920 56.0 12.790 3.380
2930 56.0 12.780 3.160
2940 56.0 12.828 3.280
2950 56.0 12.804 3.229
2960 56.0 12.677 3.349
2970 56.0 12.468 3.388
2980 56.0 12.513 3.377
2990 56.0 12.471 3.334
3000 56.0 12.520 3.287
3010 56.0 12.508 3.262
3020 56.0 12.522 3.283
3030 56.0 12.459 3.249
3040 56.0 12.514 3.337
3050 56.0 12.595 3.297
4330 79.0 -3.780 5.150
4340 79.0 -3.090 5.120
4350 79.0 -2.340 5.190
4360 79.0 -1.610 5.170
4370 79.0 -0.840 5.310
4380 79.0 -0.130 5.270
4390 79.0 0.610 5.360
4400 79.0 1.380 5.430
4410 79.0 1.270 4.636
4420 79.0 0.673 4.061
4430 79.0 1.676 4.701
4440 79.0 2.905 3.475
4450 79.0 1.680 3.441
4460 79.0 2.474 3.545
4470 79.0 3.147 3.347
4480 79.0 2.549 3.057
4490 79.0 1.004 3.276
4500 79.0 2.049 4.119
4510 79.0 2.841 3.196
4520 79.0 2.711 3.079
6420 126.0 -5.190 6.380
6430 126.0 -4.300 6.500
6440 126.0 -3.360 6.560
6450 126.0 -2.420 6.510
6460 126.0 -1.390 6.390
6470 126.0 -0.560 6.380
6480 126.0 0.260 6.180
6490 126.0 1.270 6.020
6500 126.0 -1.035 6.435
6510 126.0 -1.685 6.285
6520 126.0 -1.081 6.265
6530 126.0 -1.892 5.886
6540 126.0 -0.052 5.279
6550 126.0 -1.283 5.943
6560 126.0 -0.417 6.072
6570 126.0 0.325 5.514
6580 126.0 -0.599 6.309
6590 126.0 -0.271 5.768
6600 126.0 1.080 5.493
6610 126.0 1.069 5.905
6420 127.0 -5.450 7.310
6430 127.0 -4.560 7.420
6440 127.0 -3.660 7.480
6450 127.0 -2.720 7.420
6460 127.0 -1.590 7.310
6470 127.0 -0.590 7.220
6480 127.0 0.360 7.140
6490 127.0 1.320 7.050
6500 127.0 -1.085 6.766
6510 127.0 -1.243 6.554
6520 127.0 -0.705 6.184
6530 127.0 1.154 6.254
6540 127.0 1.442 6.369
6550 127.0 -1.015 7.746
6560 127.0 1.268 5.938
6570 127.0 0.374 7.040
6580 127.0 0.855 7.205
6590 127.0 0.958 7.104
6600 127.0 0.367 5.887
6610 127.0 2.488 6.134
8120 171.0 -0.680 8.400
8130 171.0 -0.710 8.350
8140 171.0 -0.910 8.420
8150 171.0 -1.080 8.470
8160 171.0 -1.240 8.360
8170 171.0 -1.530 8.270
8180 171.0 -1.870 8.410
8190 171.0 -1.910 8.440
8200 171.0 -2.093 8.453
8210 171.0 -2.112 8.347
8220 171.0 -1.890 8.302
8230 171.0 -2.319 8.484
8240 171.0 -2.481 8.725
8250 171.0 -2.382 8.715
8260 171.0 -2.902 8.839
8270 171.0 -3.032 8.822
8280 171.0 -2.783 8.320
8290 171.0 -3.388 9.013
8300 171.0 -2.790 8.949
8310 171.0 -3.175 9.143
8320 172.0 -1.520 8.590
8330 172.0 -1.520 8.590
8340 172.0 -1.520 8.590
8350 172.0 -1.520 8.590
8360 172.0 -1.520 8.590
8370 172.0 -1.970 8.350
8380 172.0 -2.040 8.350
8390 172.0 -2.410 8.330
8400 172.0 -2.403 8.376
8410 172.0 -2.589 8.464
8420 172.0 -2.619 8.365
8430 172.0 -2.538 8.385
8440 172.0 -2.619 8.696
8450 172.0 -2.704 8.575
8460 172.0 -2.717 8.324
8470 172.0 -3.011 8.266
8480 172.0 -2.955 8.078
8490 172.0 -3.236 8.213
8500 172.0 -3.231 7.977
8510 172.0 -3.073 8.725
8520 173.0 -3.050 8.050
8530 173.0 -3.050 8.050
8540 173.0 -3.050 8.050
8550 173.0 -2.600 8.070
8560 173.0 -2.510 7.780
8570 173.0 -2.380 7.730
8580 173.0 -1.910 7.790
8590 173.0 -1.540 7.720
8600 173.0 -1.710 7.810
8610 173.0 -1.191 7.586
8620 173.0 -1.035 7.402
8630 173.0 -1.570 7.549
8640 173.0 -0.934 7.695
8650 173.0 -0.504 7.224
8660 173.0 -0.551 7.397
8670 173.0 -0.917 7.211
8680 173.0 -0.439 7.263
8690 173.0 -0.517 7.134
8700 173.0 0.183 7.308
8710 173.0 0.411 6.872
8720 174.0 3.940 8.170
8730 174.0 4.330 8.230
8740 174.0 4.730 8.380
8750 174.0 5.040 8.460
8760 174.0 5.330 8.540
8770 174.0 5.870 8.600
8780 174.0 6.270 8.500
8790 174.0 6.700 8.400
8800 174.0 6.226 7.799
8810 174.0 5.921 8.426
8820 174.0 6.383 8.254
8830 174.0 6.816 8.120
8840 174.0 6.402 8.161
8850 174.0 6.314 8.505
8860 174.0 6.434 8.094
8870 174.0 5.773 8.650
8880 174.0 6.039 8.097
8890 174.0 6.663 8.447
8900 174.0 6.711 7.871
8910 174.0 7.337 7.973
8890 195.0 12.710 4.950
8900 195.0 11.820 4.590
8910 195.0 10.960 4.340
8920 195.0 9.860 4.250
8930 195.0 9.110 4.130
8940 195.0 8.160 3.990
8950 195.0 7.270 3.930
8960 195.0 6.390 3.810
8970 195.0 8.941 4.361
8980 195.0 8.797 4.636
8990 195.0 8.467 4.907
9000 195.0 8.011 4.566
9010 195.0 7.959 4.633
9020 195.0 7.349 4.530
9030 195.0 7.483 4.486
9040 195.0 8.020 4.196
9050 195.0 7.174 4.967
9060 195.0 6.228 5.306
9070 195.0 6.839 4.118
9080 195.0 7.302 4.568
8900 196.0 13.430 5.210
8910 196.0 12.660 5.110
8920 196.0 11.820 4.850
8930 196.0 10.980 4.750
8940 196.0 10.180 4.550
8950 196.0 9.410 4.410
8960 196.0 8.720 4.260
8970 196.0 7.990 4.030
8980 196.0 9.406 4.678
8990 196.0 9.428 3.929
9000 196.0 8.576 5.139
9010 196.0 8.871 5.139
9020 196.0 9.099 4.440
9030 196.0 8.091 4.884
9040 196.0 7.004 5.299
9050 196.0 8.619 4.879
9060 196.0 9.197 4.718
9070 196.0 7.038 5.423
9080 196.0 8.207 4.682
9090 196.0 9.435 4.113
8910 197.0 12.430 6.040
8920 197.0 11.500 6.030
8930 197.0 10.810 5.800
8940 197.0 10.280 5.520
8950 197.0 9.800 5.220
8960 197.0 8.970 4.980
8970 197.0 8.180 4.880
8980 197.0 7.240 4.800
8990 197.0 8.388 5.055
9000 197.0 8.221 4.645
9010 197.0 8.056 5.075
9020 197.0 7.863 4.728
9030 197.0 8.437 4.430
9040 197.0 7.422 5.487
9050 197.0 6.626 6.334
9060 197.0 7.476 5.138
9070 197.0 7.167 5.236
9080 197.0 5.778 5.523
9090 197.0 6.803 5.559
9100 197.0 8.375 5.093
8920 175.0 5.780 7.730
8930 175.0 5.400 7.690
8940 175.0 4.990 7.720
8950 175.0 4.590 7.710
8960 175.0 4.130 7.780
8970 175.0 3.730 7.920
8980 175.0 3.300 7.970
8990 175.0 2.870 8.040
9000 175.0 2.268 7.918
9010 175.0 2.517 8.215
9020 175.0 2.611 8.795
9030 175.0 1.354 8.707
9040 175.0 1.616 8.648
9050 175.0 1.017 9.006
9060 175.0 1.044 8.769
9070 175.0 1.047 9.118
9080 175.0 -0.076 9.505
9090 175.0 -0.602 10.060
9100 175.0 -0.457 9.956
9110 175.0 -1.951 11.102
9300 216.0 -4.260 8.110
9310 216.0 -3.980 8.010
9320 216.0 -3.840 7.960
9330 216.0 -3.310 8.210
9340 216.0 -2.900 8.260
9350 216.0 -2.790 8.410
9360 216.0 -2.510 8.430
9370 216.0 -2.230 8.460
9380 216.0 -2.411 8.199
9390 216.0 -2.821 8.066
9400 216.0 -2.367 7.834
9410 216.0 -2.671 8.002
9420 216.0 -2.347 8.199
9430 216.0 -2.746 8.447
9440 216.0 -2.945 8.158
9450 216.0 -2.559 8.452
9460 216.0 -2.120 8.553
9470 216.0 -2.382 8.652
9480 216.0 -2.301 7.985
9490 216.0 -2.238 8.289
9500 217.0 -2.250 8.280
9510 217.0 -2.780 8.500
9520 217.0 -2.810 8.440
9530 217.0 -2.980 8.140
9540 217.0 -2.980 8.140
9550 217.0 -3.270 8.070
9560 217.0 -3.270 8.070
9570 217.0 -3.270 8.070
9580 217.0 -3.680 8.218
9590 217.0 -3.685 7.937
9600 217.0 -3.935 7.976
9610 217.0 -3.962 7.719
9620 217.0 -3.930 8.134
9630 217.0 -3.901 8.233
9640 217.0 -4.490 8.198
9650 217.0 -5.145 8.198
9660 217.0 -5.037 8.460
9670 217.0 -5.438 8.401
9680 217.0 -5.218 8.439
9690 217.0 -5.441 8.583
9680 230.0 -3.110 5.320
9690 230.0 -2.090 5.210
9700 230.0 -1.280 5.330
9710 230.0 -0.440 5.260
9720 230.0 0.450 5.280
9730 230.0 1.340 5.340
9740 230.0 2.280 5.270
9750 230.0 3.180 5.200
9760 230.0 0.476 5.230
9770 230.0 1.012 5.167
9780 230.0 1.234 5.397
9790 230.0 2.107 5.063
9800 230.0 0.921 5.178
9810 230.0 0.463 5.302
9820 230.0 0.377 4.667
9830 230.0 1.512 4.303
9840 230.0 2.524 4.598
9850 230.0 2.249 4.906
9860 230.0 2.236 3.973
9870 230.0 2.254 4.368
9680 231.0 -3.380 4.310
9690 231.0 -2.480 4.250
9700 231.0 -1.510 4.280
9710 231.0 -0.430 4.340
9720 231.0 0.480 4.390
9730 231.0 1.360 4.490
9740 231.0 2.240 4.500
9750 231.0 3.050 4.410
9760 231.0 0.452 4.736
9770 231.0 0.318 4.788
9780 231.0 0.844 4.244
9790 231.0 1.800 4.905
9800 231.0 1.954 4.163
9810 231.0 0.910 4.403
9820 231.0 0.846 4.146
9830 231.0 1.704 4.173
9840 231.0 1.618 4.529
9850 231.0 0.988 4.455
9860 231.0 3.271 2.712
9870 231.0 2.868 3.743
9700 218.0 -4.840 7.800
9710 218.0 -4.840 7.840
9720 218.0 -4.840 7.840
9730 218.0 -4.840 7.840
9740 218.0 -4.840 7.840
9750 218.0 -4.840 7.840
9760 218.0 -4.780 7.790
9770 218.0 -4.830 7.830
9780 218.0 -4.953 7.811
9790 218.0 -4.892 7.832
9800 218.0 -4.951 7.811
9810 218.0 -5.073 7.803
9820 218.0 -5.024 7.841
9830 218.0 -4.991 7.816
9840 218.0 -5.016 7.909
9850 218.0 -4.936 7.904
9860 218.0 -5.048 8.008
9870 218.0 -5.070 7.874
9880 218.0 -5.039 7.845
9890 218.0 -5.068 7.932
9920 238.0 -2.360 6.640
9930 238.0 -1.300 6.460
9940 238.0 -0.520 6.380
9950 238.0 0.430 6.410
9960 238.0 1.290 6.330
9970 238.0 2.260 6.480
9980 238.0 3.120 6.620
9990 238.0 4.010 6.580
10000 238.0 1.144 6.216
10010 238.0 0.233 6.773
10020 238.0 1.491 6.439
10030 238.0 1.155 6.439
10040 238.0 1.306 5.932
10050 238.0 2.872 5.534
10060 238.0 2.375 5.746
10070 238.0 2.185 6.361
10080 238.0 3.472 6.167
10090 238.0 4.703 5.804
10100 238.0 2.850 6.959
10110 238.0 2.901 7.320
9920 240.0 -1.570 5.570
9930 240.0 -0.740 5.530
9940 240.0 0.070 5.490
9950 240.0 1.010 5.490
9960 240.0 1.950 5.410
9970 240.0 2.870 5.330
9980 240.0 3.750 5.370
9990 240.0 4.620 5.470
10000 240.0 3.088 5.149
10010 240.0 3.837 5.045
10020 240.0 4.502 3.740
10030 240.0 3.592 4.527
10040 240.0 3.499 4.236
10050 240.0 6.301 4.383
10060 240.0 1.093 5.579
10070 240.0 4.444 4.264
10080 240.0 4.812 4.664
10090 240.0 4.370 5.873
10100 240.0 3.633 5.376
10110 240.0 5.862 3.231
10120 239.0 11.780 4.760
10130 239.0 12.070 4.780
10140 239.0 12.290 4.670
10150 239.0 12.340 4.690
10160 239.0 12.310 4.690
10170 239.0 12.310 4.670
10180 239.0 12.310 4.620
10190 239.0 12.310 4.620
10200 239.0 12.365 4.521
10210 239.0 12.453 4.530
10220 239.0 12.819 4.622
10230 239.0 12.742 4.554
10240 239.0 12.759 4.444
10250 239.0 12.957 4.475
10260 239.0 13.332 4.499
10270 239.0 12.838 4.444
10280 239.0 13.089 4.305
10290 239.0 12.812 4.304
10300 239.0 12.881 4.323
10310 239.0 12.789 4.371
10250 257.0 12.620 6.950
10260 257.0 11.680 7.090
10270 257.0 10.740 7.200
10280 257.0 9.720 7.100
10290 257.0 8.730 7.090
10300 257.0 7.740 6.970
10310 257.0 6.860 6.750
10320 257.0 6.040 6.450
10330 257.0 7.742 7.441
10340 257.0 7.719 7.966
10350 257.0 6.424 8.769
10360 257.0 8.611 7.518
10370 257.0 6.159 9.350
10380 257.0 6.047 9.246
10390 257.0 6.174 8.896
10400 257.0 7.664 8.595
10410 257.0 6.199 8.628
10420 257.0 6.231 8.892
10430 257.0 5.385 9.503
10440 257.0 4.411 9.626
10250 258.0 -1.720 7.410
10260 258.0 -0.770 7.300
10270 258.0 0.160 7.280
10280 258.0 1.050 7.190
10290 258.0 1.960 7.180
10300 258.0 2.910 7.260
10310 258.0 3.600 7.400
10320 258.0 4.430 7.610
10330 258.0 1.731 7.382
10340 258.0 2.130 7.155
10350 258.0 2.347 7.249
10360 258.0 2.702 7.502
10370 258.0 2.848 6.943
10380 258.0 2.686 6.325
10390 258.0 3.173 7.372
10400 258.0 3.955 6.669
10410 258.0 3.826 5.876
10420 258.0 4.613 6.126
10430 258.0 3.521 6.249
10440 258.0 4.189 6.603
10250 259.0 -2.220 6.660
10260 259.0 -1.220 6.450
10270 259.0 -0.170 6.320
10280 259.0 0.820 6.310
10290 259.0 1.740 6.310
10300 259.0 2.640 6.360
10310 259.0 3.460 6.610
10320 259.0 4.330 6.820
10330 259.0 2.372 5.949
10340 259.0 1.545 6.433
10350 259.0 1.610 6.396
10360 259.0 1.434 5.874
10370 259.0 1.306 6.014
10380 259.0 2.061 5.361
10390 259.0 2.419 5.249
10400 259.0 3.480 5.123
10410 259.0 3.912 5.040
10420 259.0 3.417 5.080
10430 259.0 4.300 4.424
10440 259.0 4.804 3.564
10260 260.0 12.230 6.630
10270 260.0 11.230 6.650
10280 260.0 10.060 6.750
10290 260.0 9.180 6.580
10300 260.0 8.130 6.480
10310 260.0 7.210 6.050
10320 260.0 6.240 5.750
10330 260.0 5.240 5.550
10340 260.0 7.439 6.909
10350 260.0 6.897 7.310
10360 260.0 5.958 7.391
10370 260.0 6.860 7.568
10380 260.0 5.524 8.143
10390 260.0 7.127 7.766
10400 260.0 7.255 7.754
10410 260.0 6.168 8.156
10420 260.0 5.806 8.670
10430 260.0 5.961 8.432
10440 260.0 5.325 9.193
10450 260.0 5.306 9.745
10280 261.0 12.700 7.000
10290 261.0 11.590 7.140
10300 261.0 10.830 7.500
10310 261.0 9.750 7.480
10320 261.0 8.720 7.310
10330 261.0 7.780 6.960
10340 261.0 6.790 6.600
10350 261.0 5.800 6.270
10360 261.0 8.792 7.713
10370 261.0 8.107 8.138
10380 261.0 7.926 8.125
10390 261.0 7.847 8.042
10400 261.0 6.915 8.521
10410 261.0 6.892 8.777
10420 261.0 5.847 8.445
10430 261.0 6.171 8.960
10440 261.0 5.937 9.320
10450 261.0 6.975 7.926
10460 261.0 5.154 9.528
10470 261.0 7.092 10.265
10300 263.0 -1.980 5.100
10310 263.0 -1.020 5.220
10320 263.0 -0.190 5.440
10330 263.0 0.700 5.760
10340 263.0 1.570 6.100
10350 263.0 2.590 6.400
10360 263.0 3.570 6.630
10370 263.0 4.400 6.800
10380 263.0 1.382 6.352
10390 263.0 1.127 5.265
10400 263.0 1.864 5.412
10410 263.0 1.727 4.923
10420 263.0 2.736 5.323
10430 263.0 2.691 4.591
10440 263.0 2.877 5.291
10450 263.0 2.471 4.770
10460 263.0 4.211 4.362
10470 263.0 4.649 4.046
10480 263.0 5.782 4.426
10490 263.0 2.280 5.185
10300 264.0 -2.160 5.980
10310 264.0 -1.260 5.980
10320 264.0 -0.390 6.180
10330 264.0 0.550 6.440
10340 264.0 1.420 6.730
10350 264.0 2.390 7.070
10360 264.0 3.330 7.350
10370 264.0 4.170 7.580
10380 264.0 1.412 5.891
10390 264.0 3.095 5.243
10400 264.0 1.524 6.503
10410 264.0 2.777 5.927
10420 264.0 3.969 5.190
10430 264.0 4.384 4.906
10440 264.0 3.671 4.931
10450 264.0 3.708 5.515
10460 264.0 2.387 6.203
10470 264.0 2.803 5.343
10480 264.0 3.575 5.157
10490 264.0 3.765 5.683
10300 265.0 -2.070 1.900
10310 265.0 -1.210 1.870
10320 265.0 -0.130 1.950
10330 265.0 0.940 2.130
10340 265.0 2.000 2.210
10350 265.0 3.000 2.250
10360 265.0 4.020 2.400
10370 265.0 4.970 2.580
10380 265.0 2.084 1.743
10390 265.0 2.416 1.268
10400 265.0 3.159 1.356
10410 265.0 2.893 1.187
10420 265.0 4.810 1.092
10430 265.0 3.689 0.623
10440 265.0 4.957 0.503
10450 265.0 3.529 0.384
10460 265.0 5.002 -0.056
10470 265.0 4.435 0.049
10480 265.0 4.204 1.101
10490 265.0 1.450 2.935
10300 267.0 -2.000 3.250
10310 267.0 -1.080 3.390
10320 267.0 -0.200 3.410
10330 267.0 0.670 3.390
10340 267.0 1.680 3.380
10350 267.0 2.480 3.530
10360 267.0 3.430 3.690
10370 267.0 4.470 3.960
10380 267.0 2.218 3.360
10390 267.0 2.501 3.057
10400 267.0 0.934 3.408
10410 267.0 2.010 3.105
10420 267.0 3.384 2.711
10430 267.0 2.566 2.302
10440 267.0 2.804 2.786
10450 267.0 3.676 2.373
10460 267.0 2.943 3.014
10470 267.0 3.008 3.047
10480 267.0 4.934 2.137
10490 267.0 4.201 2.201
10300 268.0 -1.380 3.890
10310 268.0 -0.790 4.000
10320 268.0 0.370 4.030
10330 268.0 1.070 4.020
10340 268.0 1.940 3.850
10350 268.0 2.710 4.040
10360 268.0 3.560 4.440
10370 268.0 4.550 4.630
10380 268.0 2.414 3.314
10390 268.0 3.367 2.697
10400 268.0 3.070 3.260
10410 268.0 3.712 2.681
10420 268.0 4.155 2.795
10430 268.0 2.850 3.387
10440 268.0 3.429 3.026
10450 268.0 4.573 2.854
10460 268.0 4.382 2.741
10470 268.0 4.145 3.026
10480 268.0 4.527 3.659
10490 268.0 2.854 3.937
10690 303.0 12.900 6.160
10700 303.0 12.310 6.320
10710 303.0 11.610 6.670
10720 303.0 10.950 7.100
10730 303.0 10.280 7.370
10740 303.0 9.630 7.550
10750 303.0 8.910 7.660
10760 303.0 8.160 7.780
10770 303.0 9.278 8.161
10780 303.0 9.193 8.150
10790 303.0 8.924 8.231
10800 303.0 9.118 8.117
10810 303.0 7.812 8.460
10820 303.0 7.807 8.588
10830 303.0 6.949 9.121
10840 303.0 6.687 10.297
10850 303.0 6.482 9.669
10860 303.0 7.856 9.808
10870 303.0 4.891 11.054
10880 303.0 7.990 9.118
10850 316.0 -1.870 6.400
10860 316.0 -1.330 6.370
10870 316.0 -0.740 6.320
10880 316.0 -0.140 6.180
10890 316.0 0.480 6.050
10900 316.0 1.150 5.980
10910 316.0 1.810 5.910
10920 316.0 2.480 5.940
10930 316.0 1.059 5.686
10940 316.0 1.115 5.615
10950 316.0 2.050 5.301
10960 316.0 1.844 4.893
10970 316.0 1.737 5.626
10980 316.0 2.163 4.903
10990 316.0 4.100 4.480
11000 316.0 4.743 3.792
11010 316.0 4.834 3.408
11020 316.0 4.667 3.418
11030 316.0 3.835 3.740
11040 316.0 5.431 3.540
11210 320.0 12.000 4.350
11220 320.0 11.300 4.090
11230 320.0 10.610 3.980
11240 320.0 10.000 3.720
11250 320.0 9.230 3.660
11260 320.0 8.560 3.470
11270 320.0 7.980 3.270
11280 320.0 7.520 3.120
11290 320.0 8.535 3.761
11300 320.0 6.716 4.026
11310 320.0 7.377 4.225
11320 320.0 6.754 4.127
11330 320.0 5.845 4.696
11340 320.0 6.430 4.125
11350 320.0 7.550 3.763
11360 320.0 5.530 4.781
11370 320.0 6.839 3.790
11380 320.0 5.224 4.292
11390 320.0 6.887 3.621
11400 320.0 4.881 5.051
11280 329.0 -2.760 -0.130
11290 329.0 -2.040 0.530
11300 329.0 -1.180 1.020
11310 329.0 -0.360 1.480
11320 329.0 0.340 1.920
11330 329.0 0.840 2.350
11340 329.0 1.590 2.640
11350 329.0 2.390 2.910
11360 329.0 -0.400 2.807
11370 329.0 -0.571 2.984
11380 329.0 -0.456 2.337
11390 329.0 -0.965 2.488
11400 329.0 -1.051 2.959
11410 329.0 -0.824 3.555
11420 329.0 -0.855 3.288
11430 329.0 -1.122 3.239
11440 329.0 -1.512 3.229
11450 329.0 -1.064 3.603
11460 329.0 -1.044 3.474
11470 329.0 -1.044 4.759
11280 327.0 -2.800 1.840
11290 327.0 -1.780 2.390
11300 327.0 -1.070 2.780
11310 327.0 -0.260 2.950
11320 327.0 0.540 3.130
11330 327.0 1.320 3.320
11340 327.0 2.040 3.540
11350 327.0 2.790 3.760
11360 327.0 0.761 2.322
11370 327.0 0.565 2.338
11380 327.0 1.607 2.166
11390 327.0 1.771 2.095
11400 327.0 1.355 1.378
11410 327.0 1.368 1.480
11420 327.0 1.667 2.098
11430 327.0 1.446 1.429
11440 327.0 1.022 0.951
11450 327.0 1.727 2.577
11460 327.0 2.529 1.020
11470 327.0 0.336 1.972
11280 328.0 -3.580 0.190
11290 328.0 -2.850 0.850
11300 328.0 -1.780 1.470
11310 328.0 -0.960 1.920
11320 328.0 -0.300 2.330
11330 328.0 0.250 2.670
11340 328.0 1.010 3.010
11350 328.0 1.810 3.280
11360 328.0 -0.254 1.110
11370 328.0 0.063 0.900
11380 328.0 1.256 1.170
11390 328.0 1.612 1.012
11400 328.0 0.750 0.842
11410 328.0 0.414 0.524
11420 328.0 0.446 1.480
11430 328.0 -0.162 0.441
11440 328.0 -0.058 0.123
11450 328.0 -0.144 0.346
11460 328.0 0.214 -0.098
11470 328.0 -0.137 0.338
11310 331.0 -4.430 4.560
11320 331.0 -3.490 4.940
11330 331.0 -2.700 5.350
11340 331.0 -1.670 5.660
11350 331.0 -0.580 5.900
11360 331.0 0.400 6.200
11370 331.0 1.430 6.460
11380 331.0 2.430 6.600
11390 331.0 -0.459 4.854
11400 331.0 -1.248 4.762
11410 331.0 -0.828 4.418
11420 331.0 0.479 4.892
11430 331.0 -0.702 4.925
11440 331.0 -0.387 4.919
11450 331.0 0.028 4.179
11460 331.0 0.645 3.860
11470 331.0 0.862 3.675
11480 331.0 0.642 4.402
11490 331.0 2.008 3.617
11500 331.0 0.741 4.408
11840 342.0 10.640 4.900
11850 342.0 9.730 4.760
11860 342.0 8.750 4.600
11870 342.0 7.840 4.560
11880 342.0 6.880 4.500
11890 342.0 5.990 4.480
11900 342.0 5.080 4.470
11910 342.0 4.170 4.430
11920 342.0 5.933 4.419
11930 342.0 5.866 5.016
11940 342.0 5.303 5.975
11950 342.0 5.395 5.617
11960 342.0 4.498 6.301
11970 342.0 3.931 6.082
11980 342.0 5.176 5.677
11990 342.0 4.729 6.317
12000 342.0 2.267 7.083
12010 342.0 5.108 6.070
12020 342.0 6.325 6.096
12030 342.0 3.065 7.258
11880 348.0 13.410 5.460
11890 348.0 12.400 5.010
11900 348.0 11.320 4.730
11910 348.0 10.240 4.560
11920 348.0 9.140 4.440
11930 348.0 8.100 4.530
11940 348.0 6.970 4.600
11950 348.0 5.710 4.730
11960 348.0 8.528 4.974
11970 348.0 8.284 5.136
11980 348.0 8.587 5.334
11990 348.0 8.402 4.972
12000 348.0 9.290 4.659
12010 348.0 8.268 4.405
12020 348.0 8.196 4.090
12030 348.0 8.553 4.208
12040 348.0 8.261 4.449
12050 348.0 8.480 3.788
12060 348.0 7.756 4.574
12070 348.0 7.049 4.863
11930 350.0 -4.990 5.190
11940 350.0 -3.910 5.180
11950 350.0 -3.050 5.230
11960 350.0 -2.120 5.270
11970 350.0 -0.940 5.310
11980 350.0 -0.260 5.570
11990 350.0 0.830 5.710
12000 350.0 1.830 5.830
12010 350.0 -0.400 5.249
12020 350.0 -1.016 5.910
12030 350.0 -1.232 5.241
12040 350.0 -0.471 4.495
12050 350.0 -0.297 5.638
12060 350.0 -0.425 5.654
12070 350.0 0.087 5.373
12080 350.0 -0.819 5.414
12090 350.0 -0.093 5.440
12100 350.0 -0.606 4.940
12110 350.0 -0.438 5.193
12120 350.0 -1.348 5.603
11940 353.0 -4.790 -0.260
11950 353.0 -4.040 0.440
11960 353.0 -3.120 1.030
11970 353.0 -2.130 1.650
11980 353.0 -1.070 2.050
11990 353.0 -0.100 2.480
12000 353.0 0.910 2.960
12010 353.0 1.950 3.380
12020 353.0 -1.442 1.834
12030 353.0 -2.330 1.497
12040 353.0 -1.877 1.339
12050 353.0 -2.462 1.355
12060 353.0 -1.287 1.362
12070 353.0 -1.709 1.196
12080 353.0 -2.396 0.695
12090 353.0 -2.301 0.250
12100 353.0 -1.849 0.507
12110 353.0 -2.056 1.258
12120 353.0 -1.841 0.802
12130 353.0 -2.043 0.157
11970 355.0 -2.400 10.550
11980 355.0 -1.660 9.900
11990 355.0 -0.840 9.560
12000 355.0 -0.190 8.920
12010 355.0 0.510 8.540
12020 355.0 1.380 8.290
12030 355.0 2.200 8.090
12040 355.0 3.050 7.920
12050 355.0 1.402 8.752
12060 355.0 2.225 8.258
12070 355.0 3.339 7.210
12080 355.0 3.931 7.273
12090 355.0 4.263 7.017
12100 355.0 6.589 6.558
12110 355.0 5.589 7.627
12120 355.0 4.440 8.068
12130 355.0 4.387 7.449
12140 355.0 3.847 7.974
12150 355.0 7.444 6.671
12160 355.0 5.676 8.222
12020 358.0 -6.550 7.200
12030 358.0 -6.050 7.260
12040 358.0 -5.490 7.270
12050 358.0 -4.990 7.410
12060 358.0 -4.500 7.460
12070 358.0 -4.070 7.510
12080 358.0 -3.780 7.530
12090 358.0 -3.230 7.550
12100 358.0 -4.208 7.555
12110 358.0 -3.832 7.731
12120 358.0 -3.423 7.232
12130 358.0 -3.453 7.689
12140 358.0 -3.332 7.797
12150 358.0 -3.105 7.506
12160 358.0 -3.393 7.412
12170 358.0 -2.981 7.940
12180 358.0 -3.476 7.602
12190 358.0 -4.235 7.726
12200 358.0 -3.347 7.258
12210 358.0 -2.343 7.418
12020 357.0 -6.400 6.260
12030 357.0 -5.940 6.350
12040 357.0 -5.340 6.430
12050 357.0 -4.840 6.530
12060 357.0 -4.350 6.610
12070 357.0 -3.810 6.690
12080 357.0 -3.370 6.740
12090 357.0 -3.060 6.740
12100 357.0 -3.309 6.391
12110 357.0 -3.386 6.763
12120 357.0 -3.511 6.734
12130 357.0 -4.254 6.818
12140 357.0 -2.781 6.622
12150 357.0 -2.766 6.353
12160 357.0 -1.239 5.811
12170 357.0 -1.952 6.342
12180 357.0 -1.261 5.826
12190 357.0 -2.686 6.223
12200 357.0 -1.688 6.699
12210 357.0 -1.960 6.083
12020 359.0 -4.900 12.670
12030 359.0 -4.120 12.140
12040 359.0 -3.370 11.660
12050 359.0 -2.770 11.060
12060 359.0 -1.920 10.430
12070 359.0 -0.950 9.910
12080 359.0 -0.160 9.390
12090 359.0 0.740 8.910
12100 359.0 -0.359 9.490
12110 359.0 0.857 8.574
12120 359.0 1.796 7.900
12130 359.0 0.032 9.062
12140 359.0 0.821 9.037
12150 359.0 0.800 8.282
12160 359.0 1.391 7.989
12170 359.0 3.295 6.944
12180 359.0 2.201 7.437
12190 359.0 1.922 8.257
12200 359.0 0.729 9.849
12210 359.0 3.604 6.659
