0 1.0 13.449 3.938
10 1.0 12.935 3.938
20 1.0 12.422 3.938
30 1.0 11.919 3.958
40 1.0 11.428 3.998
50 1.0 10.937 4.037
60 1.0 10.467 3.992
70 1.0 10.019 3.861
80 1.0 9.288 4.407
90 1.0 9.379 4.527
100 1.0 9.135 4.856
110 1.0 8.922 4.894
120 1.0 8.626 4.474
130 1.0 8.671 5.088
140 1.0 8.189 4.946
150 1.0 7.408 5.225
160 1.0 7.352 5.437
170 1.0 7.178 5.116
180 1.0 7.480 5.208
190 1.0 8.143 4.900
0 2.0 13.343 4.439
10 2.0 12.825 4.430
20 2.0 12.307 4.421
30 2.0 11.814 4.434
40 2.0 11.360 4.480
50 2.0 10.905 4.526
60 2.0 10.438 4.526
70 2.0 9.945 4.419
80 2.0 11.031 4.622
90 2.0 10.373 4.380
100 2.0 9.924 4.682
110 2.0 10.796 4.396
120 2.0 10.408 4.848
130 2.0 10.216 4.158
140 2.0 8.657 4.643
150 2.0 8.899 4.406
160 2.0 8.390 4.361
170 2.0 8.675 4.994
180 2.0 7.954 4.577
190 2.0 9.525 4.699
0 3.0 11.912 4.439
10 3.0 11.505 4.514
20 3.0 11.097 4.588
30 3.0 10.689 4.663
40 3.0 10.280 4.709
50 3.0 9.871 4.749
60 3.0 9.462 4.789
70 3.0 9.051 4.830
80 3.0 9.862 4.784
90 3.0 9.027 4.824
100 3.0 8.808 4.800
110 3.0 7.877 4.832
120 3.0 8.504 4.936
130 3.0 7.678 5.421
140 3.0 7.893 5.478
150 3.0 6.790 5.838
160 3.0 5.709 6.421
170 3.0 6.371 6.222
180 3.0 5.098 6.723
190 3.0 4.724 7.570
0 4.0 11.828 5.155
10 4.0 11.382 5.211
20 4.0 10.937 5.267
30 4.0 10.491 5.324
40 4.0 10.071 5.346
50 4.0 9.668 5.346
60 4.0 9.265 5.346
70 4.0 8.862 5.346
80 4.0 8.525 5.384
90 4.0 8.688 5.869
100 4.0 8.681 6.236
110 4.0 6.598 7.074
120 4.0 7.159 7.059
130 4.0 6.098 7.387
140 4.0 5.582 7.913
150 4.0 5.895 7.456
160 4.0 5.478 7.663
170 4.0 5.624 7.955
180 4.0 4.468 8.368
190 4.0 5.234 8.673
0 5.0 8.713 4.415
10 5.0 8.361 4.364
20 5.0 8.008 4.312
30 5.0 7.655 4.260
40 5.0 7.301 4.186
50 5.0 6.942 4.060
60 5.0 6.583 3.934
70 5.0 6.224 3.807
80 5.0 5.811 3.795
90 5.0 6.586 4.096
100 5.0 6.071 4.127
110 5.0 6.548 4.419
120 5.0 6.550 4.337
130 5.0 5.745 4.070
140 5.0 5.878 4.378
150 5.0 5.241 4.253
160 5.0 4.442 3.815
170 5.0 4.080 4.220
180 5.0 3.333 3.789
190 5.0 4.625 3.914
0 6.0 8.124 3.461
10 6.0 8.611 3.416
20 6.0 9.097 3.371
30 6.0 9.584 3.326
40 6.0 9.990 3.325
50 6.0 10.376 3.335
60 6.0 10.729 3.399
70 6.0 11.033 3.546
80 6.0 9.756 3.528
90 6.0 10.170 3.101
100 6.0 10.469 3.272
110 6.0 10.887 2.863
120 6.0 11.290 3.228
130 6.0 9.831 3.534
140 6.0 10.545 3.033
150 6.0 10.794 2.761
160 6.0 10.494 2.865
170 6.0 11.360 2.953
180 6.0 11.742 2.725
190 6.0 13.447 2.133
0 8.0 4.336 7.351
10 8.0 4.554 7.274
20 8.0 4.773 7.198
30 8.0 4.955 7.171
40 8.0 5.101 7.194
50 8.0 5.246 7.217
60 8.0 5.391 7.239
70 8.0 5.542 7.259
80 8.0 6.240 6.985
90 8.0 6.121 7.025
100 8.0 6.305 6.979
110 8.0 6.670 7.092
120 8.0 6.162 6.969
130 8.0 5.918 6.784
140 8.0 6.675 6.516
150 8.0 7.385 6.584
160 8.0 7.280 6.971
170 8.0 7.836 6.411
180 8.0 6.585 6.874
190 8.0 7.218 6.859
20 17.0 15.242 3.668
30 17.0 14.666 3.533
40 17.0 14.089 3.398
50 17.0 13.545 3.310
60 17.0 13.048 3.291
70 17.0 12.551 3.272
80 17.0 12.099 3.314
90 17.0 11.652 3.364
100 17.0 11.415 3.629
110 17.0 11.843 3.265
120 17.0 11.514 3.388
130 17.0 11.999 3.832
140 17.0 10.126 3.580
150 17.0 10.850 3.816
160 17.0 10.347 3.771
170 17.0 8.644 3.578
180 17.0 9.075 3.913
190 17.0 10.820 3.474
200 17.0 9.219 3.460
210 17.0 9.988 3.634
120 20.0 0.345 6.983
130 20.0 0.635 6.884
140 20.0 0.925 6.785
150 20.0 1.255 6.689
160 20.0 1.744 6.605
170 20.0 2.233 6.521
180 20.0 2.722 6.437
190 20.0 3.207 6.373
200 20.0 2.172 6.505
210 20.0 3.349 5.851
220 20.0 3.497 5.835
230 20.0 3.790 5.641
240 20.0 3.822 5.564
250 20.0 3.772 5.550
260 20.0 4.618 4.836
270 20.0 5.023 4.773
280 20.0 5.983 4.153
290 20.0 4.411 4.899
300 20.0 5.602 4.272
310 20.0 5.933 4.020
200 9.0 5.286 7.501
210 9.0 5.093 7.534
220 9.0 4.900 7.567
230 9.0 4.707 7.600
240 9.0 4.509 7.598
250 9.0 4.308 7.572
260 9.0 4.107 7.546
270 9.0 3.906 7.520
280 9.0 4.017 7.705
290 9.0 4.200 7.677
300 9.0 4.141 7.837
310 9.0 3.743 7.709
320 9.0 3.810 7.627
330 9.0 3.879 7.537
340 9.0 3.866 7.541
350 9.0 3.844 7.636
360 9.0 3.918 7.520
370 9.0 3.158 7.730
380 9.0 3.372 7.778
390 9.0 2.966 7.626
200 21.0 0.474 7.303
210 21.0 1.000 7.064
220 21.0 1.562 6.883
230 21.0 2.211 6.835
240 21.0 2.859 6.787
250 21.0 3.539 6.631
260 21.0 4.227 6.447
270 21.0 4.915 6.255
280 21.0 3.143 6.433
290 21.0 3.807 5.846
300 21.0 4.713 5.642
310 21.0 5.236 5.431
320 21.0 4.676 5.716
330 21.0 4.292 5.492
340 21.0 5.102 4.790
350 21.0 6.063 4.348
360 21.0 7.309 4.084
370 21.0 7.358 3.864
380 21.0 7.225 3.329
390 21.0 6.042 3.688
220 18.0 5.571 2.959
230 18.0 5.105 2.997
240 18.0 4.638 3.036
250 18.0 4.172 3.075
260 18.0 3.720 3.099
270 18.0 3.270 3.121
280 18.0 2.819 3.143
290 18.0 2.369 3.165
300 18.0 2.443 3.312
310 18.0 2.358 3.316
320 18.0 1.826 3.146
330 18.0 1.084 3.002
340 18.0 1.466 3.185
350 18.0 0.908 3.604
360 18.0 0.542 3.649
370 18.0 1.500 3.454
380 18.0 -0.453 3.813
390 18.0 -0.837 4.000
400 18.0 0.618 4.075
410 18.0 0.115 4.566
330 22.0 15.037 3.799
340 22.0 14.501 3.842
350 22.0 13.965 3.886
360 22.0 13.430 3.929
370 22.0 12.870 3.971
380 22.0 12.304 4.012
390 22.0 11.737 4.053
400 22.0 11.207 4.157
410 22.0 11.474 4.114
420 22.0 11.718 3.865
430 22.0 11.891 4.074
440 22.0 11.873 4.262
450 22.0 10.865 4.223
460 22.0 10.977 3.970
470 22.0 10.193 4.675
480 22.0 9.633 5.459
490 22.0 8.109 5.746
500 22.0 8.721 5.173
510 22.0 8.471 5.479
520 22.0 8.226 5.979
330 23.0 14.895 3.245
340 23.0 14.324 3.253
350 23.0 13.752 3.262
360 23.0 13.183 3.271
370 23.0 12.635 3.288
380 23.0 12.086 3.305
390 23.0 11.540 3.360
400 23.0 11.000 3.504
410 23.0 10.939 3.933
420 23.0 10.558 4.124
430 23.0 11.330 4.592
440 23.0 10.106 4.300
450 23.0 9.335 4.778
460 23.0 9.402 4.981
470 23.0 7.873 5.371
480 23.0 8.206 6.018
490 23.0 9.336 5.852
500 23.0 7.756 6.356
510 23.0 8.660 6.449
520 23.0 8.761 6.558
400 10.0 2.523 7.186
410 10.0 2.406 7.138
420 10.0 2.282 7.080
430 10.0 2.159 7.022
440 10.0 2.084 7.023
450 10.0 2.014 7.030
460 10.0 1.943 7.038
470 10.0 1.850 7.026
480 10.0 1.796 7.104
490 10.0 2.059 7.087
500 10.0 2.013 6.992
510 10.0 1.905 6.839
520 10.0 2.092 6.821
530 10.0 1.972 7.063
540 10.0 2.016 7.029
550 10.0 2.178 7.145
560 10.0 2.132 7.217
570 10.0 2.058 7.075
580 10.0 1.967 7.080
590 10.0 1.854 7.110
420 19.0 1.204 3.306
430 19.0 1.189 3.313
440 19.0 1.174 3.319
450 19.0 1.159 3.326
460 19.0 1.144 3.332
470 19.0 1.129 3.339
480 19.0 1.113 3.345
490 19.0 1.098 3.351
500 19.0 1.042 3.321
510 19.0 1.110 3.258
520 19.0 1.002 3.309
530 19.0 0.997 3.308
540 19.0 1.062 3.271
550 19.0 1.036 3.206
560 19.0 1.014 3.242
570 19.0 1.051 3.271
580 19.0 1.001 3.283
590 19.0 1.024 3.258
600 19.0 1.052 3.313
610 19.0 1.089 3.351
460 24.0 14.690 3.248
470 24.0 14.059 3.313
480 24.0 13.428 3.378
490 24.0 12.799 3.445
500 24.0 12.192 3.529
510 24.0 11.585 3.614
520 24.0 10.979 3.698
530 24.0 10.388 3.844
540 24.0 11.676 3.773
550 24.0 11.320 4.163
560 24.0 9.932 4.381
570 24.0 10.165 4.677
580 24.0 10.287 4.590
590 24.0 8.661 4.761
600 24.0 8.138 4.483
610 24.0 8.814 6.037
620 24.0 8.969 5.122
630 24.0 6.271 6.744
640 24.0 7.536 5.624
650 24.0 7.280 5.858
460 25.0 15.069 4.009
470 25.0 14.455 4.048
480 25.0 13.840 4.086
490 25.0 13.217 4.163
500 25.0 12.586 4.278
510 25.0 11.954 4.394
520 25.0 11.356 4.501
530 25.0 10.808 4.595
540 25.0 10.740 4.833
550 25.0 10.640 4.934
560 25.0 11.121 5.488
570 25.0 10.673 5.111
580 25.0 10.469 5.493
590 25.0 8.595 6.401
600 25.0 8.254 5.946
610 25.0 8.565 6.027
620 25.0 8.024 6.156
630 25.0 8.008 6.137
640 25.0 8.882 5.856
650 25.0 8.590 6.763
490 26.0 0.261 7.244
500 26.0 0.350 7.131
510 26.0 0.439 7.018
520 26.0 0.527 6.905
530 26.0 0.612 6.826
540 26.0 0.687 6.826
550 26.0 0.762 6.826
560 26.0 0.849 6.814
570 26.0 0.989 6.791
580 26.0 1.497 6.400
590 26.0 1.015 6.519
600 26.0 1.743 6.346
610 26.0 2.090 6.209
620 26.0 2.096 6.193
630 26.0 2.426 6.069
640 26.0 2.363 6.098
650 26.0 2.387 6.177
660 26.0 1.950 6.225
670 26.0 2.826 6.174
680 26.0 3.084 6.142
520 28.0 0.218 6.456
530 28.0 0.504 6.342
540 28.0 0.791 6.227
550 28.0 1.022 6.224
560 28.0 1.217 6.294
570 28.0 1.412 6.365
580 28.0 1.560 6.448
590 28.0 1.702 6.533
600 28.0 1.986 6.186
610 28.0 1.851 6.171
620 28.0 2.238 6.247
630 28.0 2.670 6.107
640 28.0 3.152 5.896
650 28.0 3.698 5.743
660 28.0 3.662 5.736
670 28.0 4.200 5.698
680 28.0 3.792 5.939
690 28.0 4.441 5.800
700 28.0 4.349 5.732
710 28.0 6.625 4.503
580 30.0 0.352 6.937
590 30.0 0.409 6.775
600 30.0 0.467 6.612
610 30.0 0.661 6.418
620 30.0 0.942 6.229
630 30.0 1.336 6.110
640 30.0 1.659 6.037
650 30.0 1.934 5.996
660 30.0 1.794 6.027
670 30.0 2.184 5.758
680 30.0 1.600 6.088
690 30.0 1.939 5.892
700 30.0 1.750 6.030
710 30.0 2.503 5.641
720 30.0 2.904 5.543
730 30.0 2.685 5.225
740 30.0 2.597 5.442
750 30.0 2.953 4.993
760 30.0 2.814 5.149
770 30.0 4.048 4.378
600 11.0 1.456 7.383
610 11.0 1.456 7.392
620 11.0 1.457 7.400
630 11.0 1.457 7.408
640 11.0 1.458 7.416
650 11.0 1.458 7.425
660 11.0 1.459 7.433
670 11.0 1.459 7.441
680 11.0 1.443 7.434
690 11.0 1.497 7.392
700 11.0 1.504 7.207
710 11.0 1.567 7.142
720 11.0 1.504 7.152
730 11.0 1.598 7.199
740 11.0 1.580 7.232
750 11.0 1.628 7.129
760 11.0 1.735 7.168
770 11.0 1.801 7.122
780 11.0 1.774 7.080
790 11.0 1.443 7.296
610 31.0 0.271 8.299
620 31.0 0.350 8.097
630 31.0 0.429 7.894
640 31.0 0.508 7.691
650 31.0 0.681 7.488
660 31.0 0.949 7.286
670 31.0 1.217 7.083
680 31.0 1.513 6.909
690 31.0 1.826 6.159
700 31.0 1.802 5.839
710 31.0 2.419 5.610
720 31.0 2.512 4.797
730 31.0 3.425 5.315
740 31.0 2.357 5.450
750 31.0 2.281 5.357
760 31.0 3.065 4.905
770 31.0 2.796 5.303
780 31.0 4.456 4.055
790 31.0 5.366 3.340
800 31.0 5.287 3.480
630 33.0 0.164 6.414
640 33.0 0.439 6.249
650 33.0 0.714 6.084
660 33.0 0.989 5.919
670 33.0 1.115 5.644
680 33.0 1.242 5.370
690 33.0 1.283 5.389
700 33.0 1.324 5.409
710 33.0 1.984 5.554
720 33.0 2.165 5.361
730 33.0 2.113 5.220
740 33.0 2.618 5.063
750 33.0 3.259 4.897
760 33.0 3.326 4.522
770 33.0 3.571 4.521
780 33.0 4.311 3.633
790 33.0 4.210 3.867
800 33.0 4.562 3.718
810 33.0 5.622 3.041
820 33.0 5.443 2.736
690 27.0 3.218 7.225
700 27.0 3.512 7.268
710 27.0 3.805 7.302
720 27.0 4.097 7.294
730 27.0 4.389 7.286
740 27.0 4.683 7.276
750 27.0 5.005 7.243
760 27.0 5.326 7.209
770 27.0 5.481 7.074
780 27.0 5.481 6.922
790 27.0 6.359 6.530
800 27.0 6.507 6.397
810 27.0 6.591 6.481
820 27.0 7.315 5.993
830 27.0 8.619 5.133
840 27.0 7.897 5.645
850 27.0 8.216 4.879
860 27.0 7.598 5.267
870 27.0 7.749 4.856
880 27.0 8.483 4.926
720 29.0 3.996 6.806
730 29.0 4.308 6.721
740 29.0 4.621 6.636
750 29.0 4.927 6.616
760 29.0 5.230 6.623
770 29.0 5.533 6.630
780 29.0 5.839 6.626
790 29.0 6.147 6.596
800 29.0 6.275 6.322
810 29.0 6.731 6.190
820 29.0 7.540 5.808
830 29.0 8.639 5.718
840 29.0 8.422 5.723
850 29.0 8.931 5.416
860 29.0 9.457 5.345
870 29.0 9.101 4.759
880 29.0 10.520 3.906
890 29.0 9.251 4.521
900 29.0 8.598 4.729
910 29.0 10.175 3.967
800 12.0 1.466 7.549
810 12.0 1.467 7.557
820 12.0 1.467 7.566
830 12.0 1.468 7.574
840 12.0 1.468 7.582
850 12.0 1.469 7.591
860 12.0 1.469 7.599
870 12.0 1.470 7.607
880 12.0 1.447 7.618
890 12.0 1.447 7.648
900 12.0 1.419 7.648
910 12.0 1.436 7.671
920 12.0 1.439 7.725
930 12.0 1.375 7.756
940 12.0 1.296 7.799
950 12.0 1.460 7.782
960 12.0 1.432 7.775
970 12.0 1.503 7.677
980 12.0 1.454 7.750
990 12.0 1.397 7.753
810 32.0 5.731 6.722
820 32.0 6.000 6.755
830 32.0 6.260 6.765
840 32.0 6.502 6.720
850 32.0 6.744 6.676
860 32.0 7.012 6.619
870 32.0 7.299 6.553
880 32.0 7.585 6.486
890 32.0 7.525 6.731
900 32.0 7.908 6.590
910 32.0 7.324 6.733
920 32.0 8.665 6.060
930 32.0 8.717 6.487
940 32.0 8.874 6.380
950 32.0 8.655 6.244
960 32.0 9.363 5.834
970 32.0 8.421 5.828
980 32.0 9.666 5.106
990 32.0 10.168 5.439
1000 32.0 9.141 5.566
850 35.0 0.359 8.737
860 35.0 0.468 8.509
870 35.0 0.578 8.281
880 35.0 0.688 8.052
890 35.0 0.798 7.824
900 35.0 1.001 7.531
910 35.0 1.266 7.195
920 35.0 1.531 6.859
930 35.0 1.547 6.154
940 35.0 1.676 6.171
950 35.0 2.278 5.816
960 35.0 2.438 6.091
970 35.0 2.245 5.912
980 35.0 2.323 5.611
990 35.0 2.889 5.177
1000 35.0 3.047 4.715
1010 35.0 2.918 5.065
1020 35.0 4.367 3.559
1030 35.0 4.634 3.157
1040 35.0 4.542 3.779
860 34.0 13.997 10.937
870 34.0 13.946 10.476
880 34.0 13.895 10.016
890 34.0 13.795 9.600
900 34.0 13.646 9.231
910 34.0 13.496 8.861
920 34.0 13.322 8.507
930 34.0 13.112 8.174
940 34.0 13.257 7.909
950 34.0 13.311 6.937
960 34.0 13.499 6.441
970 34.0 13.275 5.998
980 34.0 13.441 4.435
990 34.0 13.529 3.163
1000 34.0 14.099 3.970
1010 34.0 13.970 6.433
1020 34.0 13.668 2.147
1030 34.0 13.799 2.767
1040 34.0 13.805 2.664
1050 34.0 13.527 3.955
1000 13.0 1.251 7.308
1010 13.0 1.212 7.245
1020 13.0 1.174 7.182
1030 13.0 1.135 7.120
1040 13.0 1.126 7.080
1050 13.0 1.147 7.063
1060 13.0 1.168 7.046
1070 13.0 1.190 7.029
1080 13.0 1.162 6.956
1090 13.0 1.247 6.742
1100 13.0 1.400 6.716
1110 13.0 1.400 6.554
1120 13.0 1.210 6.269
1130 13.0 1.240 6.095
1140 13.0 1.344 5.973
1150 13.0 0.838 5.337
1160 13.0 0.875 5.090
1170 13.0 1.080 4.597
1180 13.0 1.186 4.377
1190 13.0 1.073 3.476
1080 36.0 14.863 6.605
1090 36.0 14.400 6.471
1100 36.0 13.937 6.338
1110 36.0 13.410 6.309
1120 36.0 12.877 6.292
1130 36.0 12.352 6.263
1140 36.0 11.905 6.129
1150 36.0 11.457 5.995
1160 36.0 11.653 5.947
1170 36.0 12.219 6.604
1180 36.0 11.526 6.382
1190 36.0 10.706 6.098
1200 36.0 10.561 6.094
1210 36.0 11.884 6.233
1220 36.0 11.869 6.329
1230 36.0 10.718 6.914
1240 36.0 8.784 6.341
1250 36.0 11.406 6.496
1260 36.0 10.930 6.519
1270 36.0 9.958 6.202
1090 37.0 15.313 2.909
1100 37.0 14.756 2.916
1110 37.0 14.200 2.924
1120 37.0 13.643 2.932
1130 37.0 13.099 2.898
1140 37.0 12.567 2.822
1150 37.0 12.035 2.747
1160 37.0 11.504 2.672
1170 37.0 12.331 3.185
1180 37.0 11.519 3.169
1190 37.0 11.590 3.094
1200 37.0 11.603 3.294
1210 37.0 12.946 3.085
1220 37.0 11.139 3.734
1230 37.0 10.756 3.913
1240 37.0 9.871 4.273
1250 37.0 10.083 4.871
1260 37.0 10.348 5.058
1270 37.0 9.652 5.490
1280 37.0 9.996 5.064
1100 38.0 15.048 3.437
1110 38.0 14.438 3.461
1120 38.0 13.828 3.484
1130 38.0 13.217 3.508
1140 38.0 12.654 3.560
1150 38.0 12.091 3.611
1160 38.0 11.528 3.663
1170 38.0 10.980 3.709
1180 38.0 10.908 3.406
1190 38.0 11.910 3.767
1200 38.0 10.496 3.512
1210 38.0 10.598 3.600
1220 38.0 10.197 4.253
1230 38.0 9.726 4.324
1240 38.0 9.750 4.536
1250 38.0 9.138 4.290
1260 38.0 10.244 3.953
1270 38.0 9.273 4.726
1280 38.0 9.790 4.783
1290 38.0 9.578 4.418
1160 39.0 0.411 3.290
1170 39.0 1.010 3.437
1180 39.0 1.609 3.583
1190 39.0 2.171 3.787
1200 39.0 2.716 4.015
1210 39.0 3.294 4.206
1220 39.0 3.904 4.362
1230 39.0 4.480 4.540
1240 39.0 2.997 4.246
1250 39.0 2.987 4.354
1260 39.0 3.071 4.669
1270 39.0 3.379 4.944
1280 39.0 3.595 4.447
1290 39.0 2.917 4.249
1300 39.0 2.777 4.464
1310 39.0 3.498 4.323
1320 39.0 3.565 4.378
1330 39.0 4.061 4.304
1340 39.0 4.210 3.718
1350 39.0 4.090 4.431
1200 14.0 1.465 6.808
1210 14.0 1.600 6.839
1220 14.0 1.810 6.901
1230 14.0 2.020 6.963
1240 14.0 2.269 6.981
1250 14.0 2.521 6.995
1260 14.0 2.774 7.008
1270 14.0 3.019 7.028
1280 14.0 3.101 7.349
1290 14.0 3.413 7.334
1300 14.0 3.267 7.457
1310 14.0 3.286 8.136
1320 14.0 3.726 7.931
1330 14.0 3.774 8.068
1340 14.0 3.806 7.819
1350 14.0 4.380 7.608
1360 14.0 4.267 7.769
1370 14.0 5.121 7.036
1380 14.0 4.808 6.807
1390 14.0 4.783 7.169
1300 40.0 15.227 6.947
1310 40.0 14.676 6.822
1320 40.0 14.124 6.697
1330 40.0 13.560 6.562
1340 40.0 12.984 6.417
1350 40.0 12.392 6.273
1360 40.0 11.738 6.135
1370 40.0 11.092 6.022
1380 40.0 11.081 6.164
1390 40.0 10.201 7.174
1400 40.0 11.323 6.533
1410 40.0 9.075 6.998
1420 40.0 10.110 7.537
1430 40.0 13.035 7.237
1440 40.0 10.474 7.758
1450 40.0 8.451 7.062
1460 40.0 8.278 7.221
1470 40.0 9.042 7.875
1480 40.0 6.473 9.346
1490 40.0 8.403 8.216
1400 15.0 4.860 7.342
1410 15.0 4.805 7.321
1420 15.0 4.749 7.300
1430 15.0 4.693 7.279
1440 15.0 4.536 7.247
1450 15.0 4.378 7.214
1460 15.0 4.220 7.182
1470 15.0 4.062 7.149
1480 15.0 4.157 7.401
1490 15.0 4.036 7.301
1500 15.0 3.860 7.301
1510 15.0 3.665 7.338
1520 15.0 3.362 7.616
1530 15.0 3.476 7.428
1540 15.0 3.502 7.258
1550 15.0 3.175 7.366
1560 15.0 3.123 7.402
1570 15.0 3.302 7.735
1580 15.0 2.433 7.733
1590 15.0 3.012 8.210
1550 41.0 0.117 4.893
1560 41.0 0.631 4.884
1570 41.0 1.144 4.874
1580 41.0 1.650 4.856
1590 41.0 2.146 4.825
1600 41.0 2.642 4.795
1610 41.0 3.145 4.777
1620 41.0 3.665 4.790
1630 41.0 3.057 4.867
1640 41.0 2.811 4.374
1650 41.0 3.409 4.661
1660 41.0 3.300 4.648
1670 41.0 4.073 4.390
1680 41.0 4.409 4.080
1690 41.0 3.922 4.135
1700 41.0 5.077 3.793
1710 41.0 3.973 4.519
1720 41.0 5.008 4.361
1730 41.0 6.187 3.937
1740 41.0 6.174 4.433
1550 42.0 0.119 5.756
1560 42.0 0.612 5.715
1570 42.0 1.105 5.674
1580 42.0 1.598 5.633
1590 42.0 2.097 5.606
1600 42.0 2.606 5.600
1610 42.0 3.114 5.594
1620 42.0 3.622 5.589
1630 42.0 2.802 5.351
1640 42.0 2.675 5.645
1650 42.0 2.283 5.751
1660 42.0 2.475 5.271
1670 42.0 3.035 5.036
1680 42.0 2.536 5.409
1690 42.0 3.826 4.723
1700 42.0 4.964 4.434
1710 42.0 5.043 3.939
1720 42.0 4.469 3.851
1730 42.0 5.518 3.717
1740 42.0 4.838 3.712
1560 43.0 15.010 4.559
1570 43.0 14.343 4.549
1580 43.0 13.677 4.540
1590 43.0 13.036 4.568
1600 43.0 12.422 4.635
1610 43.0 11.807 4.702
1620 43.0 11.193 4.712
1630 43.0 10.579 4.721
1640 43.0 10.589 4.831
1650 43.0 9.352 5.242
1660 43.0 10.173 5.459
1670 43.0 9.711 5.621
1680 43.0 9.446 5.818
1690 43.0 9.147 5.457
1700 43.0 8.550 5.587
1710 43.0 8.235 5.959
1720 43.0 7.301 7.176
1730 43.0 8.433 6.747
1740 43.0 8.119 7.331
1750 43.0 7.786 7.795
1570 44.0 14.612 3.778
1580 44.0 13.943 3.854
1590 44.0 13.274 3.931
1600 44.0 12.623 3.962
1610 44.0 11.984 3.962
1620 44.0 11.345 3.962
1630 44.0 10.720 3.938
1640 44.0 10.096 3.911
1650 44.0 11.462 4.119
1660 44.0 11.153 3.953
1670 44.0 10.803 4.047
1680 44.0 11.116 3.904
1690 44.0 10.564 3.901
1700 44.0 10.074 4.055
1710 44.0 9.791 4.160
1720 44.0 9.972 3.851
1730 44.0 9.548 3.990
1740 44.0 9.442 4.384
1750 44.0 8.397 5.009
1760 44.0 9.072 5.076
1600 16.0 2.254 7.112
1610 16.0 2.162 7.112
1620 16.0 2.069 7.112
1630 16.0 1.976 7.082
1640 16.0 1.882 7.040
1650 16.0 1.789 6.998
1660 16.0 1.696 6.955
1670 16.0 1.625 6.920
1680 16.0 1.536 7.135
1690 16.0 1.605 7.070
1700 16.0 1.586 7.106
1710 16.0 1.575 6.843
1720 16.0 1.636 7.022
1730 16.0 1.480 7.103
1740 16.0 1.448 7.093
1750 16.0 1.408 7.221
1760 16.0 0.851 7.376
1770 16.0 0.457 7.494
1780 16.0 0.525 7.196
1790 16.0 0.669 7.551
1660 45.0 0.039 4.026
1670 45.0 0.540 4.051
1680 45.0 1.041 4.075
1690 45.0 1.541 4.100
1700 45.0 2.029 4.130
1710 45.0 2.513 4.162
1720 45.0 2.997 4.194
1730 45.0 3.374 4.373
1740 45.0 3.145 4.232
1750 45.0 2.885 4.116
1760 45.0 3.421 4.193
1770 45.0 3.761 3.405
1780 45.0 4.352 3.301
1790 45.0 4.194 3.186
1800 45.0 5.973 2.780
1810 45.0 5.088 3.026
1820 45.0 5.729 3.173
1830 45.0 6.996 2.745
1840 45.0 5.178 3.328
1850 45.0 5.361 3.218
1660 47.0 -0.016 4.842
1670 47.0 0.459 4.851
1680 47.0 0.935 4.860
1690 47.0 1.410 4.869
1700 47.0 1.899 4.903
1710 47.0 2.387 4.937
1720 47.0 2.866 4.997
1730 47.0 3.305 5.163
1740 47.0 2.954 4.925
1750 47.0 2.944 5.317
1760 47.0 2.982 5.163
1770 47.0 2.888 4.897
1780 47.0 2.789 5.436
1790 47.0 3.248 5.116
1800 47.0 3.797 5.041
1810 47.0 3.662 5.225
1820 47.0 4.057 4.868
1830 47.0 3.548 4.529
1840 47.0 4.501 4.513
1850 47.0 4.744 4.163
1820 49.0 0.208 7.031
1830 49.0 0.395 6.934
1840 49.0 0.582 6.836
1850 49.0 0.774 6.714
1860 49.0 0.973 6.555
1870 49.0 1.172 6.396
1880 49.0 1.370 6.237
1890 49.0 1.535 6.166
1900 49.0 2.258 5.850
1910 49.0 1.662 5.876
1920 49.0 1.667 6.011
1930 49.0 2.182 5.876
1940 49.0 2.654 5.654
1950 49.0 2.349 5.422
1960 49.0 2.983 5.268
1970 49.0 3.193 5.568
1980 49.0 3.893 4.927
1990 49.0 3.122 5.288
2000 49.0 3.204 4.985
2010 49.0 4.225 4.665
1850 52.0 0.168 5.767
1860 52.0 0.379 5.668
1870 52.0 0.589 5.570
1880 52.0 0.800 5.471
1890 52.0 1.010 5.372
1900 52.0 1.231 5.326
1910 52.0 1.463 5.334
1920 52.0 1.694 5.342
1930 52.0 1.123 5.351
1940 52.0 0.622 5.865
1950 52.0 0.953 5.770
1960 52.0 1.133 5.528
1970 52.0 1.438 5.605
1980 52.0 1.521 5.499
1990 52.0 1.458 5.478
2000 52.0 1.822 5.117
2010 52.0 1.577 5.173
2020 52.0 2.135 4.837
2030 52.0 3.016 4.805
2040 52.0 3.061 4.763
1860 46.0 5.609 4.996
1870 46.0 5.643 5.010
1880 46.0 5.677 5.024
1890 46.0 5.732 5.044
1900 46.0 5.872 5.083
1910 46.0 6.012 5.123
1920 46.0 6.079 5.144
1930 46.0 6.127 5.159
1940 46.0 6.127 5.013
1950 46.0 6.108 5.122
1960 46.0 6.033 5.116
1970 46.0 5.893 5.267
1980 46.0 6.057 5.400
1990 46.0 6.112 5.251
2000 46.0 6.366 5.442
2010 46.0 6.486 5.337
2020 46.0 6.274 5.244
2030 46.0 6.146 5.263
2040 46.0 6.174 5.526
2050 46.0 5.992 5.508
1860 48.0 5.382 5.743
1870 48.0 5.393 5.749
1880 48.0 5.404 5.755
1890 48.0 5.415 5.760
1900 48.0 5.426 5.766
1910 48.0 5.437 5.771
1920 48.0 5.448 5.777
1930 48.0 5.459 5.782
1940 48.0 5.513 5.755
1950 48.0 5.464 5.807
1960 48.0 5.425 5.887
1970 48.0 5.460 5.857
1980 48.0 5.409 5.883
1990 48.0 5.411 5.826
2000 48.0 5.407 5.874
2010 48.0 5.298 5.906
2020 48.0 5.272 5.840
2030 48.0 5.408 5.839
2040 48.0 5.375 5.866
2050 48.0 5.470 5.965
2020 50.0 3.670 6.303
2030 50.0 3.709 6.344
2040 50.0 3.749 6.385
2050 50.0 3.788 6.426
2060 50.0 3.828 6.467
2070 50.0 3.977 6.494
2080 50.0 4.289 6.501
2090 50.0 4.602 6.508
2100 50.0 4.418 6.488
2110 50.0 4.662 6.318
2120 50.0 3.975 6.424
2130 50.0 4.416 6.222
2140 50.0 4.562 6.115
2150 50.0 4.710 6.119
2160 50.0 5.049 6.004
2170 50.0 5.237 6.002
2180 50.0 5.157 6.050
2190 50.0 4.814 5.977
2200 50.0 5.235 5.827
2210 50.0 5.240 5.785
2030 54.0 0.410 5.267
2040 54.0 1.147 5.061
2050 54.0 1.865 4.881
2060 54.0 2.538 4.761
2070 54.0 3.213 4.651
2080 54.0 3.891 4.563
2090 54.0 4.569 4.474
2100 54.0 5.275 4.393
2110 54.0 4.780 4.372
2120 54.0 4.894 4.765
2130 54.0 5.478 4.397
2140 54.0 5.672 4.575
2150 54.0 4.845 4.748
2160 54.0 5.119 4.679
2170 54.0 5.002 4.833
2180 54.0 7.105 3.719
2190 54.0 6.849 3.551
2200 54.0 5.458 4.428
2210 54.0 4.979 4.328
2220 54.0 4.649 4.323
2050 53.0 3.884 5.754
2060 53.0 3.995 5.768
2070 53.0 4.185 5.760
2080 53.0 4.494 5.721
2090 53.0 4.802 5.682
2100 53.0 5.110 5.644
2110 53.0 5.420 5.600
2120 53.0 5.741 5.519
2130 53.0 5.182 6.013
2140 53.0 5.912 5.694
2150 53.0 5.794 5.696
2160 53.0 5.434 5.830
2170 53.0 6.016 5.886
2180 53.0 6.301 5.766
2190 53.0 7.064 5.809
2200 53.0 7.073 6.146
2210 53.0 7.143 6.092
2220 53.0 6.587 6.590
2230 53.0 6.162 6.518
2240 53.0 7.504 6.000
2080 55.0 14.714 4.725
2090 55.0 14.045 4.964
2100 55.0 13.445 5.151
2110 55.0 12.861 5.324
2120 55.0 12.272 5.498
2130 55.0 11.679 5.672
2140 55.0 11.086 5.812
2150 55.0 10.495 5.903
2160 55.0 10.872 6.218
2170 55.0 10.256 6.427
2180 55.0 9.341 6.494
2190 55.0 8.477 7.310
2200 55.0 9.808 6.952
2210 55.0 9.688 6.874
2220 55.0 8.223 7.879
2230 55.0 7.833 7.422
2240 55.0 7.024 7.557
2250 55.0 8.666 7.078
2260 55.0 7.882 8.115
2270 55.0 8.514 7.727
2220 51.0 9.098 5.560
2230 51.0 9.421 5.482
2240 51.0 9.698 5.448
2250 51.0 9.976 5.414
2260 51.0 10.253 5.380
2270 51.0 10.530 5.346
2280 51.0 10.808 5.312
2290 51.0 11.085 5.278
2300 51.0 11.178 5.084
2310 51.0 11.384 4.879
2320 51.0 10.416 5.499
2330 51.0 10.402 5.769
2340 51.0 10.715 5.291
2350 51.0 11.113 5.325
2360 51.0 10.796 5.213
2370 51.0 11.131 4.831
2380 51.0 11.005 5.004
2390 51.0 10.960 4.997
2400 51.0 11.359 4.666
2410 51.0 12.426 4.434
2520 56.0 14.971 4.481
2530 56.0 14.478 4.539
2540 56.0 13.984 4.596
2550 56.0 13.491 4.654
2560 56.0 12.928 4.678
2570 56.0 12.365 4.702
2580 56.0 11.802 4.725
2590 56.0 11.239 4.749
2600 56.0 12.365 4.652
2610 56.0 12.264 4.491
2620 56.0 11.634 4.724
2630 56.0 11.503 5.356
2640 56.0 11.511 5.693
2650 56.0 9.973 5.436
2660 56.0 9.894 4.982
2670 56.0 10.705 5.094
2680 56.0 10.130 4.986
2690 56.0 9.257 5.149
2700 56.0 10.139 5.141
2710 56.0 10.123 5.674
2530 57.0 14.721 5.039
2540 57.0 14.217 5.107
2550 57.0 13.713 5.176
2560 57.0 13.140 5.253
2570 57.0 12.521 5.338
2580 57.0 11.902 5.422
2590 57.0 11.303 5.497
2600 57.0 10.782 5.537
2610 57.0 11.419 5.389
2620 57.0 10.434 5.845
2630 57.0 11.107 5.793
2640 57.0 9.634 6.334
2650 57.0 9.927 6.418
2660 57.0 10.600 6.172
2670 57.0 9.886 6.593
2680 57.0 9.624 6.850
2690 57.0 7.851 7.485
2700 57.0 8.789 7.233
2710 57.0 7.020 7.567
2720 57.0 7.141 7.929
2870 58.0 15.036 3.836
2880 58.0 14.528 3.902
2890 58.0 14.020 3.967
2900 58.0 13.512 4.033
2910 58.0 13.053 4.099
2920 58.0 12.593 4.163
2930 58.0 12.134 4.229
2940 58.0 11.634 4.280
2950 58.0 12.299 4.050
2960 58.0 11.752 3.975
2970 58.0 10.297 3.741
2980 58.0 10.655 3.724
2990 58.0 9.378 3.449
3000 58.0 9.034 3.829
3010 58.0 10.178 3.504
3020 58.0 9.775 4.121
3030 58.0 10.470 3.603
3040 58.0 10.861 4.239
3050 58.0 11.130 4.776
3060 58.0 10.025 4.606
2880 59.0 15.024 4.255
2890 59.0 14.568 4.327
2900 59.0 14.112 4.399
2910 59.0 13.653 4.473
2920 59.0 13.173 4.570
2930 59.0 12.693 4.667
2940 59.0 12.213 4.763
2950 59.0 11.777 4.832
2960 59.0 11.866 5.104
2970 59.0 11.192 5.366
2980 59.0 11.379 5.094
2990 59.0 10.481 5.482
3000 59.0 9.830 5.870
3010 59.0 9.358 5.932
3020 59.0 8.670 5.995
3030 59.0 8.691 5.799
3040 59.0 6.947 6.407
3050 59.0 7.442 6.720
3060 59.0 8.663 6.450
3070 59.0 6.137 7.157
2930 60.0 -0.093 5.761
2940 60.0 0.455 5.737
2950 60.0 1.002 5.714
2960 60.0 1.549 5.690
2970 60.0 2.069 5.697
2980 60.0 2.570 5.725
2990 60.0 3.072 5.753
3000 60.0 3.568 5.777
3010 60.0 3.245 5.631
3020 60.0 2.590 5.690
3030 60.0 2.839 5.236
3040 60.0 3.508 5.212
3050 60.0 4.705 4.793
3060 60.0 4.063 5.265
3070 60.0 4.725 4.681
3080 60.0 4.839 4.512
3090 60.0 4.047 5.042
3100 60.0 5.745 4.535
3110 60.0 5.755 4.189
3120 60.0 5.658 4.453
3030 61.0 14.736 4.602
3040 61.0 14.061 4.651
3050 61.0 13.386 4.701
3060 61.0 12.733 4.686
3070 61.0 12.102 4.606
3080 61.0 11.470 4.527
3090 61.0 10.813 4.504
3100 61.0 10.129 4.538
3110 61.0 11.896 4.476
3120 61.0 12.642 4.751
3130 61.0 11.506 5.114
3140 61.0 10.955 4.724
3150 61.0 10.591 4.260
3160 61.0 10.051 4.272
3170 61.0 9.363 4.353
3180 61.0 11.032 4.384
3190 61.0 10.259 4.818
3200 61.0 11.541 4.463
3210 61.0 9.329 4.742
3220 61.0 11.366 4.802
3040 62.0 0.301 4.866
3050 62.0 0.782 4.840
3060 62.0 1.263 4.815
3070 62.0 1.756 4.782
3080 62.0 2.279 4.731
3090 62.0 2.802 4.681
3100 62.0 3.325 4.630
3110 62.0 3.864 4.574
3120 62.0 3.385 4.342
3130 62.0 4.708 3.815
3140 62.0 5.069 3.274
3150 62.0 5.285 3.401
3160 62.0 5.753 3.849
3170 62.0 3.892 3.956
3180 62.0 5.245 3.121
3190 62.0 5.765 3.215
3200 62.0 6.705 3.182
3210 62.0 6.270 2.899
3220 62.0 6.116 3.561
3230 62.0 8.242 2.808
3040 63.0 0.113 4.163
3050 63.0 0.669 4.061
3060 63.0 1.225 3.958
3070 63.0 1.774 3.864
3080 63.0 2.262 3.844
3090 63.0 2.749 3.823
3100 63.0 3.236 3.803
3110 63.0 3.751 3.762
3120 63.0 2.859 4.030
3130 63.0 1.821 4.840
3140 63.0 2.720 4.104
3150 63.0 3.651 3.926
3160 63.0 2.911 4.291
3170 63.0 3.047 4.027
3180 63.0 3.701 3.706
3190 63.0 4.199 3.928
3200 63.0 3.886 3.790
3210 63.0 4.654 3.482
3220 63.0 5.015 3.614
3230 63.0 3.910 4.178
3130 64.0 0.535 4.003
3140 64.0 1.084 4.045
3150 64.0 1.633 4.088
3160 64.0 2.158 4.146
3170 64.0 2.667 4.216
3180 64.0 3.176 4.285
3190 64.0 3.671 4.317
3200 64.0 4.151 4.311
3210 64.0 2.944 3.996
3220 64.0 3.087 3.931
3230 64.0 2.817 4.125
3240 64.0 2.942 4.308
3250 64.0 3.893 4.110
3260 64.0 4.455 3.477
3270 64.0 3.976 4.149
3280 64.0 4.319 4.042
3290 64.0 3.883 4.017
3300 64.0 5.230 3.683
3310 64.0 5.128 3.550
3320 64.0 4.617 3.949
3130 65.0 0.447 3.272
3140 65.0 0.881 3.337
3150 65.0 1.314 3.402
3160 65.0 1.754 3.461
3170 65.0 2.241 3.461
3180 65.0 2.729 3.461
3190 65.0 3.217 3.461
3200 65.0 3.704 3.461
3210 65.0 3.675 3.553
3220 65.0 3.283 3.555
3230 65.0 3.075 3.326
3240 65.0 3.124 3.855
3250 65.0 3.466 3.470
3260 65.0 4.110 3.436
3270 65.0 5.079 3.215
3280 65.0 4.540 3.378
3290 65.0 5.024 3.571
3300 65.0 5.965 2.622
3310 65.0 4.147 4.818
3320 65.0 5.057 4.071
3190 66.0 0.295 3.437
3200 66.0 0.798 3.394
3210 66.0 1.302 3.351
3220 66.0 1.797 3.316
3230 66.0 2.259 3.309
3240 66.0 2.721 3.303
3250 66.0 3.183 3.296
3260 66.0 3.661 3.286
3270 66.0 3.941 2.824
3280 66.0 4.103 2.978
3290 66.0 3.787 2.693
3300 66.0 3.167 2.895
3310 66.0 3.499 2.691
3320 66.0 3.849 2.448
3330 66.0 4.126 2.157
3340 66.0 4.748 1.731
3350 66.0 5.127 1.483
3360 66.0 4.779 1.201
3370 66.0 5.659 0.665
3380 66.0 5.854 0.647
3210 67.0 14.773 3.586
3220 67.0 14.206 3.687
3230 67.0 13.640 3.788
3240 67.0 13.067 3.912
3250 67.0 12.491 4.045
3260 67.0 11.915 4.179
3270 67.0 11.363 4.312
3280 67.0 10.867 4.447
3290 67.0 11.313 4.404
3300 67.0 12.348 4.096
3310 67.0 11.864 4.615
3320 67.0 10.918 4.787
3330 67.0 9.935 5.129
3340 67.0 9.834 4.551
3350 67.0 8.918 4.812
3360 67.0 9.957 5.146
3370 67.0 9.408 5.613
3380 67.0 8.652 5.967
3390 67.0 8.222 6.108
3400 67.0 8.012 5.886
3210 68.0 14.913 4.469
3220 68.0 14.338 4.621
3230 68.0 13.764 4.773
3240 68.0 13.242 4.844
3250 68.0 12.720 4.915
3260 68.0 12.206 4.999
3270 68.0 11.711 5.115
3280 68.0 11.216 5.231
3290 68.0 11.647 5.110
3300 68.0 11.541 4.935
3310 68.0 10.514 4.999
3320 68.0 9.368 5.649
3330 68.0 10.097 5.223
3340 68.0 10.195 6.207
3350 68.0 8.703 6.785
3360 68.0 9.169 6.139
3370 68.0 9.176 6.600
3380 68.0 6.641 7.824
3390 68.0 7.663 7.783
3400 68.0 6.578 7.987
3340 69.0 0.430 3.242
3350 69.0 1.030 3.233
3360 69.0 1.630 3.225
3370 69.0 2.174 3.196
3380 69.0 2.693 3.158
3390 69.0 3.213 3.121
3400 69.0 3.749 3.077
3410 69.0 4.300 3.025
3420 69.0 2.695 3.680
3430 69.0 3.389 3.287
3440 69.0 3.368 2.981
3450 69.0 2.972 2.994
3460 69.0 3.398 3.231
3470 69.0 3.700 2.867
3480 69.0 3.173 3.057
3490 69.0 3.668 3.070
3500 69.0 4.896 2.307
3510 69.0 4.181 3.054
3520 69.0 4.064 2.245
3530 69.0 4.606 2.255
3370 70.0 0.008 4.074
3380 70.0 0.566 4.032
3390 70.0 1.125 3.991
3400 70.0 1.682 3.946
3410 70.0 2.237 3.896
3420 70.0 2.792 3.845
3430 70.0 3.346 3.795
3440 70.0 3.941 3.759
3450 70.0 4.660 3.145
3460 70.0 3.767 3.511
3470 70.0 3.608 3.229
3480 70.0 4.093 2.644
3490 70.0 3.330 2.957
3500 70.0 4.668 2.487
3510 70.0 4.803 2.271
3520 70.0 5.266 2.156
3530 70.0 4.021 2.092
3540 70.0 5.837 1.716
3550 70.0 6.362 1.257
3560 70.0 8.191 0.398
3370 71.0 0.273 6.794
3380 71.0 0.761 6.689
3390 71.0 1.249 6.584
3400 71.0 1.794 6.556
3410 71.0 2.352 6.547
3420 71.0 2.902 6.533
3430 71.0 3.418 6.502
3440 71.0 3.934 6.471
3450 71.0 3.023 6.589
3460 71.0 4.148 6.066
3470 71.0 3.444 6.226
3480 71.0 3.500 6.136
3490 71.0 4.866 5.614
3500 71.0 4.685 5.607
3510 71.0 3.741 5.813
3520 71.0 2.306 6.076
3530 71.0 4.589 5.895
3540 71.0 3.689 6.004
3550 71.0 3.473 6.635
3560 71.0 5.793 5.372
3570 72.0 15.102 3.915
3580 72.0 14.833 4.030
3590 72.0 14.563 4.144
3600 72.0 14.356 4.256
3610 72.0 14.295 4.364
3620 72.0 14.234 4.472
3630 72.0 14.115 4.564
3640 72.0 13.764 4.594
3650 72.0 14.023 4.529
3660 72.0 13.983 4.557
3670 72.0 13.473 4.551
3680 72.0 13.628 4.498
3690 72.0 13.338 4.485
3700 72.0 13.134 4.814
3710 72.0 13.372 4.779
3720 72.0 13.276 4.735
3730 72.0 13.093 4.655
3740 72.0 13.288 5.010
3750 72.0 13.337 5.031
3760 72.0 12.515 4.905
3580 73.0 15.043 4.673
3590 73.0 14.950 4.505
3600 73.0 14.858 4.337
3610 73.0 14.765 4.168
3620 73.0 14.610 4.003
3630 73.0 14.208 3.851
3640 73.0 13.807 3.699
3650 73.0 13.268 3.737
3660 73.0 13.361 3.630
3670 73.0 13.225 3.452
3680 73.0 12.346 3.614
3690 73.0 13.248 3.337
3700 73.0 12.622 2.842
3710 73.0 12.638 2.889
3720 73.0 12.450 2.862
3730 73.0 11.381 2.857
3740 73.0 12.576 3.981
3750 73.0 11.847 2.852
3760 73.0 10.873 3.146
3770 73.0 11.055 3.563
3580 74.0 0.153 8.464
3590 74.0 0.296 8.127
3600 74.0 0.438 7.790
3610 74.0 0.581 7.453
3620 74.0 0.780 7.140
3630 74.0 1.209 6.919
3640 74.0 1.638 6.698
3650 74.0 2.086 6.538
3660 74.0 1.964 6.655
3670 74.0 2.518 6.673
3680 74.0 2.621 6.092
3690 74.0 3.334 5.880
3700 74.0 3.453 5.626
3710 74.0 3.960 5.221
3720 74.0 5.406 4.292
3730 74.0 4.821 4.766
3740 74.0 5.234 4.510
3750 74.0 6.326 3.516
3760 74.0 7.305 2.935
3770 74.0 6.122 3.929
3630 76.0 14.857 4.746
3640 76.0 14.474 4.930
3650 76.0 14.042 5.111
3660 76.0 13.495 5.283
3670 76.0 12.948 5.455
3680 76.0 12.441 5.551
3690 76.0 11.945 5.627
3700 76.0 11.449 5.704
3710 76.0 11.522 6.336
3720 76.0 10.987 6.252
3730 76.0 11.041 6.378
3740 76.0 10.794 7.095
3750 76.0 9.798 7.712
3760 76.0 9.047 8.169
3770 76.0 9.623 7.652
3780 76.0 7.740 8.660
3790 76.0 8.553 7.945
3800 76.0 10.084 7.819
3810 76.0 7.923 9.136
3820 76.0 7.769 8.940
3650 77.0 14.998 4.387
3660 77.0 14.490 4.584
3670 77.0 13.982 4.780
3680 77.0 13.475 4.977
3690 77.0 12.954 5.074
3700 77.0 12.428 5.128
3710 77.0 11.921 5.174
3720 77.0 11.432 5.212
3730 77.0 12.479 5.391
3740 77.0 11.126 5.850
3750 77.0 10.955 6.243
3760 77.0 10.422 6.199
3770 77.0 9.881 6.235
3780 77.0 9.259 7.029
3790 77.0 8.714 6.774
3800 77.0 9.014 6.747
3810 77.0 7.687 7.836
3820 77.0 7.582 6.920
3830 77.0 7.836 6.979
3840 77.0 8.558 7.148
3660 75.0 0.211 6.311
3670 75.0 0.639 5.941
3680 75.0 1.067 5.571
3690 75.0 1.519 5.237
3700 75.0 2.063 5.048
3710 75.0 2.606 4.859
3720 75.0 3.110 4.579
3730 75.0 3.604 4.276
3740 75.0 3.670 4.114
3750 75.0 3.333 4.417
3760 75.0 4.496 4.102
3770 75.0 3.902 3.694
3780 75.0 5.296 3.163
3790 75.0 4.305 3.677
3800 75.0 4.969 3.437
3810 75.0 5.861 2.534
3820 75.0 5.598 2.937
3830 75.0 6.092 3.098
3840 75.0 5.305 2.897
3850 75.0 5.503 2.801
3760 78.0 0.385 4.076
3770 78.0 0.837 4.049
3780 78.0 1.289 4.023
3790 78.0 1.735 4.009
3800 78.0 2.175 4.009
3810 78.0 2.615 4.009
3820 78.0 3.057 4.006
3830 78.0 3.505 3.991
3840 78.0 2.948 3.802
3850 78.0 3.701 3.717
3860 78.0 4.076 3.835
3870 78.0 3.588 4.178
3880 78.0 4.398 3.225
3890 78.0 3.841 4.202
3900 78.0 4.610 3.569
3910 78.0 5.403 2.781
3920 78.0 5.714 2.566
3930 78.0 6.384 2.702
3940 78.0 6.896 2.547
3950 78.0 6.695 3.015
3760 79.0 0.153 3.566
3770 79.0 0.625 3.533
3780 79.0 1.097 3.500
3790 79.0 1.568 3.467
3800 79.0 2.008 3.436
3810 79.0 2.440 3.404
3820 79.0 2.872 3.373
3830 79.0 3.304 3.341
3840 79.0 3.528 3.087
3850 79.0 3.528 2.802
3860 79.0 4.416 2.390
3870 79.0 4.554 2.354
3880 79.0 4.301 2.303
3890 79.0 5.214 1.801
3900 79.0 5.246 2.056
3910 79.0 4.294 1.777
3920 79.0 5.897 1.110
3930 79.0 6.142 1.169
3940 79.0 7.384 0.501
3950 79.0 5.121 1.251
3760 80.0 0.225 2.904
3770 80.0 0.668 2.930
3780 80.0 1.112 2.955
3790 80.0 1.555 2.981
3800 80.0 2.018 2.909
3810 80.0 2.482 2.827
3820 80.0 2.947 2.745
3830 80.0 3.405 2.745
3840 80.0 2.826 2.273
3850 80.0 2.739 2.461
3860 80.0 3.267 2.199
3870 80.0 3.154 2.055
3880 80.0 3.581 1.732
3890 80.0 3.278 2.095
3900 80.0 5.325 1.134
3910 80.0 4.340 1.598
3920 80.0 5.449 0.632
3930 80.0 4.565 1.143
3940 80.0 7.376 -0.305
3950 80.0 6.246 0.453
4010 81.0 12.623 12.343
4020 81.0 12.710 12.011
4030 81.0 12.797 11.679
4040 81.0 12.885 11.347
4050 81.0 12.972 11.016
4060 81.0 13.004 10.734
4070 81.0 13.000 10.486
4080 81.0 12.996 10.237
4090 81.0 13.122 9.251
4100 81.0 13.160 9.197
4110 81.0 13.014 8.859
4120 81.0 12.869 9.136
4130 81.0 12.890 8.045
4140 81.0 12.966 6.825
4150 81.0 12.930 7.046
4160 81.0 13.047 6.517
4170 81.0 13.156 5.748
4180 81.0 13.418 5.739
4190 81.0 13.458 4.825
4200 81.0 13.241 2.948
4010 83.0 13.381 12.284
4020 83.0 13.396 12.068
4030 83.0 13.411 11.851
4040 83.0 13.425 11.635
4050 83.0 13.440 11.418
4060 83.0 13.471 11.166
4070 83.0 13.526 10.860
4080 83.0 13.580 10.554
4090 83.0 13.760 10.128
4100 83.0 13.802 9.565
4110 83.0 13.747 9.618
4120 83.0 13.744 9.361
4130 83.0 13.890 8.678
4140 83.0 13.719 7.699
4150 83.0 14.031 7.538
4160 83.0 13.735 6.007
4170 83.0 13.986 6.143
4180 83.0 14.092 5.350
4190 83.0 13.843 5.753
4200 83.0 14.286 4.672
4210 82.0 12.697 6.826
4220 82.0 12.533 6.587
4230 82.0 12.330 6.380
4240 82.0 12.039 6.247
4250 82.0 11.748 6.113
4260 82.0 11.457 5.980
4270 82.0 11.096 5.978
4280 82.0 10.726 5.991
4290 82.0 10.577 6.257
4300 82.0 10.827 6.123
4310 82.0 10.354 6.647
4320 82.0 10.430 6.529
4330 82.0 10.877 6.935
4340 82.0 10.259 6.744
4350 82.0 9.540 6.996
4360 82.0 9.769 7.062
4370 82.0 9.999 6.882
4380 82.0 9.960 6.853
4390 82.0 9.271 7.212
4400 82.0 8.301 7.383
4210 84.0 13.531 6.819
4220 84.0 13.403 6.512
4230 84.0 13.144 6.227
4240 84.0 12.828 5.952
4250 84.0 12.501 5.694
4260 84.0 12.073 5.594
4270 84.0 11.645 5.494
4280 84.0 11.218 5.394
4290 84.0 11.029 6.047
4300 84.0 11.062 5.504
4310 84.0 11.313 6.157
4320 84.0 10.179 6.037
4330 84.0 10.741 5.304
4340 84.0 10.124 5.718
4350 84.0 9.333 5.460
4360 84.0 9.296 5.976
4370 84.0 9.879 6.055
4380 84.0 9.404 6.127
4390 84.0 9.035 6.250
4400 84.0 8.073 6.381
4310 85.0 15.159 6.899
4320 85.0 14.719 6.813
4330 85.0 14.279 6.726
4340 85.0 13.839 6.639
4350 85.0 13.403 6.514
4360 85.0 12.974 6.333
4370 85.0 12.545 6.152
4380 85.0 12.070 6.050
4390 85.0 12.747 6.200
4400 85.0 12.205 6.843
4410 85.0 11.761 6.527
4420 85.0 11.691 6.658
4430 85.0 11.522 6.836
4440 85.0 12.080 7.063
4450 85.0 12.483 6.674
4460 85.0 11.088 7.124
4470 85.0 10.388 6.907
4480 85.0 10.885 7.516
4490 85.0 10.700 7.052
4500 85.0 9.458 7.577
4350 86.0 0.082 3.933
4360 86.0 0.522 3.985
4370 86.0 0.961 4.036
4380 86.0 1.403 4.047
4390 86.0 1.846 4.030
4400 86.0 2.290 4.013
4410 86.0 2.727 3.990
4420 86.0 3.162 3.965
4430 86.0 3.541 3.897
4440 86.0 3.748 3.395
4450 86.0 3.897 3.639
4460 86.0 4.877 3.345
4470 86.0 4.784 2.910
4480 86.0 4.430 3.398
4490 86.0 3.887 3.375
4500 86.0 5.082 2.832
4510 86.0 5.434 2.718
4520 86.0 4.525 2.948
4530 86.0 5.518 2.407
4540 86.0 6.096 2.429
4360 88.0 0.638 2.784
4370 88.0 1.410 2.816
4380 88.0 2.182 2.848
4390 88.0 2.924 2.887
4400 88.0 3.636 2.933
4410 88.0 4.349 2.979
4420 88.0 5.077 2.983
4430 88.0 5.807 2.983
4440 88.0 4.185 2.423
4450 88.0 3.866 2.918
4460 88.0 4.827 2.612
4470 88.0 4.779 3.459
4480 88.0 4.753 2.912
4490 88.0 4.213 2.879
4500 88.0 5.173 2.008
4510 88.0 5.852 2.440
4520 88.0 6.023 1.971
4530 88.0 5.222 2.657
4540 88.0 6.338 2.042
4550 88.0 5.952 2.793
4460 89.0 5.127 4.551
4470 89.0 5.572 4.537
4480 89.0 6.018 4.523
4490 89.0 6.460 4.511
4500 89.0 6.870 4.518
4510 89.0 7.279 4.524
4520 89.0 7.689 4.531
4530 89.0 8.085 4.546
4540 89.0 7.806 4.526
4550 89.0 7.447 5.350
4560 89.0 8.003 4.731
4570 89.0 8.104 5.025
4580 89.0 8.512 4.972
4590 89.0 7.250 4.769
4600 89.0 8.276 4.825
4610 89.0 8.866 4.469
4620 89.0 9.956 4.453
4630 89.0 9.580 4.682
4640 89.0 10.057 4.423
4650 89.0 9.215 4.286
4550 87.0 8.796 3.925
4560 87.0 9.193 3.904
4570 87.0 9.568 3.903
4580 87.0 9.889 3.945
4590 87.0 10.211 3.987
4600 87.0 10.533 4.029
4610 87.0 10.835 4.158
4620 87.0 11.134 4.296
4630 87.0 10.617 3.974
4640 87.0 10.005 4.141
4650 87.0 10.080 4.043
4660 87.0 10.536 4.066
4670 87.0 10.666 3.906
4680 87.0 10.780 4.028
4690 87.0 11.345 3.764
4700 87.0 11.780 3.491
4710 87.0 11.588 3.977
4720 87.0 11.504 3.913
4730 87.0 11.885 3.498
4740 87.0 12.211 3.729
4670 90.0 0.524 4.111
4680 90.0 1.109 4.171
4690 90.0 1.693 4.230
4700 90.0 2.278 4.290
4710 90.0 2.821 4.201
4720 90.0 3.359 4.096
4730 90.0 3.898 3.991
4740 90.0 4.438 3.955
4750 90.0 3.236 5.139
4760 90.0 3.900 4.084
4770 90.0 3.490 4.438
4780 90.0 3.394 4.668
4790 90.0 3.208 4.857
4800 90.0 4.521 4.437
4810 90.0 3.927 3.675
4820 90.0 3.879 3.816
4830 90.0 3.990 3.696
4840 90.0 4.001 3.953
4850 90.0 4.149 3.914
4860 90.0 4.786 3.799
4750 91.0 14.721 4.652
4760 91.0 14.107 4.600
4770 91.0 13.509 4.541
4780 91.0 12.969 4.453
4790 91.0 12.429 4.366
4800 91.0 11.882 4.321
4810 91.0 11.309 4.447
4820 91.0 10.736 4.573
4830 91.0 11.358 4.521
4840 91.0 10.620 4.811
4850 91.0 11.184 4.695
4860 91.0 11.063 5.001
4870 91.0 11.017 5.367
4880 91.0 10.752 5.477
4890 91.0 11.798 5.885
4900 91.0 9.293 6.026
4910 91.0 9.639 6.346
4920 91.0 8.350 6.454
4930 91.0 7.943 7.374
4940 91.0 7.746 7.355
4750 92.0 15.048 5.179
4760 92.0 14.502 5.209
4770 92.0 13.957 5.239
4780 92.0 13.411 5.268
4790 92.0 12.832 5.299
4800 92.0 12.245 5.331
4810 92.0 11.657 5.362
4820 92.0 11.070 5.394
4830 92.0 10.880 5.628
4840 92.0 10.506 5.677
4850 92.0 11.463 5.910
4860 92.0 10.977 6.712
4870 92.0 9.471 6.627
4880 92.0 8.144 7.031
4890 92.0 7.586 7.639
4900 92.0 9.787 7.686
4910 92.0 7.755 8.222
4920 92.0 8.191 8.599
4930 92.0 8.020 8.343
4940 92.0 6.332 8.522
4820 93.0 15.271 4.353
4830 93.0 14.556 4.449
4840 93.0 13.840 4.544
4850 93.0 13.130 4.644
4860 93.0 12.471 4.779
4870 93.0 11.811 4.914
4880 93.0 11.155 5.047
4890 93.0 10.530 5.159
4900 93.0 10.330 5.655
4910 93.0 9.755 5.697
4920 93.0 9.396 5.487
4930 93.0 9.816 6.204
4940 93.0 9.731 6.616
4950 93.0 8.706 6.689
4960 93.0 8.665 6.260
4970 93.0 8.262 7.594
4980 93.0 9.564 6.937
4990 93.0 6.185 8.459
5000 93.0 7.609 7.963
5010 93.0 5.744 8.852
5000 94.0 15.024 3.889
5010 94.0 14.634 3.896
5020 94.0 14.244 3.904
5030 94.0 13.854 3.910
5040 94.0 13.600 3.903
5050 94.0 13.482 3.880
5060 94.0 13.363 3.858
5070 94.0 13.236 3.842
5080 94.0 13.400 3.511
5090 94.0 13.486 3.842
5100 94.0 13.380 3.788
5110 94.0 13.021 3.849
5120 94.0 13.646 3.713
5130 94.0 13.396 4.011
5140 94.0 13.435 3.323
5150 94.0 13.106 4.044
5160 94.0 12.654 4.187
5170 94.0 12.275 3.983
5180 94.0 11.927 3.854
5190 94.0 12.650 3.602
5030 97.0 14.917 7.485
5040 97.0 14.587 7.163
5050 97.0 14.270 6.855
5060 97.0 14.059 6.665
5070 97.0 13.849 6.476
5080 97.0 13.645 6.292
5090 97.0 13.471 6.128
5100 97.0 13.297 5.964
5110 97.0 13.476 5.975
5120 97.0 12.856 5.507
5130 97.0 13.763 5.378
5140 97.0 13.196 5.106
5150 97.0 12.132 4.812
5160 97.0 11.965 5.250
5170 97.0 10.765 3.473
5180 97.0 11.475 5.116
5190 97.0 10.506 5.468
5200 97.0 11.391 4.995
5210 97.0 11.044 5.789
5220 97.0 10.261 5.030
5040 100.0 15.144 7.370
5050 100.0 14.905 7.023
5060 100.0 14.666 6.676
5070 100.0 14.432 6.345
5080 100.0 14.208 6.037
5090 100.0 13.984 5.729
5100 100.0 13.742 5.462
5110 100.0 13.456 5.291
5120 100.0 13.776 5.204
5130 100.0 14.482 5.575
5140 100.0 14.149 4.942
5150 100.0 14.168 4.772
5160 100.0 14.058 4.409
5170 100.0 14.599 3.854
5180 100.0 14.261 2.998
5190 100.0 14.572 1.332
5200 100.0 14.721 0.651
5210 100.0 14.886 0.370
5220 100.0 14.917 0.991
5230 100.0 15.016 0.422
5060 103.0 0.183 3.930
5070 103.0 0.671 4.007
5080 103.0 1.160 4.084
5090 103.0 1.643 4.150
5100 103.0 2.074 4.126
5110 103.0 2.506 4.103
5120 103.0 2.937 4.079
5130 103.0 3.372 4.050
5140 103.0 3.446 3.800
5150 103.0 3.558 3.876
5160 103.0 3.265 3.722
5170 103.0 3.501 3.453
5180 103.0 3.787 3.178
5190 103.0 5.414 2.358
5200 103.0 4.788 2.461
5210 103.0 5.242 2.378
5220 103.0 5.550 1.852
5230 103.0 6.038 1.622
5240 103.0 5.401 1.565
5250 103.0 6.588 1.020
5090 104.0 0.003 3.856
5100 104.0 0.522 3.941
5110 104.0 1.040 4.026
5120 104.0 1.559 4.112
5130 104.0 2.050 4.163
5140 104.0 2.535 4.207
5150 104.0 3.020 4.250
5160 104.0 3.500 4.278
5170 104.0 2.756 4.082
5180 104.0 2.081 3.978
5190 104.0 3.339 3.997
5200 104.0 2.952 4.450
5210 104.0 3.279 4.095
5220 104.0 3.395 4.051
5230 104.0 3.648 3.505
5240 104.0 4.287 3.511
5250 104.0 3.377 3.797
5260 104.0 3.880 3.456
5270 104.0 5.000 3.528
5280 104.0 4.999 2.725
5090 105.0 15.168 6.987
5100 105.0 14.839 6.927
5110 105.0 14.510 6.867
5120 105.0 14.181 6.808
5130 105.0 13.906 6.744
5140 105.0 13.683 6.676
5150 105.0 13.461 6.608
5160 105.0 13.238 6.539
5170 105.0 13.345 6.637
5180 105.0 13.308 6.319
5190 105.0 13.035 6.682
5200 105.0 13.062 6.341
5210 105.0 12.743 6.597
5220 105.0 12.431 6.973
5230 105.0 12.132 6.852
5240 105.0 11.798 6.573
5250 105.0 10.820 6.540
5260 105.0 10.809 6.503
5270 105.0 10.470 6.944
5280 105.0 11.612 7.065
5100 107.0 15.069 6.110
5110 107.0 14.817 6.126
5120 107.0 14.564 6.141
5130 107.0 14.312 6.157
5140 107.0 14.077 6.028
5150 107.0 13.843 5.898
5160 107.0 13.608 5.769
5170 107.0 13.289 5.630
5180 107.0 13.350 5.533
5190 107.0 13.000 5.573
5200 107.0 12.963 5.619
5210 107.0 12.396 5.534
5220 107.0 11.754 5.642
5230 107.0 12.516 5.893
5240 107.0 11.280 5.551
5250 107.0 11.420 5.687
5260 107.0 11.227 5.749
5270 107.0 11.330 5.797
5280 107.0 10.641 5.652
5290 107.0 11.354 5.591
5120 111.0 0.341 2.907
5130 111.0 0.687 2.899
5140 111.0 1.033 2.890
5150 111.0 1.164 2.893
5160 111.0 1.203 2.900
5170 111.0 1.241 2.908
5180 111.0 1.280 2.915
5190 111.0 1.319 2.922
5200 111.0 2.037 2.651
5210 111.0 1.875 2.722
5220 111.0 2.550 2.457
5230 111.0 2.382 2.517
5240 111.0 2.802 2.367
5250 111.0 3.250 2.067
5260 111.0 2.857 2.325
5270 111.0 3.443 2.390
5280 111.0 3.337 2.622
5290 111.0 3.336 3.163
5300 111.0 3.089 2.596
5310 111.0 3.609 2.759
5130 109.0 0.147 6.730
5140 109.0 0.491 6.452
5150 109.0 0.835 6.173
5160 109.0 1.179 5.895
5170 109.0 1.575 5.790
5180 109.0 1.971 5.684
5190 109.0 2.367 5.579
5200 109.0 2.806 5.443
5210 109.0 2.546 5.128
5220 109.0 3.028 5.141
5230 109.0 3.420 4.757
5240 109.0 4.872 4.181
5250 109.0 4.451 4.191
5260 109.0 5.528 3.861
5270 109.0 6.418 3.504
5280 109.0 6.225 3.544
5290 109.0 6.912 3.047
5300 109.0 6.924 3.369
5310 109.0 6.290 3.653
5320 109.0 7.880 2.764
5150 110.0 0.189 5.799
5160 110.0 0.649 5.587
5170 110.0 1.109 5.375
5180 110.0 1.557 5.212
5190 110.0 1.978 5.162
5200 110.0 2.399 5.113
5210 110.0 2.831 5.000
5220 110.0 3.279 4.793
5230 110.0 3.723 4.955
5240 110.0 3.666 4.830
5250 110.0 4.364 4.359
5260 110.0 4.792 3.718
5270 110.0 4.178 4.033
5280 110.0 5.242 3.565
5290 110.0 5.745 3.362
5300 110.0 6.029 3.048
5310 110.0 5.756 2.943
5320 110.0 7.469 2.280
5330 110.0 6.915 2.313
5340 110.0 4.629 3.644
5200 95.0 10.273 4.101
5210 95.0 9.964 4.152
5220 95.0 9.656 4.203
5230 95.0 9.347 4.254
5240 95.0 9.037 4.304
5250 95.0 8.777 4.378
5260 95.0 8.537 4.461
5270 95.0 8.297 4.545
5280 95.0 8.683 4.443
5290 95.0 8.119 4.370
5300 95.0 8.022 4.485
5310 95.0 7.878 4.898
5320 95.0 7.579 4.853
5330 95.0 6.907 5.022
5340 95.0 7.655 4.687
5350 95.0 7.202 4.939
5360 95.0 7.866 4.663
5370 95.0 6.098 5.207
5380 95.0 6.515 5.836
5390 95.0 5.237 6.538
5230 98.0 10.049 5.719
5240 98.0 9.804 5.773
5250 98.0 9.574 5.819
5260 98.0 9.359 5.857
5270 98.0 9.145 5.895
5280 98.0 8.930 5.933
5290 98.0 8.715 5.971
5300 98.0 8.503 6.072
5310 98.0 8.553 5.986
5320 98.0 8.842 5.977
5330 98.0 8.379 6.234
5340 98.0 8.343 6.219
5350 98.0 8.610 5.962
5360 98.0 8.398 6.023
5370 98.0 8.608 6.057
5380 98.0 8.785 6.265
5390 98.0 9.020 5.681
5400 98.0 8.651 6.131
5410 98.0 8.776 6.104
5420 98.0 8.899 6.097
5240 101.0 9.674 4.994
5250 101.0 9.438 5.043
5260 101.0 9.202 5.091
5270 101.0 8.965 5.140
5280 101.0 8.731 5.198
5290 101.0 8.504 5.295
5300 101.0 8.278 5.391
5310 101.0 8.051 5.487
5320 101.0 8.061 5.529
5330 101.0 7.548 5.610
5340 101.0 7.336 5.802
5350 101.0 7.280 6.120
5360 101.0 7.370 5.972
5370 101.0 6.462 6.467
5380 101.0 6.835 6.157
5390 101.0 6.078 6.619
5400 101.0 6.429 6.556
5410 101.0 6.190 6.539
5420 101.0 6.166 7.247
5430 101.0 5.416 7.564
5290 106.0 9.454 4.790
5300 106.0 9.155 4.809
5310 106.0 8.856 4.828
5320 106.0 8.555 4.837
5330 106.0 8.234 4.762
5340 106.0 7.912 4.687
5350 106.0 7.591 4.611
5360 106.0 7.263 4.565
5370 106.0 7.384 4.792
5380 106.0 7.320 4.912
5390 106.0 7.919 4.647
5400 106.0 7.716 4.280
5410 106.0 7.477 4.692
5420 106.0 7.368 4.438
5430 106.0 7.063 4.969
5440 106.0 6.878 4.636
5450 106.0 6.107 4.810
5460 106.0 7.008 4.839
5470 106.0 6.223 5.094
5480 106.0 6.746 4.789
5290 113.0 0.414 3.612
5300 113.0 0.948 3.629
5310 113.0 1.481 3.646
5320 113.0 1.957 3.616
5330 113.0 2.408 3.565
5340 113.0 2.859 3.513
5350 113.0 3.329 3.469
5360 113.0 3.801 3.426
5370 113.0 2.570 3.676
5380 113.0 3.266 3.962
5390 113.0 2.385 3.970
5400 113.0 3.618 3.310
5410 113.0 3.798 3.909
5420 113.0 2.876 4.153
5430 113.0 2.565 4.269
5440 113.0 3.418 3.540
5450 113.0 3.702 4.115
5460 113.0 3.928 3.900
5470 113.0 2.987 4.561
5480 113.0 3.695 4.116
5300 108.0 9.168 3.893
5310 108.0 8.812 3.906
5320 108.0 8.455 3.919
5330 108.0 8.098 3.933
5340 108.0 7.734 3.924
5350 108.0 7.364 3.901
5360 108.0 6.995 3.877
5370 108.0 6.625 3.854
5380 108.0 6.343 3.848
5390 108.0 5.982 3.686
5400 108.0 5.572 3.872
5410 108.0 5.580 3.664
5420 108.0 4.981 3.632
5430 108.0 5.693 4.097
5440 108.0 5.838 3.467
5450 108.0 5.140 3.434
5460 108.0 4.325 3.505
5470 108.0 4.342 3.916
5480 108.0 5.251 3.541
5490 108.0 5.725 3.497
5320 112.0 3.630 3.116
5330 112.0 4.188 3.058
5340 112.0 4.745 3.000
5350 112.0 5.285 2.973
5360 112.0 5.783 3.016
5370 112.0 6.282 3.061
5380 112.0 6.780 3.104
5390 112.0 7.290 3.123
5400 112.0 5.519 3.563
5410 112.0 6.489 2.965
5420 112.0 7.316 2.972
5430 112.0 5.977 3.468
5440 112.0 6.681 2.938
5450 112.0 7.294 2.551
5460 112.0 6.535 3.196
5470 112.0 7.033 3.313
5480 112.0 7.521 2.678
5490 112.0 8.001 2.708
5500 112.0 7.230 3.360
5510 112.0 7.397 2.517
5320 114.0 0.441 3.751
5330 114.0 0.943 3.758
5340 114.0 1.445 3.766
5350 114.0 1.944 3.762
5360 114.0 2.437 3.740
5370 114.0 2.931 3.717
5380 114.0 3.410 3.678
5390 114.0 3.830 3.574
5400 114.0 3.740 3.277
5410 114.0 2.605 3.578
5420 114.0 2.337 3.689
5430 114.0 2.668 3.848
5440 114.0 2.697 3.854
5450 114.0 3.597 3.389
5460 114.0 2.517 3.730
5470 114.0 2.778 4.067
5480 114.0 2.708 3.996
5490 114.0 2.213 4.684
5500 114.0 2.475 4.070
5510 114.0 2.502 4.493
5320 115.0 0.517 4.335
5330 115.0 1.087 4.366
5340 115.0 1.657 4.397
5350 115.0 2.184 4.399
5360 115.0 2.646 4.360
5370 115.0 3.108 4.320
5380 115.0 3.570 4.280
5390 115.0 3.986 4.147
5400 115.0 3.473 4.786
5410 115.0 3.931 3.794
5420 115.0 3.869 4.153
5430 115.0 4.275 3.410
5440 115.0 3.526 4.143
5450 115.0 4.278 4.265
5460 115.0 3.739 4.191
5470 115.0 4.117 4.189
5480 115.0 4.483 4.072
5490 115.0 4.188 4.200
5500 115.0 5.395 3.571
5510 115.0 4.027 4.128
5320 116.0 14.920 6.824
5330 116.0 14.385 6.694
5340 116.0 13.850 6.565
5350 116.0 13.277 6.400
5360 116.0 12.693 6.227
5370 116.0 12.116 6.093
5380 116.0 11.542 5.986
5390 116.0 10.969 5.879
5400 116.0 11.509 6.100
5410 116.0 12.329 6.153
5420 116.0 11.317 6.440
5430 116.0 12.145 6.262
5440 116.0 11.812 6.415
5450 116.0 11.442 7.106
5460 116.0 10.310 6.696
5470 116.0 11.378 6.929
5480 116.0 10.577 7.419
5490 116.0 10.321 7.235
5500 116.0 9.019 7.412
5510 116.0 9.211 7.152
5340 117.0 12.081 12.386
5350 117.0 12.070 12.148
5360 117.0 12.060 11.909
5370 117.0 12.050 11.670
5380 117.0 12.040 11.432
5390 117.0 12.036 11.288
5400 117.0 12.033 11.155
5410 117.0 12.031 11.022
5420 117.0 11.826 10.754
5430 117.0 11.942 10.158
5440 117.0 11.989 9.893
5450 117.0 11.954 8.576
5460 117.0 11.992 8.793
5470 117.0 11.738 7.829
5480 117.0 12.030 7.259
5490 117.0 11.921 7.013
5500 117.0 11.731 5.884
5510 117.0 11.842 5.678
5520 117.0 11.483 4.581
5530 117.0 11.850 5.565
5370 120.0 15.050 4.230
5380 120.0 14.624 4.291
5390 120.0 14.197 4.352
5400 120.0 13.771 4.413
5410 120.0 13.345 4.475
5420 120.0 12.865 4.562
5430 120.0 12.372 4.656
5440 120.0 11.879 4.751
5450 120.0 11.776 4.455
5460 120.0 11.441 5.293
5470 120.0 10.943 5.016
5480 120.0 11.115 5.384
5490 120.0 11.748 4.757
5500 120.0 10.337 4.776
5510 120.0 10.220 5.665
5520 120.0 9.873 5.235
5530 120.0 7.776 6.227
5540 120.0 9.611 5.688
5550 120.0 9.805 5.967
5560 120.0 8.184 6.248
5370 122.0 15.148 3.094
5380 122.0 14.676 3.202
5390 122.0 14.204 3.311
5400 122.0 13.732 3.419
5410 122.0 13.268 3.505
5420 122.0 12.817 3.556
5430 122.0 12.366 3.607
5440 122.0 11.915 3.658
5450 122.0 12.507 3.545
5460 122.0 11.975 4.091
5470 122.0 12.377 4.122
5480 122.0 11.235 4.208
5490 122.0 10.824 4.684
5500 122.0 9.752 4.645
5510 122.0 9.183 5.316
5520 122.0 8.368 5.611
5530 122.0 9.503 5.674
5540 122.0 8.458 6.181
5550 122.0 9.950 5.520
5560 122.0 7.620 6.143
5380 124.0 15.006 3.842
5390 124.0 14.564 3.834
5400 124.0 14.121 3.826
5410 124.0 13.680 3.831
5420 124.0 13.253 3.953
5430 124.0 12.826 4.076
5440 124.0 12.400 4.199
5450 124.0 11.975 4.291
5460 124.0 12.428 4.266
5470 124.0 12.020 4.501
5480 124.0 11.702 4.520
5490 124.0 12.364 4.660
5500 124.0 11.645 4.667
5510 124.0 11.745 4.563
5520 124.0 10.152 4.376
5530 124.0 11.393 4.327
5540 124.0 10.781 4.185
5550 124.0 9.196 4.940
5560 124.0 10.182 5.487
5570 124.0 8.885 5.299
5400 96.0 5.324 5.492
5410 96.0 5.053 5.573
5420 96.0 4.782 5.654
5430 96.0 4.510 5.735
5440 96.0 4.263 5.796
5450 96.0 4.108 5.780
5460 96.0 3.954 5.764
5470 96.0 3.800 5.749
5480 96.0 3.649 5.863
5490 96.0 3.836 6.087
5500 96.0 3.422 5.977
5510 96.0 3.563 6.015
5520 96.0 3.599 5.907
5530 96.0 3.578 5.980
5540 96.0 3.481 6.076
5550 96.0 3.554 6.343
5560 96.0 3.596 6.453
5570 96.0 3.397 6.704
5580 96.0 2.811 7.024
5590 96.0 2.908 6.980
5410 126.0 14.920 3.331
5420 126.0 14.476 3.467
5430 126.0 14.033 3.604
5440 126.0 13.604 3.736
5450 126.0 13.210 3.859
5460 126.0 12.817 3.983
5470 126.0 12.420 4.099
5480 126.0 12.011 4.188
5490 126.0 11.721 4.320
5500 126.0 11.194 4.576
5510 126.0 10.847 5.015
5520 126.0 10.507 5.089
5530 126.0 10.691 5.009
5540 126.0 10.142 5.323
5550 126.0 8.605 6.051
5560 126.0 7.967 6.236
5570 126.0 7.201 6.532
5580 126.0 7.598 6.862
5590 126.0 6.442 6.650
5600 126.0 6.288 7.716
5420 127.0 14.768 4.157
5430 127.0 14.334 4.262
5440 127.0 13.900 4.366
5450 127.0 13.477 4.465
5460 127.0 13.079 4.551
5470 127.0 12.682 4.637
5480 127.0 12.284 4.724
5490 127.0 11.882 4.820
5500 127.0 11.779 4.717
5510 127.0 12.339 4.839
5520 127.0 11.775 4.759
5530 127.0 11.455 4.940
5540 127.0 11.475 4.789
5550 127.0 10.004 4.934
5560 127.0 9.397 5.333
5570 127.0 8.860 5.354
5580 127.0 9.086 5.348
5590 127.0 10.611 6.098
5600 127.0 8.258 6.079
5610 127.0 8.263 6.952
5430 99.0 5.566 7.165
5440 99.0 5.376 7.199
5450 99.0 5.186 7.234
5460 99.0 4.971 7.279
5470 99.0 4.719 7.339
5480 99.0 4.466 7.398
5490 99.0 4.214 7.458
5500 99.0 3.936 7.510
5510 99.0 3.687 7.845
5520 99.0 4.026 8.126
5530 99.0 3.265 8.417
5540 99.0 2.974 8.668
5550 99.0 2.193 9.123
5560 99.0 2.140 9.036
5570 99.0 2.161 8.906
5580 99.0 1.959 9.149
5590 99.0 0.980 9.137
5600 99.0 0.962 9.370
5610 99.0 0.292 9.512
5620 99.0 -0.441 10.008
5430 129.0 0.316 2.630
5440 129.0 0.846 2.653
5450 129.0 1.375 2.676
5460 129.0 1.904 2.697
5470 129.0 2.425 2.697
5480 129.0 2.947 2.697
5490 129.0 3.468 2.697
5500 129.0 3.989 2.697
5510 129.0 2.968 2.722
5520 129.0 3.335 2.962
5530 129.0 3.825 2.683
5540 129.0 3.483 2.519
5550 129.0 3.807 2.590
5560 129.0 3.330 2.964
5570 129.0 4.254 2.767
5580 129.0 3.527 3.256
5590 129.0 4.017 3.033
5600 129.0 4.428 2.847
5610 129.0 4.066 2.548
5620 129.0 4.280 2.531
5430 130.0 0.316 3.580
5440 130.0 0.807 3.553
5450 130.0 1.298 3.527
5460 130.0 1.789 3.500
5470 130.0 2.273 3.479
5480 130.0 2.747 3.466
5490 130.0 3.220 3.453
5500 130.0 3.694 3.439
5510 130.0 3.381 3.940
5520 130.0 3.187 3.622
5530 130.0 2.665 3.507
5540 130.0 2.513 3.663
5550 130.0 3.405 3.021
5560 130.0 3.986 3.278
5570 130.0 4.416 2.914
5580 130.0 3.544 3.344
5590 130.0 4.541 3.082
5600 130.0 4.157 3.394
5610 130.0 3.488 3.915
5620 130.0 5.764 3.012
5440 102.0 5.144 6.550
5450 102.0 4.944 6.613
5460 102.0 4.714 6.629
5470 102.0 4.485 6.645
5480 102.0 4.255 6.661
5490 102.0 4.026 6.678
5500 102.0 3.767 6.700
5510 102.0 3.495 6.725
5520 102.0 3.385 6.597
5530 102.0 2.695 6.607
5540 102.0 3.315 6.392
5550 102.0 3.405 6.299
5560 102.0 3.759 6.366
5570 102.0 2.957 6.328
5580 102.0 3.242 6.274
5590 102.0 2.870 6.386
5600 102.0 3.068 6.770
5610 102.0 2.795 6.532
5620 102.0 2.945 6.962
5630 102.0 2.870 6.769
5540 118.0 12.211 7.818
5550 118.0 12.221 7.494
5560 118.0 12.231 7.170
5570 118.0 12.241 6.846
5580 118.0 12.219 6.551
5590 118.0 12.067 6.369
5600 118.0 11.916 6.188
5610 118.0 11.576 6.076
5620 118.0 11.926 5.184
5630 118.0 11.832 5.349
5640 118.0 11.882 4.763
5650 118.0 11.865 4.046
5660 118.0 11.647 2.820
5670 118.0 12.163 2.043
5680 118.0 12.045 1.570
5690 118.0 11.853 1.520
5700 118.0 11.573 1.189
5710 118.0 11.381 2.061
5720 118.0 11.642 1.129
5730 118.0 11.145 0.524
5570 121.0 6.791 5.064
5580 121.0 6.448 5.020
5590 121.0 6.099 4.983
5600 121.0 5.749 4.945
5610 121.0 5.400 4.907
5620 121.0 5.051 4.869
5630 121.0 4.715 4.901
5640 121.0 4.379 4.933
5650 121.0 4.504 5.216
5660 121.0 3.545 5.365
5670 121.0 4.245 5.306
5680 121.0 2.994 5.545
5690 121.0 1.730 5.379
5700 121.0 1.084 5.377
5710 121.0 1.356 5.842
5720 121.0 1.805 5.635
5730 121.0 1.636 5.092
5740 121.0 2.456 5.366
5750 121.0 -0.405 6.089
5760 121.0 0.391 7.286
5570 123.0 7.006 4.334
5580 123.0 6.667 4.255
5590 123.0 6.320 4.126
5600 123.0 5.973 3.997
5610 123.0 5.626 3.868
5620 123.0 5.263 3.755
5630 123.0 4.896 3.646
5640 123.0 4.529 3.537
5650 123.0 5.268 3.989
5660 123.0 4.447 4.265
5670 123.0 4.337 4.296
5680 123.0 3.524 4.010
5690 123.0 2.829 4.421
5700 123.0 2.936 4.304
5710 123.0 2.489 4.241
5720 123.0 2.514 3.761
5730 123.0 1.939 4.501
5740 123.0 0.658 4.197
5750 123.0 3.047 4.227
5760 123.0 0.388 5.174
5580 125.0 7.044 4.940
5590 125.0 6.712 4.940
5600 125.0 6.405 4.894
5610 125.0 6.125 4.803
5620 125.0 5.844 4.711
5630 125.0 5.563 4.619
5640 125.0 5.193 4.511
5650 125.0 4.763 4.391
5660 125.0 4.810 4.348
5670 125.0 4.791 4.548
5680 125.0 4.386 4.679
5690 125.0 4.716 4.841
5700 125.0 4.328 4.119
5710 125.0 4.715 3.775
5720 125.0 5.414 3.905
5730 125.0 5.018 3.983
5740 125.0 4.758 3.962
5750 125.0 4.964 3.858
5760 125.0 4.630 4.067
5770 125.0 3.365 4.422
5620 128.0 6.307 6.732
5630 128.0 5.838 6.784
5640 128.0 5.369 6.827
5650 128.0 4.899 6.870
5660 128.0 4.429 6.913
5670 128.0 3.999 6.930
5680 128.0 3.578 6.941
5690 128.0 3.157 6.952
5700 128.0 2.944 6.431
5710 128.0 3.764 6.374
5720 128.0 3.506 6.332
5730 128.0 3.237 6.263
5740 128.0 3.016 6.504
5750 128.0 3.320 6.420
5760 128.0 3.064 6.743
5770 128.0 1.757 6.580
5780 128.0 2.332 6.616
5790 128.0 2.237 6.813
5800 128.0 2.443 6.619
5810 128.0 1.155 6.858
5710 131.0 14.964 2.530
5720 131.0 14.486 2.631
5730 131.0 14.008 2.732
5740 131.0 13.529 2.834
5750 131.0 13.062 2.860
5760 131.0 12.600 2.855
5770 131.0 12.138 2.850
5780 131.0 11.676 2.845
5790 131.0 11.924 3.011
5800 131.0 10.903 3.511
5810 131.0 11.379 3.291
5820 131.0 11.361 3.155
5830 131.0 10.444 3.040
5840 131.0 10.701 3.011
5850 131.0 9.618 3.485
5860 131.0 8.639 3.613
5870 131.0 9.124 3.875
5880 131.0 8.071 4.416
5890 131.0 6.605 4.612
5900 131.0 6.345 4.470
5740 119.0 6.765 7.013
5750 119.0 6.391 6.993
5760 119.0 6.017 6.973
5770 119.0 5.643 6.953
5780 119.0 5.285 6.948
5790 119.0 4.937 6.954
5800 119.0 4.590 6.959
5810 119.0 4.242 6.965
5820 119.0 4.722 6.817
5830 119.0 4.178 6.839
5840 119.0 4.145 6.962
5850 119.0 4.076 7.180
5860 119.0 3.025 6.750
5870 119.0 2.372 7.188
5880 119.0 3.843 6.884
5890 119.0 2.770 6.654
5900 119.0 2.099 6.760
5910 119.0 1.653 7.595
5920 119.0 1.474 7.348
5930 119.0 0.901 7.687
5860 132.0 0.479 5.797
5870 132.0 0.888 5.790
5880 132.0 1.297 5.783
5890 132.0 1.706 5.776
5900 132.0 2.105 5.744
5910 132.0 2.503 5.710
5920 132.0 2.901 5.675
5930 132.0 3.299 5.640
5940 132.0 2.863 5.900
5950 132.0 2.868 5.787
5960 132.0 2.997 5.481
5970 132.0 3.599 5.515
5980 132.0 3.453 5.864
5990 132.0 3.559 6.143
6000 132.0 4.455 4.825
6010 132.0 5.472 4.719
6020 132.0 4.459 5.227
6030 132.0 4.746 4.950
6040 132.0 5.360 4.710
6050 132.0 5.619 4.574
5860 133.0 0.262 4.935
5870 133.0 0.623 4.911
5880 133.0 0.985 4.886
5890 133.0 1.346 4.862
5900 133.0 1.733 4.833
5910 133.0 2.178 4.795
5920 133.0 2.623 4.757
5930 133.0 3.068 4.719
5940 133.0 3.440 4.332
5950 133.0 3.019 3.929
5960 133.0 3.030 4.226
5970 133.0 3.499 4.130
5980 133.0 3.612 4.205
5990 133.0 3.641 3.798
6000 133.0 3.485 4.168
6010 133.0 5.340 3.412
6020 133.0 5.221 3.462
6030 133.0 5.608 3.013
6040 133.0 5.309 2.657
6050 133.0 6.589 2.150
5920 134.0 14.562 3.954
5930 134.0 13.843 3.939
5940 134.0 13.123 3.923
5950 134.0 12.416 3.866
5960 134.0 11.730 3.747
5970 134.0 11.043 3.628
5980 134.0 10.356 3.508
5990 134.0 9.645 3.433
6000 134.0 10.004 3.816
6010 134.0 9.848 4.557
6020 134.0 11.091 4.293
6030 134.0 10.753 4.111
6040 134.0 10.539 4.378
6050 134.0 10.181 4.377
6060 134.0 10.095 4.483
6070 134.0 9.515 4.892
6080 134.0 8.775 4.567
6090 134.0 7.912 4.858
6100 134.0 8.351 4.996
6110 134.0 7.400 5.084
5980 135.0 14.685 3.531
5990 135.0 13.875 3.625
6000 135.0 13.065 3.720
6010 135.0 12.281 3.785
6020 135.0 11.597 3.739
6030 135.0 10.913 3.693
6040 135.0 10.229 3.646
6050 135.0 9.537 3.642
6060 135.0 10.057 3.662
6070 135.0 9.160 4.210
6080 135.0 8.838 4.332
6090 135.0 8.623 5.104
6100 135.0 8.405 4.202
6110 135.0 7.429 4.997
6120 135.0 7.674 5.246
6130 135.0 9.420 5.223
6140 135.0 8.287 5.708
6150 135.0 8.261 5.230
6160 135.0 7.567 7.048
6170 135.0 7.650 5.602
6070 136.0 0.132 7.060
6080 136.0 0.500 6.864
6090 136.0 0.868 6.668
6100 136.0 1.250 6.468
6110 136.0 1.749 6.236
6120 136.0 2.248 6.005
6130 136.0 2.747 5.773
6140 136.0 3.246 5.654
6150 136.0 4.142 5.021
6160 136.0 3.543 5.245
6170 136.0 3.960 4.891
6180 136.0 4.148 4.937
6190 136.0 4.681 4.515
6200 136.0 4.005 4.686
6210 136.0 4.819 4.557
6220 136.0 4.987 4.131
6230 136.0 5.709 4.056
6240 136.0 5.447 4.184
6250 136.0 6.008 3.914
6260 136.0 7.959 2.823
6070 137.0 0.363 8.044
6080 137.0 0.730 7.796
6090 137.0 1.096 7.549
6100 137.0 1.477 7.317
6110 137.0 1.916 7.149
6120 137.0 2.356 6.980
6130 137.0 2.795 6.812
6140 137.0 3.279 6.687
6150 137.0 4.229 6.185
6160 137.0 3.886 6.435
6170 137.0 5.565 5.468
6180 137.0 5.856 5.195
6190 137.0 5.934 5.714
6200 137.0 6.125 4.713
6210 137.0 5.652 4.738
6220 137.0 8.258 3.530
6230 137.0 10.089 2.986
6240 137.0 8.446 2.614
6250 137.0 5.347 4.629
6260 137.0 6.000 4.190
6130 138.0 15.153 4.063
6140 138.0 14.522 4.155
6150 138.0 13.891 4.246
6160 138.0 13.262 4.316
6170 138.0 12.641 4.297
6180 138.0 12.021 4.278
6190 138.0 11.400 4.259
6200 138.0 10.772 4.242
6210 138.0 11.369 4.235
6220 138.0 11.704 4.199
6230 138.0 9.662 4.573
6240 138.0 10.498 4.908
6250 138.0 10.216 4.790
6260 138.0 10.061 5.652
6270 138.0 9.345 4.536
6280 138.0 9.898 5.076
6290 138.0 9.793 5.703
6300 138.0 8.078 5.558
6310 138.0 8.231 5.638
6320 138.0 7.329 6.491
6140 139.0 14.785 3.214
6150 139.0 14.125 3.254
6160 139.0 13.466 3.294
6170 139.0 12.817 3.324
6180 139.0 12.186 3.341
6190 139.0 11.555 3.357
6200 139.0 10.923 3.374
6210 139.0 10.293 3.390
6220 139.0 10.282 3.849
6230 139.0 10.595 3.892
6240 139.0 10.867 3.718
6250 139.0 10.396 3.963
6260 139.0 9.364 3.685
6270 139.0 8.774 4.614
6280 139.0 9.737 4.747
6290 139.0 9.079 4.983
6300 139.0 7.864 5.088
6310 139.0 8.428 5.148
6320 139.0 7.194 6.127
6330 139.0 6.836 4.947
6280 140.0 0.142 2.481
6290 140.0 0.721 2.466
6300 140.0 1.300 2.451
6310 140.0 1.878 2.436
6320 140.0 2.412 2.452
6330 140.0 2.940 2.471
6340 140.0 3.468 2.491
6350 140.0 3.997 2.510
6360 140.0 2.874 2.165
6370 140.0 3.224 2.009
6380 140.0 1.822 2.489
6390 140.0 3.214 2.286
6400 140.0 2.050 2.394
6410 140.0 2.329 2.276
6420 140.0 2.989 2.070
6430 140.0 3.300 1.943
6440 140.0 4.210 1.883
6450 140.0 3.341 1.568
6460 140.0 4.129 0.885
6470 140.0 4.221 1.315
6290 141.0 0.223 3.078
6300 141.0 0.766 3.070
6310 141.0 1.309 3.062
6320 141.0 1.852 3.055
6330 141.0 2.406 3.089
6340 141.0 2.960 3.123
6350 141.0 3.514 3.157
6360 141.0 4.069 3.191
6370 141.0 2.180 4.237
6380 141.0 3.283 3.426
6390 141.0 3.067 3.535
6400 141.0 2.938 3.154
6410 141.0 3.488 3.171
6420 141.0 3.548 3.213
6430 141.0 3.456 3.568
6440 141.0 3.551 3.105
6450 141.0 4.692 2.446
6460 141.0 4.503 3.166
6470 141.0 4.024 3.046
6480 141.0 4.390 2.956
6400 142.0 0.448 3.413
6410 142.0 0.937 3.413
6420 142.0 1.426 3.413
6430 142.0 1.920 3.417
6440 142.0 2.425 3.431
6450 142.0 2.931 3.445
6460 142.0 3.436 3.459
6470 142.0 3.942 3.473
6480 142.0 2.970 3.680
6490 142.0 2.925 3.349
6500 142.0 3.104 2.862
6510 142.0 2.722 3.115
6520 142.0 3.247 3.105
6530 142.0 3.393 3.058
6540 142.0 3.675 3.206
6550 142.0 3.957 3.179
6560 142.0 4.287 3.072
6570 142.0 4.691 2.952
6580 142.0 5.049 3.087
6590 142.0 5.631 2.548
6400 143.0 0.399 2.562
6410 143.0 0.919 2.606
6420 143.0 1.440 2.650
6430 143.0 1.961 2.694
6440 143.0 2.475 2.724
6450 143.0 2.981 2.734
6460 143.0 3.487 2.743
6470 143.0 3.993 2.752
6480 143.0 3.432 2.470
6490 143.0 3.073 2.407
6500 143.0 3.369 2.036
6510 143.0 2.708 2.115
6520 143.0 3.536 2.076
6530 143.0 4.185 1.792
6540 143.0 4.454 1.704
6550 143.0 3.641 1.822
6560 143.0 3.493 1.881
6570 143.0 3.303 1.957
6580 143.0 3.425 1.948
6590 143.0 4.545 1.658
6480 144.0 14.943 5.274
6490 144.0 14.486 5.414
6500 144.0 14.029 5.554
6510 144.0 13.577 5.682
6520 144.0 13.176 5.705
6530 144.0 12.775 5.727
6540 144.0 12.373 5.750
6550 144.0 12.144 5.731
6560 144.0 12.649 5.969
6570 144.0 12.519 6.247
6580 144.0 11.878 6.661
6590 144.0 10.692 6.858
6600 144.0 10.905 6.860
6610 144.0 10.480 7.331
6620 144.0 9.671 7.411
6630 144.0 8.682 7.483
6640 144.0 8.534 7.838
6650 144.0 7.785 8.641
6660 144.0 9.487 7.789
6670 144.0 7.918 9.044
6510 145.0 14.877 4.441
6520 145.0 14.449 4.624
6530 145.0 14.021 4.807
6540 145.0 13.558 4.905
6550 145.0 13.041 4.876
6560 145.0 12.525 4.847
6570 145.0 12.013 4.817
6580 145.0 11.549 4.781
6590 145.0 11.397 5.264
6600 145.0 10.784 5.920
6610 145.0 10.966 5.366
6620 145.0 9.702 5.579
6630 145.0 10.106 5.780
6640 145.0 10.325 5.737
6650 145.0 8.957 6.255
6660 145.0 9.113 6.249
6670 145.0 8.619 6.764
6680 145.0 8.125 6.713
6690 145.0 7.551 7.807
6700 145.0 7.685 6.670
6520 146.0 15.009 5.192
6530 146.0 14.615 5.323
6540 146.0 14.221 5.454
6550 146.0 13.828 5.585
6560 146.0 13.386 5.569
6570 146.0 12.944 5.553
6580 146.0 12.502 5.537
6590 146.0 11.968 5.494
6600 146.0 12.460 5.557
6610 146.0 12.144 5.505
6620 146.0 12.134 5.601
6630 146.0 12.310 5.391
6640 146.0 12.219 4.778
6650 146.0 11.451 5.136
6660 146.0 9.957 5.307
6670 146.0 9.416 5.963
6680 146.0 12.542 5.741
6690 146.0 10.655 6.166
6700 146.0 11.363 6.571
6710 146.0 10.963 6.380
6530 147.0 0.316 6.229
6540 147.0 0.751 6.180
6550 147.0 1.187 6.130
6560 147.0 1.624 6.082
6570 147.0 2.079 6.050
6580 147.0 2.534 6.018
6590 147.0 2.989 5.986
6600 147.0 3.445 5.966
6610 147.0 2.834 5.811
6620 147.0 2.633 6.490
6630 147.0 2.645 5.945
6640 147.0 2.039 6.822
6650 147.0 2.767 6.351
6660 147.0 2.558 6.546
6670 147.0 2.798 6.270
6680 147.0 2.519 6.514
6690 147.0 3.098 6.167
6700 147.0 3.345 6.348
6710 147.0 3.259 6.458
6720 147.0 4.505 5.516
6530 148.0 0.210 6.945
6540 148.0 0.760 6.924
6550 148.0 1.308 6.903
6560 148.0 1.827 6.864
6570 148.0 2.332 6.816
6580 148.0 2.837 6.768
6590 148.0 3.293 6.749
6600 148.0 3.726 6.741
6610 148.0 3.948 6.729
6620 148.0 4.441 6.274
6630 148.0 4.162 7.038
6640 148.0 5.516 6.438
6650 148.0 6.544 6.278
6660 148.0 5.921 6.253
6670 148.0 6.577 5.674
6680 148.0 6.296 5.884
6690 148.0 4.994 6.608
6700 148.0 6.247 5.898
6710 148.0 6.369 5.694
6720 148.0 4.355 6.641
6530 149.0 0.274 3.675
6540 149.0 0.695 3.729
6550 149.0 1.115 3.783
6560 149.0 1.536 3.836
6570 149.0 1.957 3.890
6580 149.0 2.384 3.965
6590 149.0 2.811 4.040
6600 149.0 3.238 4.115
6610 149.0 2.815 3.896
6620 149.0 2.645 4.232
6630 149.0 2.653 4.115
6640 149.0 3.665 3.627
6650 149.0 3.521 3.998
6660 149.0 3.311 4.045
6670 149.0 4.392 3.446
6680 149.0 4.159 3.645
6690 149.0 3.564 3.564
6700 149.0 3.921 3.623
6710 149.0 4.508 3.766
6720 149.0 3.967 4.202
6600 150.0 0.527 4.677
6610 150.0 0.953 4.671
6620 150.0 1.379 4.665
6630 150.0 1.805 4.659
6640 150.0 2.234 4.649
6650 150.0 2.687 4.600
6660 150.0 3.141 4.551
6670 150.0 3.594 4.502
6680 150.0 3.541 4.150
6690 150.0 4.167 4.021
6700 150.0 4.000 4.073
6710 150.0 3.939 4.252
6720 150.0 4.041 3.922
6730 150.0 3.422 3.927
6740 150.0 3.233 3.713
6750 150.0 3.988 3.573
6760 150.0 4.650 3.173
6770 150.0 5.038 3.050
6780 150.0 5.953 2.496
6790 150.0 6.699 2.067
6610 151.0 0.556 3.836
6620 151.0 0.996 3.871
6630 151.0 1.436 3.906
6640 151.0 1.878 3.933
6650 151.0 2.345 3.887
6660 151.0 2.812 3.840
6670 151.0 3.279 3.793
6680 151.0 3.746 3.747
6690 151.0 3.604 3.894
6700 151.0 5.023 2.902
6710 151.0 4.183 2.919
6720 151.0 4.632 2.986
6730 151.0 4.752 2.680
6740 151.0 4.726 2.751
6750 151.0 5.262 2.569
6760 151.0 6.384 1.931
6770 151.0 5.699 2.307
6780 151.0 6.725 1.862
6790 151.0 6.490 2.009
6800 151.0 5.988 2.102
6770 152.0 14.987 3.722
6780 152.0 14.372 3.713
6790 152.0 13.758 3.703
6800 152.0 13.162 3.536
6810 152.0 12.578 3.265
6820 152.0 12.021 3.051
6830 152.0 11.505 2.920
6840 152.0 10.971 2.808
6850 152.0 10.944 3.067
6860 152.0 11.174 2.896
6870 152.0 10.398 3.369
6880 152.0 11.150 4.075
6890 152.0 9.807 3.943
6900 152.0 9.303 3.759
6910 152.0 11.245 4.658
6920 152.0 11.738 5.463
6930 152.0 9.234 5.905
6940 152.0 7.042 6.070
6950 152.0 9.499 5.608
6960 152.0 8.689 5.675
6810 153.0 0.708 3.954
6820 153.0 0.965 4.006
6830 153.0 1.221 4.058
6840 153.0 1.496 4.106
6850 153.0 1.930 4.113
6860 153.0 2.365 4.121
6870 153.0 2.799 4.129
6880 153.0 3.220 4.141
6890 153.0 2.951 4.014
6900 153.0 4.347 3.381
6910 153.0 3.830 3.724
6920 153.0 4.132 3.405
6930 153.0 3.880 3.258
6940 153.0 3.776 3.191
6950 153.0 4.583 2.505
6960 153.0 4.130 2.491
6970 153.0 6.083 1.873
6980 153.0 6.237 1.956
6990 153.0 6.680 1.987
7000 153.0 6.044 1.819
6810 154.0 0.160 3.225
6820 154.0 0.548 3.217
6830 154.0 0.937 3.210
6840 154.0 1.325 3.203
6850 154.0 1.762 3.196
6860 154.0 2.275 3.189
6870 154.0 2.788 3.183
6880 154.0 3.301 3.177
6890 154.0 3.133 3.841
6900 154.0 3.321 3.439
6910 154.0 4.166 2.412
6920 154.0 5.192 2.159
6930 154.0 5.313 2.000
6940 154.0 5.690 1.837
6950 154.0 5.859 1.351
6960 154.0 4.726 1.407
6970 154.0 4.907 1.084
6980 154.0 6.293 0.675
6990 154.0 5.881 0.587
7000 154.0 5.135 1.197
6980 155.0 0.232 3.174
6990 155.0 0.737 3.346
7000 155.0 1.242 3.518
7010 155.0 1.743 3.671
7020 155.0 2.241 3.807
7030 155.0 2.740 3.942
7040 155.0 3.241 4.049
7050 155.0 3.744 4.129
7060 155.0 3.131 4.139
7070 155.0 3.263 4.394
7080 155.0 3.241 4.351
7090 155.0 3.697 3.737
7100 155.0 3.032 4.507
7110 155.0 3.897 3.261
7120 155.0 3.995 3.878
7130 155.0 3.185 4.468
7140 155.0 2.370 3.518
7150 155.0 3.030 3.985
7160 155.0 3.908 3.779
7170 155.0 4.191 3.311
6980 156.0 -0.050 4.267
6990 156.0 0.496 4.399
7000 156.0 1.041 4.532
7010 156.0 1.587 4.664
7020 156.0 2.103 4.749
7030 156.0 2.615 4.829
7040 156.0 3.127 4.909
7050 156.0 3.660 4.984
7060 156.0 2.401 5.422
7070 156.0 2.530 5.241
7080 156.0 2.553 5.823
7090 156.0 2.558 5.952
7100 156.0 2.185 5.907
7110 156.0 2.103 5.736
7120 156.0 2.283 6.035
7130 156.0 2.031 5.438
7140 156.0 2.174 5.956
7150 156.0 2.409 6.208
7160 156.0 2.520 5.633
7170 156.0 2.241 5.257
7010 157.0 0.404 3.908
7020 157.0 0.908 3.965
7030 157.0 1.411 4.023
7040 157.0 1.915 4.081
7050 157.0 2.422 4.204
7060 157.0 2.930 4.326
7070 157.0 3.437 4.448
7080 157.0 3.949 4.566
7090 157.0 3.738 4.072
7100 157.0 2.978 4.099
7110 157.0 3.966 3.953
7120 157.0 3.634 4.718
7130 157.0 2.762 4.909
7140 157.0 3.499 4.856
7150 157.0 3.315 4.528
7160 157.0 3.350 4.233
7170 157.0 4.036 3.999
7180 157.0 5.102 3.249
7190 157.0 5.136 3.702
7200 157.0 4.282 3.610
7010 158.0 0.149 3.286
7020 158.0 0.705 3.311
7030 158.0 1.261 3.337
7040 158.0 1.818 3.362
7050 158.0 2.347 3.477
7060 158.0 2.873 3.602
7070 158.0 3.399 3.727
7080 158.0 3.925 3.852
7090 158.0 3.284 3.444
7100 158.0 3.182 4.209
7110 158.0 3.896 3.551
7120 158.0 2.991 3.743
7130 158.0 2.931 3.713
7140 158.0 3.291 3.717
7150 158.0 3.717 3.416
7160 158.0 4.190 3.127
7170 158.0 4.356 3.172
7180 158.0 4.120 2.482
7190 158.0 4.115 3.453
7200 158.0 4.514 3.165
7300 159.0 14.989 5.582
7310 159.0 14.695 5.590
7320 159.0 14.400 5.598
7330 159.0 14.105 5.606
7340 159.0 13.802 5.609
7350 159.0 13.495 5.609
7360 159.0 13.188 5.609
7370 159.0 12.880 5.609
7380 159.0 12.984 5.603
7390 159.0 13.002 5.657
7400 159.0 12.858 5.537
7410 159.0 13.369 5.395
7420 159.0 12.566 5.261
7430 159.0 12.806 5.574
7440 159.0 13.658 5.594
7450 159.0 13.344 5.629
7460 159.0 13.224 5.662
7470 159.0 12.550 5.627
7480 159.0 12.243 5.676
7490 159.0 12.953 5.492
7330 161.0 14.770 3.062
7340 161.0 14.326 3.214
7350 161.0 13.881 3.367
7360 161.0 13.437 3.519
7370 161.0 12.994 3.554
7380 161.0 12.551 3.511
7390 161.0 12.109 3.468
7400 161.0 11.666 3.426
7410 161.0 10.904 4.002
7420 161.0 11.281 3.931
7430 161.0 10.766 4.037
7440 161.0 10.435 4.119
7450 161.0 10.969 4.029
7460 161.0 10.426 4.146
7470 161.0 9.191 4.328
7480 161.0 9.486 4.534
7490 161.0 8.510 4.909
7500 161.0 8.562 5.159
7510 161.0 8.776 5.003
7520 161.0 7.910 4.684
7330 164.0 14.998 5.396
7340 164.0 14.651 5.331
7350 164.0 14.304 5.267
7360 164.0 13.957 5.202
7370 164.0 13.610 5.138
7380 164.0 13.157 5.131
7390 164.0 12.691 5.131
7400 164.0 12.227 5.131
7410 164.0 13.484 5.214
7420 164.0 12.790 5.096
7430 164.0 12.953 5.693
7440 164.0 12.509 5.499
7450 164.0 12.036 5.952
7460 164.0 12.314 5.934
7470 164.0 11.239 5.880
7480 164.0 12.185 6.101
7490 164.0 11.488 6.658
7500 164.0 11.109 6.949
7510 164.0 10.391 7.219
7520 164.0 9.898 7.864
7340 163.0 14.671 4.590
7350 163.0 14.306 4.551
7360 163.0 13.941 4.511
7370 163.0 13.548 4.480
7380 163.0 13.112 4.462
7390 163.0 12.675 4.445
7400 163.0 12.239 4.427
7410 163.0 11.804 4.403
7420 163.0 12.258 4.569
7430 163.0 12.325 4.680
7440 163.0 11.870 4.652
7450 163.0 11.810 4.726
7460 163.0 12.329 4.752
7470 163.0 12.347 4.526
7480 163.0 12.567 4.095
7490 163.0 11.798 4.159
7500 163.0 11.375 4.571
7510 163.0 11.886 4.405
7520 163.0 11.825 4.579
7530 163.0 12.225 4.726
7360 166.0 14.922 4.177
7370 166.0 14.444 4.009
7380 166.0 13.966 3.841
7390 166.0 13.488 3.673
7400 166.0 12.996 3.528
7410 166.0 12.470 3.435
7420 166.0 11.944 3.343
7430 166.0 11.418 3.250
7440 166.0 12.220 3.073
7450 166.0 12.870 3.640
7460 166.0 11.557 3.779
7470 166.0 11.149 3.733
7480 166.0 11.669 3.455
7490 166.0 10.782 3.710
7500 166.0 10.297 3.947
7510 166.0 9.865 3.633
7520 166.0 10.248 3.353
7530 166.0 10.419 3.471
7540 166.0 9.366 3.750
7550 166.0 9.446 3.693
7500 160.0 7.698 6.161
7510 160.0 7.251 6.227
7520 160.0 6.832 6.291
7530 160.0 6.433 6.353
7540 160.0 6.035 6.416
7550 160.0 5.636 6.479
7560 160.0 5.259 6.527
7570 160.0 4.887 6.571
7580 160.0 5.370 6.430
7590 160.0 5.926 6.826
7600 160.0 5.293 6.914
7610 160.0 5.029 7.033
7620 160.0 5.172 7.074
7630 160.0 4.902 6.960
7640 160.0 4.788 7.031
7650 160.0 4.288 7.860
7660 160.0 3.395 7.593
7670 160.0 3.296 7.663
7680 160.0 2.565 7.880
7690 160.0 2.604 7.992
7500 167.0 15.006 4.224
7510 167.0 14.480 4.296
7520 167.0 13.954 4.367
7530 167.0 13.428 4.439
7540 167.0 12.852 4.474
7550 167.0 12.276 4.509
7560 167.0 11.701 4.544
7570 167.0 11.186 4.582
7580 167.0 11.525 4.324
7590 167.0 11.582 3.903
7600 167.0 10.288 4.727
7610 167.0 10.659 4.412
7620 167.0 10.478 4.861
7630 167.0 10.137 5.409
7640 167.0 10.361 5.102
7650 167.0 10.032 5.056
7660 167.0 9.867 5.237
7670 167.0 9.306 6.259
7680 167.0 8.069 6.685
7690 167.0 7.475 6.752
7530 162.0 6.101 3.553
7540 162.0 5.704 3.580
7550 162.0 5.333 3.684
7560 162.0 4.962 3.788
7570 162.0 4.592 3.891
7580 162.0 4.221 3.995
7590 162.0 3.884 4.129
7600 162.0 3.597 4.308
7610 162.0 3.436 4.405
7620 162.0 3.491 4.431
7630 162.0 3.111 4.761
7640 162.0 2.737 5.093
7650 162.0 3.122 5.278
7660 162.0 1.624 5.545
7670 162.0 1.778 6.053
7680 162.0 1.565 6.008
7690 162.0 0.474 6.478
7700 162.0 -0.674 6.887
7710 162.0 0.579 6.724
7720 162.0 -0.385 7.329
7530 165.0 6.677 5.614
7540 165.0 6.325 5.692
7550 165.0 5.973 5.770
7560 165.0 5.620 5.848
7570 165.0 5.263 5.922
7580 165.0 4.860 5.951
7590 165.0 4.456 5.980
7600 165.0 4.052 6.009
7610 165.0 4.560 6.274
7620 165.0 3.615 6.433
7630 165.0 2.532 6.603
7640 165.0 3.035 6.620
7650 165.0 3.012 6.582
7660 165.0 2.470 6.782
7670 165.0 1.959 6.407
7680 165.0 1.714 6.440
7690 165.0 1.630 6.771
7700 165.0 1.186 7.283
7710 165.0 0.180 7.483
7720 165.0 0.545 7.032
7630 168.0 0.081 3.313
7640 168.0 0.583 3.327
7650 168.0 1.084 3.341
7660 168.0 1.585 3.355
7670 168.0 2.103 3.374
7680 168.0 2.659 3.402
7690 168.0 3.214 3.431
7700 168.0 3.770 3.460
7710 168.0 2.889 3.384
7720 168.0 3.321 3.352
7730 168.0 2.358 3.928
7740 168.0 2.609 4.131
7750 168.0 2.443 3.912
7760 168.0 2.864 4.038
7770 168.0 3.830 3.560
7780 168.0 2.815 3.805
7790 168.0 2.757 3.310
7800 168.0 2.220 3.655
7810 168.0 2.867 3.693
7820 168.0 3.609 3.612
7670 169.0 15.131 4.621
7680 169.0 14.644 4.651
7690 169.0 14.158 4.681
7700 169.0 13.671 4.710
7710 169.0 13.181 4.691
7720 169.0 12.688 4.623
7730 169.0 12.195 4.555
7740 169.0 11.702 4.487
7750 169.0 13.212 5.174
7760 169.0 13.130 5.234
7770 169.0 12.833 5.153
7780 169.0 13.330 5.230
7790 169.0 11.524 6.058
7800 169.0 11.364 6.228
7810 169.0 11.169 6.337
7820 169.0 9.290 7.303
7830 169.0 9.216 7.499
7840 169.0 8.997 7.361
7850 169.0 9.758 7.319
7860 169.0 8.287 8.236
7700 171.0 14.932 3.519
7710 171.0 14.354 3.571
7720 171.0 13.775 3.623
7730 171.0 13.196 3.675
7740 171.0 12.713 3.731
7750 171.0 12.231 3.788
7760 171.0 11.748 3.844
7770 171.0 11.235 3.894
7780 171.0 12.258 3.866
7790 171.0 12.036 4.135
7800 171.0 12.115 3.809
7810 171.0 10.338 4.464
7820 171.0 10.613 4.459
7830 171.0 10.749 4.168
7840 171.0 10.124 4.684
7850 171.0 9.433 4.685
7860 171.0 10.043 4.641
7870 171.0 8.450 5.362
7880 171.0 8.594 5.988
7890 171.0 8.557 5.412
7760 172.0 0.141 2.857
7770 172.0 0.489 2.893
7780 172.0 0.837 2.930
7790 172.0 1.185 2.967
7800 172.0 1.533 3.004
7810 172.0 1.881 3.040
7820 172.0 2.273 3.062
7830 172.0 2.694 3.073
7840 172.0 2.440 3.064
7850 172.0 2.705 3.259
7860 172.0 2.279 3.122
7870 172.0 2.613 3.155
7880 172.0 3.035 2.975
7890 172.0 3.127 3.273
7900 172.0 3.286 3.389
7910 172.0 3.356 3.633
7920 172.0 2.970 3.612
7930 172.0 3.198 3.265
7940 172.0 3.654 2.956
7950 172.0 3.718 2.377
7770 173.0 -0.049 3.810
7780 173.0 0.390 3.831
7790 173.0 0.829 3.851
7800 173.0 1.268 3.872
7810 173.0 1.704 3.891
7820 173.0 2.111 3.901
7830 173.0 2.519 3.911
7840 173.0 2.927 3.921
7850 173.0 3.333 4.350
7860 173.0 2.868 4.508
7870 173.0 2.315 4.516
7880 173.0 2.799 3.861
7890 173.0 3.397 3.691
7900 173.0 4.258 3.600
7910 173.0 3.831 3.580
7920 173.0 4.287 3.589
7930 173.0 4.357 3.204
7940 173.0 4.057 3.289
7950 173.0 4.650 2.894
7960 173.0 4.823 3.013
7870 170.0 6.528 5.487
7880 170.0 6.087 5.644
7890 170.0 5.646 5.800
7900 170.0 5.228 5.956
7910 170.0 4.818 6.110
7920 170.0 4.408 6.265
7930 170.0 3.999 6.420
7940 170.0 3.612 6.517
7950 170.0 3.567 6.637
7960 170.0 2.886 6.745
7970 170.0 2.751 7.404
7980 170.0 1.994 7.700
7990 170.0 1.457 7.897
8000 170.0 1.369 8.324
8010 170.0 0.899 8.266
8020 170.0 1.048 8.488
8030 170.0 -1.162 8.531
8040 170.0 -1.093 9.163
8050 170.0 0.494 8.329
8060 170.0 -1.599 8.180
8360 174.0 0.245 3.588
8370 174.0 0.796 3.672
8380 174.0 1.348 3.756
8390 174.0 1.900 3.840
8400 174.0 2.447 3.897
8410 174.0 2.989 3.914
8420 174.0 3.530 3.931
8430 174.0 4.071 3.948
8440 174.0 2.560 3.943
8450 174.0 3.793 3.287
8460 174.0 2.963 3.850
8470 174.0 3.362 3.914
8480 174.0 3.030 4.428
8490 174.0 3.916 4.049
8500 174.0 3.798 5.028
8510 174.0 3.775 4.398
8520 174.0 2.706 4.959
8530 174.0 3.443 4.983
8540 174.0 2.290 5.156
8550 174.0 2.750 4.683
8400 175.0 15.225 6.579
8410 175.0 14.637 6.447
8420 175.0 14.049 6.315
8430 175.0 13.461 6.184
8440 175.0 12.850 6.065
8450 175.0 12.233 5.950
8460 175.0 11.616 5.835
8470 175.0 11.009 5.720
8480 175.0 12.244 6.452
8490 175.0 11.930 6.369
8500 175.0 10.481 5.982
8510 175.0 11.970 6.233
8520 175.0 11.018 7.036
8530 175.0 10.425 7.049
8540 175.0 10.218 6.866
8550 175.0 10.474 7.223
8560 175.0 8.198 7.208
8570 175.0 10.769 7.049
8580 175.0 10.405 7.351
8590 175.0 9.640 6.718
8550 183.0 0.462 8.765
8560 183.0 0.574 8.614
8570 183.0 0.686 8.463
8580 183.0 0.798 8.312
8590 183.0 0.846 8.173
8600 183.0 0.878 8.038
8610 183.0 0.910 7.903
8620 183.0 0.942 7.768
8630 183.0 0.689 7.933
8640 183.0 0.584 7.930
8650 183.0 0.789 7.791
8660 183.0 0.556 7.659
8670 183.0 0.892 7.109
8680 183.0 0.845 6.555
8690 183.0 0.788 6.485
8700 183.0 0.978 5.876
8710 183.0 1.097 5.493
8720 183.0 1.167 4.687
8730 183.0 0.896 4.410
8740 183.0 0.789 5.138
8580 176.0 7.183 -0.375
8590 176.0 6.941 0.305
8600 176.0 6.699 0.986
8610 176.0 6.367 1.865
8620 176.0 6.013 2.795
8630 176.0 5.732 3.166
8640 176.0 5.459 3.476
8650 176.0 5.235 3.767
8660 176.0 5.551 3.843
8670 176.0 5.264 4.735
8680 176.0 4.665 4.118
8690 176.0 4.948 5.048
8700 176.0 4.011 5.369
8710 176.0 4.156 5.903
8720 176.0 4.056 7.114
8730 176.0 3.551 5.459
8740 176.0 3.792 7.033
8750 176.0 5.115 3.393
8760 176.0 2.437 6.794
8770 176.0 4.735 4.943
8600 177.0 7.726 -0.290
8610 177.0 7.610 -0.035
8620 177.0 7.494 0.221
8630 177.0 7.378 0.476
8640 177.0 7.053 0.856
8650 177.0 6.705 1.251
8660 177.0 6.351 1.642
8670 177.0 5.985 2.021
8680 177.0 6.726 1.412
8690 177.0 6.730 1.085
8700 177.0 6.687 1.197
8710 177.0 5.786 1.954
8720 177.0 6.133 1.943
8730 177.0 5.256 1.937
8740 177.0 5.653 1.807
8750 177.0 5.637 1.857
8760 177.0 5.154 2.209
8770 177.0 4.760 2.577
8780 177.0 4.616 2.291
8790 177.0 4.482 2.143
8620 178.0 15.186 4.796
8630 178.0 14.727 4.959
8640 178.0 14.268 5.121
8650 178.0 13.799 5.223
8660 178.0 13.319 5.265
8670 178.0 12.840 5.306
8680 178.0 12.371 5.242
8690 178.0 11.908 5.108
8700 178.0 12.853 4.957
8710 178.0 12.288 5.146
8720 178.0 12.000 5.745
8730 178.0 11.045 6.229
8740 178.0 10.208 6.048
8750 178.0 10.250 5.582
8760 178.0 10.140 6.065
8770 178.0 10.156 6.009
8780 178.0 9.230 6.502
8790 178.0 9.331 6.549
8800 178.0 9.038 7.109
8810 178.0 7.679 8.199
8650 179.0 14.926 4.597
8660 179.0 14.527 4.671
8670 179.0 14.128 4.745
8680 179.0 13.707 4.792
8690 179.0 13.235 4.776
8700 179.0 12.764 4.759
8710 179.0 12.327 4.733
8720 179.0 11.942 4.692
8730 179.0 11.455 5.019
8740 179.0 11.504 5.028
8750 179.0 11.270 5.407
8760 179.0 11.055 5.546
8770 179.0 10.710 5.560
8780 179.0 10.342 5.925
8790 179.0 9.578 6.003
8800 179.0 8.366 6.502
8810 179.0 9.821 6.070
8820 179.0 8.838 7.401
8830 179.0 7.768 7.505
8840 179.0 9.690 6.357
8660 180.0 14.863 2.381
8670 180.0 14.247 2.440
8680 180.0 13.631 2.500
8690 180.0 13.021 2.524
8700 180.0 12.417 2.511
8710 180.0 11.813 2.498
8720 180.0 11.210 2.486
8730 180.0 10.603 2.511
8740 180.0 12.086 3.082
8750 180.0 11.088 2.761
8760 180.0 11.156 3.251
8770 180.0 10.162 3.123
8780 180.0 11.149 3.295
8790 180.0 10.042 3.808
8800 180.0 9.754 3.556
8810 180.0 10.171 3.471
8820 180.0 8.582 3.348
8830 180.0 9.838 3.602
8840 180.0 9.676 3.862
8850 180.0 9.366 4.045
8660 181.0 15.027 3.150
8670 181.0 14.444 3.194
8680 181.0 13.860 3.237
8690 181.0 13.233 3.289
8700 181.0 12.596 3.344
8710 181.0 11.959 3.399
8720 181.0 11.324 3.447
8730 181.0 10.698 3.482
8740 181.0 11.039 3.955
8750 181.0 10.391 4.324
8760 181.0 10.990 4.536
8770 181.0 10.056 4.384
8780 181.0 9.280 5.171
8790 181.0 8.651 5.146
8800 181.0 7.778 6.011
8810 181.0 9.086 5.728
8820 181.0 7.547 5.465
8830 181.0 7.338 6.793
8840 181.0 8.624 5.843
8850 181.0 7.077 7.162
8660 182.0 15.060 5.432
8670 182.0 14.519 5.523
8680 182.0 13.978 5.614
8690 182.0 13.527 5.673
8700 182.0 13.099 5.724
8710 182.0 12.670 5.776
8720 182.0 12.207 5.744
8730 182.0 11.744 5.712
8740 182.0 11.949 5.585
8750 182.0 11.670 6.050
8760 182.0 11.464 5.994
8770 182.0 10.896 6.475
8780 182.0 10.549 6.243
8790 182.0 10.502 6.616
8800 182.0 9.582 6.743
8810 182.0 9.803 6.636
8820 182.0 10.284 6.233
8830 182.0 9.420 6.959
8840 182.0 8.349 7.388
8850 182.0 7.015 7.957
8750 184.0 1.453 6.832
8760 184.0 1.440 6.823
8770 184.0 1.427 6.814
8780 184.0 1.414 6.806
8790 184.0 1.401 6.797
8800 184.0 1.388 6.788
8810 184.0 1.375 6.780
8820 184.0 1.362 6.771
8830 184.0 1.431 6.698
8840 184.0 1.424 6.722
8850 184.0 1.415 6.726
8860 184.0 1.460 6.687
8870 184.0 1.501 6.655
8880 184.0 1.456 6.670
8890 184.0 1.371 6.712
8900 184.0 1.408 6.669
8910 184.0 1.343 6.661
8920 184.0 1.235 6.711
8930 184.0 1.262 6.691
8940 184.0 1.230 6.604
