0 1.0 0.295 8.091
10 1.0 1.031 7.852
20 1.0 1.768 7.613
30 1.0 2.515 7.364
40 1.0 3.279 7.099
50 1.0 4.043 6.834
60 1.0 4.851 6.618
70 1.0 5.677 6.424
80 1.0 4.243 6.730
90 1.0 5.490 5.812
100 1.0 6.179 5.435
110 1.0 4.857 5.848
120 1.0 7.256 5.051
130 1.0 5.390 5.669
140 1.0 7.065 5.073
150 1.0 6.844 5.102
160 1.0 6.256 5.979
170 1.0 7.163 5.055
180 1.0 6.484 4.828
190 1.0 6.332 5.365
10 2.0 0.279 9.989
20 2.0 1.064 9.859
30 2.0 1.848 9.729
40 2.0 2.611 9.567
50 2.0 3.363 9.393
60 2.0 4.112 9.202
70 2.0 4.821 8.857
80 2.0 5.531 8.512
90 2.0 5.957 8.088
100 2.0 4.448 9.020
110 2.0 5.321 8.351
120 2.0 5.346 8.716
130 2.0 6.066 8.156
140 2.0 5.023 8.438
150 2.0 7.459 7.524
160 2.0 6.930 8.134
170 2.0 6.348 8.659
180 2.0 8.874 6.740
190 2.0 6.463 8.386
200 2.0 7.284 8.518
230 4.0 15.294 9.097
240 4.0 14.615 9.162
250 4.0 13.936 9.228
260 4.0 13.240 9.338
270 4.0 12.529 9.495
280 4.0 11.818 9.651
290 4.0 11.139 9.851
300 4.0 10.483 10.080
310 4.0 11.074 9.944
320 4.0 11.099 10.493
330 4.0 11.007 10.903
340 4.0 9.002 10.938
350 4.0 9.279 11.312
360 4.0 10.547 11.350
370 4.0 9.278 11.572
380 4.0 8.890 11.788
390 4.0 8.395 12.548
400 4.0 7.791 13.009
410 4.0 7.388 13.796
420 4.0 7.143 13.732
240 5.0 15.042 8.569
250 5.0 14.351 8.580
260 5.0 13.659 8.592
270 5.0 12.948 8.773
280 5.0 12.237 8.954
290 5.0 11.525 9.134
300 5.0 10.804 9.309
310 5.0 10.084 9.483
320 5.0 11.515 9.040
330 5.0 9.873 9.972
340 5.0 10.395 9.455
350 5.0 10.122 9.894
360 5.0 9.536 9.655
370 5.0 9.786 10.072
380 5.0 8.326 10.828
390 5.0 8.327 10.421
400 5.0 7.593 11.454
410 5.0 7.653 10.942
420 5.0 8.250 10.229
430 5.0 8.858 9.993
500 6.0 15.005 9.014
510 6.0 14.576 8.981
520 6.0 14.148 8.946
530 6.0 13.712 8.922
540 6.0 13.265 8.912
550 6.0 12.817 8.902
560 6.0 12.329 9.004
570 6.0 11.840 9.107
580 6.0 12.313 8.613
590 6.0 11.669 8.644
600 6.0 11.597 9.230
610 6.0 12.592 9.101
620 6.0 11.779 9.289
630 6.0 10.363 8.928
640 6.0 11.107 9.456
650 6.0 10.036 9.338
660 6.0 11.109 8.807
670 6.0 12.150 8.973
680 6.0 9.725 9.800
690 6.0 7.304 10.070
610 7.0 11.282 8.098
620 7.0 10.821 8.258
630 7.0 10.393 8.445
640 7.0 10.014 8.676
650 7.0 9.635 8.907
660 7.0 9.253 9.150
670 7.0 8.865 9.411
680 7.0 8.476 9.672
690 7.0 8.094 9.630
700 7.0 7.622 9.928
710 7.0 8.378 9.571
720 7.0 8.474 9.573
730 7.0 7.824 9.870
740 7.0 6.540 10.147
750 7.0 5.565 10.610
760 7.0 6.523 10.680
770 7.0 6.851 10.764
780 7.0 5.329 11.429
790 7.0 5.298 11.681
800 7.0 3.778 11.917
610 8.0 0.183 11.741
620 8.0 0.780 11.617
630 8.0 1.378 11.493
640 8.0 1.969 11.410
650 8.0 2.557 11.344
660 8.0 3.145 11.278
670 8.0 3.740 11.234
680 8.0 4.338 11.196
690 8.0 4.278 10.911
700 8.0 4.326 11.014
710 8.0 3.704 11.200
720 8.0 5.531 10.601
730 8.0 5.018 10.549
740 8.0 5.124 10.947
750 8.0 5.054 11.150
760 8.0 4.674 11.273
770 8.0 5.681 10.921
780 8.0 5.605 10.554
790 8.0 5.238 11.285
800 8.0 5.297 11.586
680 9.0 15.115 9.127
690 9.0 14.450 9.261
700 9.0 13.785 9.395
710 9.0 13.126 9.534
720 9.0 12.479 9.681
730 9.0 11.831 9.827
740 9.0 11.164 9.893
750 9.0 10.493 9.939
760 9.0 10.299 9.975
770 9.0 11.476 9.862
780 9.0 9.942 10.649
790 9.0 9.456 10.502
800 9.0 10.197 11.089
810 9.0 9.413 10.608
820 9.0 9.394 10.904
830 9.0 7.353 11.586
840 9.0 9.828 11.297
850 9.0 10.124 11.006
860 9.0 8.140 11.285
870 9.0 6.809 12.223
680 10.0 15.159 8.389
690 10.0 14.472 8.508
700 10.0 13.784 8.628
710 10.0 13.097 8.747
720 10.0 12.438 8.846
730 10.0 11.784 8.944
740 10.0 11.122 9.037
750 10.0 10.435 9.117
760 10.0 11.378 8.622
770 10.0 10.821 8.859
780 10.0 10.488 9.112
790 10.0 10.191 8.442
800 10.0 9.476 8.540
810 10.0 10.279 9.011
820 10.0 9.133 8.399
830 10.0 9.578 9.023
840 10.0 9.493 9.249
850 10.0 10.209 9.737
860 10.0 8.374 10.342
870 10.0 9.722 9.579
680 12.0 10.430 6.345
690 12.0 10.264 6.005
700 12.0 10.099 5.665
710 12.0 9.933 5.325
720 12.0 9.741 4.920
730 12.0 9.524 4.451
740 12.0 9.306 3.982
750 12.0 9.122 3.556
760 12.0 9.342 3.920
770 12.0 9.399 3.509
780 12.0 9.564 2.888
790 12.0 9.758 2.827
800 12.0 10.081 1.787
810 12.0 9.624 0.057
820 12.0 9.820 -0.538
830 12.0 10.022 -0.163
840 12.0 10.413 0.677
850 12.0 9.981 -3.347
860 12.0 9.811 -0.227
870 12.0 9.793 -1.066
750 11.0 0.088 7.704
760 11.0 0.636 7.441
770 11.0 1.183 7.179
780 11.0 1.733 6.910
790 11.0 2.297 6.618
800 11.0 2.860 6.325
810 11.0 3.427 6.039
820 11.0 4.023 5.807
830 11.0 4.180 5.965
840 11.0 5.396 4.849
850 11.0 5.335 4.651
860 11.0 4.914 5.340
870 11.0 5.390 5.202
880 11.0 5.753 4.997
890 11.0 5.582 4.797
900 11.0 6.813 4.136
910 11.0 8.964 2.576
920 11.0 4.250 4.738
930 11.0 4.835 5.126
940 11.0 7.541 3.509
890 13.0 15.111 8.759
900 13.0 14.495 8.776
910 13.0 13.879 8.793
920 13.0 13.255 8.833
930 13.0 12.602 8.965
940 13.0 11.949 9.096
950 13.0 11.298 9.246
960 13.0 10.653 9.439
970 13.0 11.074 9.230
980 13.0 11.941 9.211
990 13.0 10.846 9.578
1000 13.0 10.320 9.849
1010 13.0 9.401 9.450
1020 13.0 9.611 9.923
1030 13.0 8.724 10.887
1040 13.0 9.294 10.436
1050 13.0 8.455 10.748
1060 13.0 7.747 11.281
1070 13.0 8.412 10.814
1080 13.0 8.792 11.285
1130 18.0 15.426 8.393
1140 18.0 14.639 8.472
1150 18.0 13.852 8.552
1160 18.0 13.064 8.632
1170 18.0 12.270 8.799
1180 18.0 11.475 8.975
1190 18.0 10.682 9.135
1200 18.0 9.898 9.225
1210 18.0 11.701 9.426
1220 18.0 11.158 9.589
1230 18.0 10.887 9.057
1240 18.0 9.116 9.898
1250 18.0 9.373 10.247
1260 18.0 9.808 9.932
1270 18.0 8.500 11.135
1280 18.0 8.534 10.569
1290 18.0 8.796 10.782
1300 18.0 7.864 10.860
1310 18.0 8.455 10.970
1320 18.0 8.556 11.027
1140 21.0 1.136 7.652
1150 21.0 1.552 7.805
1160 21.0 1.967 7.958
1170 21.0 2.383 8.111
1180 21.0 2.813 8.267
1190 21.0 3.304 8.434
1200 21.0 3.795 8.601
1210 21.0 4.281 8.754
1220 21.0 4.036 8.561
1230 21.0 3.574 8.421
1240 21.0 2.928 8.657
1250 21.0 3.283 8.821
1260 21.0 4.262 8.178
1270 21.0 3.434 8.889
1280 21.0 3.811 8.898
1290 21.0 2.680 9.251
1300 21.0 3.235 9.183
1310 21.0 3.792 9.015
1320 21.0 4.352 8.304
1330 21.0 3.411 8.717
1160 19.0 12.242 7.491
1170 19.0 11.891 7.520
1180 19.0 11.540 7.549
1190 19.0 11.190 7.578
1200 19.0 10.763 7.634
1210 19.0 10.285 7.707
1220 19.0 9.808 7.780
1230 19.0 9.168 7.962
1240 19.0 10.643 8.000
1250 19.0 10.024 8.302
1260 19.0 9.233 8.501
1270 19.0 8.987 8.600
1280 19.0 9.026 8.995
1290 19.0 8.979 8.984
1300 19.0 8.628 9.243
1310 19.0 7.456 9.810
1320 19.0 7.498 9.632
1330 19.0 6.763 10.143
1340 19.0 5.774 10.077
1350 19.0 5.970 10.031
1200 20.0 11.991 8.161
1210 20.0 11.435 8.276
1220 20.0 10.879 8.390
1230 20.0 10.358 8.493
1240 20.0 9.851 8.590
1250 20.0 9.345 8.687
1260 20.0 8.766 8.735
1270 20.0 8.187 8.783
1280 20.0 8.851 8.959
1290 20.0 9.119 8.954
1300 20.0 8.665 9.312
1310 20.0 7.980 9.325
1320 20.0 8.066 9.159
1330 20.0 6.797 9.601
1340 20.0 7.771 9.617
1350 20.0 7.516 9.489
1360 20.0 6.382 9.667
1370 20.0 5.512 10.791
1380 20.0 6.558 10.277
1390 20.0 6.116 10.515
1230 25.0 3.849 4.590
1240 25.0 4.039 4.668
1250 25.0 4.229 4.747
1260 25.0 4.419 4.825
1270 25.0 4.609 4.903
1280 25.0 4.798 4.981
1290 25.0 4.988 5.060
1300 25.0 5.225 5.100
1310 25.0 4.552 5.150
1320 25.0 4.867 5.323
1330 25.0 5.076 5.326
1340 25.0 5.199 5.120
1350 25.0 5.287 5.355
1360 25.0 5.619 5.426
1370 25.0 5.877 5.712
1380 25.0 5.373 5.277
1390 25.0 5.322 5.422
1400 25.0 6.204 5.658
1410 25.0 6.232 5.526
1420 25.0 5.725 5.497
1310 22.0 14.781 5.883
1320 22.0 14.322 5.852
1330 22.0 13.863 5.821
1340 22.0 13.405 5.791
1350 22.0 12.965 5.789
1360 22.0 12.544 5.817
1370 22.0 12.123 5.845
1380 22.0 11.702 5.873
1390 22.0 12.336 6.243
1400 22.0 11.683 6.180
1410 22.0 11.309 6.437
1420 22.0 11.107 6.144
1430 22.0 11.015 6.094
1440 22.0 10.424 6.838
1450 22.0 10.935 6.491
1460 22.0 10.493 7.086
1470 22.0 9.069 7.184
1480 22.0 10.206 7.483
1490 22.0 9.060 7.427
1500 22.0 8.453 8.001
1310 23.0 14.939 5.155
1320 23.0 14.500 5.155
1330 23.0 14.060 5.155
1340 23.0 13.621 5.155
1350 23.0 13.176 5.166
1360 23.0 12.731 5.180
1370 23.0 12.285 5.194
1380 23.0 11.849 5.189
1390 23.0 11.760 5.387
1400 23.0 11.550 5.634
1410 23.0 11.540 5.623
1420 23.0 10.784 5.608
1430 23.0 10.924 5.146
1440 23.0 10.568 4.876
1450 23.0 10.262 5.004
1460 23.0 11.944 5.152
1470 23.0 10.170 5.369
1480 23.0 9.238 6.222
1490 23.0 9.857 6.453
1500 23.0 8.660 6.868
1310 24.0 14.936 4.413
1320 24.0 14.479 4.399
1330 24.0 14.022 4.385
1340 24.0 13.565 4.372
1350 24.0 13.126 4.347
1360 24.0 12.695 4.318
1370 24.0 12.263 4.289
1380 24.0 11.832 4.260
1390 24.0 11.827 4.288
1400 24.0 12.260 4.499
1410 24.0 11.464 5.109
1420 24.0 11.950 4.874
1430 24.0 11.643 4.567
1440 24.0 10.332 5.091
1450 24.0 11.457 5.386
1460 24.0 9.948 5.934
1470 24.0 9.569 6.100
1480 24.0 9.392 5.853
1490 24.0 8.840 5.525
1500 24.0 8.810 5.808
1370 27.0 6.367 0.491
1380 27.0 6.390 1.139
1390 27.0 6.412 1.787
1400 27.0 6.428 2.382
1410 27.0 6.440 2.955
1420 27.0 6.452 3.527
1430 27.0 6.461 4.085
1440 27.0 6.461 4.580
1450 27.0 6.510 5.483
1460 27.0 6.620 4.727
1470 27.0 6.557 5.110
1480 27.0 6.362 4.439
1490 27.0 6.473 6.303
1500 27.0 6.089 5.339
1510 27.0 6.790 6.477
1520 27.0 6.524 6.661
1530 27.0 6.540 8.047
1540 27.0 5.909 6.007
1550 27.0 5.971 4.434
1560 27.0 5.340 4.524
1430 26.0 8.171 6.327
1440 26.0 8.321 6.402
1450 26.0 8.470 6.478
1460 26.0 8.611 6.546
1470 26.0 8.743 6.607
1480 26.0 8.875 6.668
1490 26.0 9.007 6.729
1500 26.0 9.101 6.781
1510 26.0 8.725 7.018
1520 26.0 8.702 6.877
1530 26.0 8.629 6.886
1540 26.0 8.955 7.071
1550 26.0 8.797 7.489
1560 26.0 8.682 7.152
1570 26.0 9.019 7.436
1580 26.0 9.159 7.463
1590 26.0 8.905 7.214
1600 26.0 9.103 7.905
1610 26.0 8.961 8.129
1620 26.0 9.529 8.011
1560 28.0 9.766 9.217
1570 28.0 9.769 9.169
1580 28.0 9.771 9.120
1590 28.0 9.774 9.072
1600 28.0 9.776 9.024
1610 28.0 9.778 8.976
1620 28.0 9.781 8.927
1630 28.0 9.783 8.879
1640 28.0 9.921 8.995
1650 28.0 9.913 8.993
1660 28.0 9.789 8.996
1670 28.0 9.815 9.093
1680 28.0 9.829 9.112
1690 28.0 9.758 9.160
1700 28.0 9.757 9.169
1710 28.0 9.692 9.176
1720 28.0 9.811 9.264
1730 28.0 9.761 9.206
1740 28.0 9.762 9.159
1750 28.0 9.712 9.220
1560 29.0 0.844 7.509
1570 29.0 1.049 7.352
1580 29.0 1.254 7.195
1590 29.0 1.459 7.038
1600 29.0 1.664 6.881
1610 29.0 1.967 6.760
1620 29.0 2.295 6.647
1630 29.0 2.623 6.535
1640 29.0 2.909 6.145
1650 29.0 3.417 5.932
1660 29.0 3.044 6.101
1670 29.0 3.984 5.674
1680 29.0 4.330 5.611
1690 29.0 5.166 5.146
1700 29.0 5.377 4.717
1710 29.0 5.998 4.318
1720 29.0 6.761 3.779
1730 29.0 7.313 3.694
1740 29.0 6.980 3.903
1750 29.0 7.091 3.811
1780 30.0 12.813 9.162
1790 30.0 12.238 9.393
1800 30.0 11.663 9.623
1810 30.0 11.091 9.861
1820 30.0 10.527 10.115
1830 30.0 9.964 10.369
1840 30.0 9.398 10.622
1850 30.0 8.823 10.869
1860 30.0 8.472 10.445
1870 30.0 8.047 10.902
1880 30.0 7.936 11.063
1890 30.0 7.855 11.010
1900 30.0 8.063 11.138
1910 30.0 7.973 11.605
1920 30.0 8.032 11.478
1930 30.0 7.055 12.008
1940 30.0 5.497 12.868
1950 30.0 5.622 12.980
1960 30.0 5.560 12.216
1970 30.0 7.193 12.468
1780 31.0 1.784 11.060
1790 31.0 2.400 10.857
1800 31.0 3.016 10.654
1810 31.0 3.591 10.450
1820 31.0 4.140 10.245
1830 31.0 4.689 10.041
1840 31.0 5.321 9.899
1850 31.0 5.975 9.774
1860 31.0 5.847 9.028
1870 31.0 6.410 8.615
1880 31.0 6.291 8.845
1890 31.0 6.430 8.929
1900 31.0 8.092 7.984
1910 31.0 6.339 9.352
1920 31.0 7.015 9.075
1930 31.0 7.382 8.669
1940 31.0 6.957 8.770
1950 31.0 8.486 8.006
1960 31.0 7.881 8.240
1970 31.0 7.092 8.506
2040 33.0 0.146 10.352
2050 33.0 0.763 10.294
2060 33.0 1.380 10.237
2070 33.0 1.996 10.154
2080 33.0 2.613 9.974
2090 33.0 3.230 9.792
2100 33.0 3.825 9.619
2110 33.0 4.370 9.462
2120 33.0 5.199 9.098
2130 33.0 4.828 8.890
2140 33.0 4.016 9.226
2150 33.0 5.466 8.631
2160 33.0 6.372 8.532
2170 33.0 4.995 9.225
2180 33.0 6.800 8.239
2190 33.0 3.871 8.993
2200 33.0 7.333 7.430
2210 33.0 4.368 9.172
2220 33.0 6.742 7.903
2230 33.0 4.194 8.163
2110 35.0 0.182 8.361
2120 35.0 0.638 8.321
2130 35.0 1.094 8.281
2140 35.0 1.560 8.228
2150 35.0 2.040 8.153
2160 35.0 2.520 8.079
2170 35.0 2.993 8.024
2180 35.0 3.437 8.050
2190 35.0 3.759 7.813
2200 35.0 4.622 7.547
2210 35.0 4.248 7.229
2220 35.0 4.587 6.939
2230 35.0 5.873 6.545
2240 35.0 5.562 6.674
2250 35.0 7.463 5.829
2260 35.0 6.361 6.586
2270 35.0 6.726 5.967
2280 35.0 5.521 6.469
2290 35.0 5.941 6.289
2300 35.0 6.287 5.896
2150 36.0 14.859 6.125
2160 36.0 14.227 6.202
2170 36.0 13.596 6.278
2180 36.0 12.975 6.344
2190 36.0 12.369 6.391
2200 36.0 11.762 6.439
2210 36.0 11.103 6.487
2220 36.0 10.438 6.535
2230 36.0 11.506 6.531
2240 36.0 10.858 6.312
2250 36.0 10.589 6.513
2260 36.0 11.418 5.933
2270 36.0 11.268 5.871
2280 36.0 10.142 6.551
2290 36.0 9.207 6.530
2300 36.0 10.612 6.020
2310 36.0 10.180 6.481
2320 36.0 9.887 7.126
2330 36.0 10.761 7.423
2340 36.0 9.117 7.257
2200 37.0 6.003 12.440
2210 37.0 6.024 12.111
2220 37.0 6.046 11.782
2230 37.0 6.072 11.445
2240 37.0 6.109 11.091
2250 37.0 6.145 10.737
2260 37.0 6.175 10.379
2270 37.0 6.196 10.012
2280 37.0 6.417 10.292
2290 37.0 6.155 9.636
2300 37.0 6.187 9.304
2310 37.0 6.054 8.537
2320 37.0 6.198 9.322
2330 37.0 6.222 8.359
2340 37.0 6.397 6.527
2350 37.0 6.285 6.057
2360 37.0 6.365 6.119
2370 37.0 6.534 5.228
2380 37.0 6.423 4.239
2390 37.0 6.439 3.891
2440 40.0 14.886 6.563
2450 40.0 14.182 6.802
2460 40.0 13.477 7.040
2470 40.0 12.735 7.240
2480 40.0 11.989 7.435
2490 40.0 11.280 7.612
2500 40.0 10.587 7.781
2510 40.0 9.893 7.934
2520 40.0 10.276 8.709
2530 40.0 11.167 8.468
2540 40.0 9.529 8.689
2550 40.0 8.487 9.497
2560 40.0 8.864 9.859
2570 40.0 9.072 9.075
2580 40.0 9.091 9.428
2590 40.0 7.944 9.579
2600 40.0 6.066 10.148
2610 40.0 9.542 9.759
2620 40.0 3.835 13.313
2630 40.0 5.850 12.874
2440 41.0 15.281 9.021
2450 41.0 14.506 9.021
2460 41.0 13.732 9.021
2470 41.0 12.958 9.021
2480 41.0 12.151 9.196
2490 41.0 11.340 9.391
2500 41.0 10.535 9.598
2510 41.0 9.755 9.857
2520 41.0 10.466 9.355
2530 41.0 11.508 10.088
2540 41.0 11.512 9.739
2550 41.0 10.572 9.818
2560 41.0 10.778 9.604
2570 41.0 8.839 9.930
2580 41.0 10.355 10.110
2590 41.0 9.967 10.363
2600 41.0 8.626 10.020
2610 41.0 8.952 9.234
2620 41.0 10.917 10.286
2630 41.0 10.071 9.463
2730 43.0 15.235 9.047
2740 43.0 14.514 9.038
2750 43.0 13.793 9.029
2760 43.0 13.083 9.050
2770 43.0 12.409 9.193
2780 43.0 11.736 9.336
2790 43.0 11.073 9.602
2800 43.0 10.415 9.920
2810 43.0 11.704 9.081
2820 43.0 11.435 9.216
2830 43.0 11.241 8.979
2840 43.0 10.976 9.369
2850 43.0 10.916 8.897
2860 43.0 10.433 8.946
2870 43.0 10.774 8.910
2880 43.0 12.649 8.646
2890 43.0 10.726 9.285
2900 43.0 10.567 9.314
2910 43.0 10.570 8.932
2920 43.0 7.846 9.819
2730 44.0 10.049 6.892
2740 44.0 10.000 7.155
2750 44.0 9.951 7.418
2760 44.0 9.902 7.680
2770 44.0 9.841 7.998
2780 44.0 9.777 8.330
2790 44.0 9.706 8.588
2800 44.0 9.629 8.771
2810 44.0 9.580 9.288
2820 44.0 9.722 9.086
2830 44.0 9.484 9.415
2840 44.0 9.429 9.556
2850 44.0 9.139 10.203
2860 44.0 9.207 9.863
2870 44.0 9.139 10.450
2880 44.0 9.121 11.065
2890 44.0 8.584 11.661
2900 44.0 9.169 10.905
2910 44.0 8.931 10.611
2920 44.0 9.131 12.217
2950 46.0 15.113 7.655
2960 46.0 14.465 7.711
2970 46.0 13.818 7.766
2980 46.0 13.166 7.844
2990 46.0 12.503 7.976
3000 46.0 11.841 8.109
3010 46.0 11.213 8.249
3020 46.0 10.609 8.395
3030 46.0 11.669 8.734
3040 46.0 11.896 8.617
3050 46.0 10.815 8.969
3060 46.0 11.370 9.419
3070 46.0 11.284 8.702
3080 46.0 10.392 9.360
3090 46.0 9.518 9.591
3100 46.0 9.792 9.751
3110 46.0 9.011 10.220
3120 46.0 9.376 10.251
3130 46.0 8.407 11.106
3140 46.0 8.800 10.959
2960 47.0 14.691 8.306
2970 47.0 14.104 8.356
2980 47.0 13.515 8.413
2990 47.0 12.912 8.532
3000 47.0 12.309 8.651
3010 47.0 11.697 8.831
3020 47.0 11.084 9.018
3030 47.0 10.435 9.207
3040 47.0 11.026 9.475
3050 47.0 10.196 9.471
3060 47.0 10.058 9.713
3070 47.0 10.309 9.722
3080 47.0 8.888 9.939
3090 47.0 9.604 10.422
3100 47.0 9.081 10.262
3110 47.0 7.743 11.101
3120 47.0 7.109 10.732
3130 47.0 7.995 11.309
3140 47.0 7.611 11.376
3150 47.0 7.559 11.009
2960 48.0 14.707 9.007
2970 48.0 14.110 8.978
2980 48.0 13.512 8.950
2990 48.0 12.990 9.065
3000 48.0 12.467 9.180
3010 48.0 11.920 9.338
3020 48.0 11.315 9.596
3030 48.0 10.710 9.855
3040 48.0 10.585 9.800
3050 48.0 11.265 9.919
3060 48.0 9.553 10.474
3070 48.0 9.798 9.568
3080 48.0 9.535 9.725
3090 48.0 9.452 10.394
3100 48.0 9.184 10.645
3110 48.0 6.871 10.578
3120 48.0 8.613 10.804
3130 48.0 5.620 10.714
3140 48.0 7.205 11.124
3150 48.0 9.194 11.204
3010 49.0 8.891 8.481
3020 49.0 9.199 8.335
3030 49.0 9.506 8.188
3040 49.0 9.862 8.120
3050 49.0 10.264 8.130
3060 49.0 10.662 8.137
3070 49.0 11.037 8.128
3080 49.0 11.413 8.119
3090 49.0 11.940 7.802
3100 49.0 11.755 7.583
3110 49.0 13.075 7.135
3120 49.0 13.089 7.420
3130 49.0 13.606 7.580
3140 49.0 14.589 6.412
3150 49.0 15.701 6.231
3160 49.0 16.064 5.709
3170 49.0 14.679 6.649
3180 49.0 13.450 7.623
3190 49.0 14.058 6.551
3200 49.0 19.112 5.554
3040 50.0 0.112 10.188
3050 50.0 0.469 9.974
3060 50.0 0.827 9.759
3070 50.0 1.185 9.544
3080 50.0 1.547 9.360
3090 50.0 1.910 9.179
3100 50.0 2.273 8.997
3110 50.0 2.592 8.891
3120 50.0 2.821 8.712
3130 50.0 2.846 8.477
3140 50.0 3.887 7.945
3150 50.0 3.810 7.946
3160 50.0 4.426 7.508
3170 50.0 4.963 7.272
3180 50.0 5.377 7.337
3190 50.0 5.580 7.551
3200 50.0 6.036 7.760
3210 50.0 3.758 8.007
3220 50.0 5.573 7.040
3230 50.0 7.403 6.561
3100 52.0 0.118 12.916
3110 52.0 0.442 12.852
3120 52.0 0.766 12.788
3130 52.0 1.077 12.747
3140 52.0 1.382 12.716
3150 52.0 1.688 12.685
3160 52.0 1.940 12.641
3170 52.0 2.156 12.588
3180 52.0 1.835 12.639
3190 52.0 2.647 12.069
3200 52.0 2.233 12.495
3210 52.0 2.934 12.128
3220 52.0 2.866 11.932
3230 52.0 2.911 11.977
3240 52.0 2.885 11.605
3250 52.0 2.693 11.957
3260 52.0 3.684 11.315
3270 52.0 3.414 10.979
3280 52.0 2.206 11.788
3290 52.0 3.070 11.316
3200 54.0 14.702 9.063
3210 54.0 14.045 9.050
3220 54.0 13.343 9.157
3230 54.0 12.622 9.316
3240 54.0 11.954 9.510
3250 54.0 11.323 9.728
3260 54.0 10.689 9.946
3270 54.0 10.049 10.166
3280 54.0 10.734 9.815
3290 54.0 10.294 9.891
3300 54.0 10.285 10.204
3310 54.0 10.270 10.136
3320 54.0 10.091 9.733
3330 54.0 9.283 10.676
3340 54.0 8.706 10.820
3350 54.0 8.333 10.766
3360 54.0 7.803 10.800
3370 54.0 9.266 10.536
3380 54.0 7.356 11.744
3390 54.0 7.060 11.487
3240 51.0 4.206 8.429
3250 51.0 4.399 8.380
3260 51.0 4.735 8.292
3270 51.0 5.072 8.203
3280 51.0 5.409 8.114
3290 51.0 5.842 7.995
3300 51.0 6.274 7.876
3310 51.0 6.707 7.756
3320 51.0 6.556 7.737
3330 51.0 6.774 7.597
3340 51.0 5.938 7.691
3350 51.0 7.049 7.259
3360 51.0 7.847 7.074
3370 51.0 7.889 6.660
3380 51.0 7.472 6.760
3390 51.0 7.927 6.654
3400 51.0 8.496 6.373
3410 51.0 9.620 5.637
3420 51.0 8.829 6.239
3430 51.0 9.620 5.739
3300 53.0 3.967 10.755
3310 53.0 4.099 10.568
3320 53.0 4.230 10.382
3330 53.0 4.415 10.223
3340 53.0 4.600 10.064
3350 53.0 4.785 9.904
3360 53.0 4.984 9.729
3370 53.0 5.188 9.546
3380 53.0 5.756 9.432
3390 53.0 5.899 9.531
3400 53.0 5.854 9.287
3410 53.0 5.923 9.029
3420 53.0 5.823 9.131
3430 53.0 6.311 8.948
3440 53.0 7.029 8.645
3450 53.0 7.799 8.447
3460 53.0 8.576 8.167
3470 53.0 9.430 7.163
3480 53.0 9.689 7.318
3490 53.0 10.761 7.059
3460 55.0 -0.162 11.055
3470 55.0 0.728 10.958
3480 55.0 1.618 10.860
3490 55.0 2.498 10.782
3500 55.0 3.369 10.725
3510 55.0 4.240 10.667
3520 55.0 5.077 10.617
3530 55.0 5.893 10.573
3540 55.0 3.982 10.249
3550 55.0 4.417 9.855
3560 55.0 4.693 9.538
3570 55.0 6.235 9.113
3580 55.0 5.909 9.222
3590 55.0 8.194 8.694
3600 55.0 4.137 10.238
3610 55.0 7.012 8.669
3620 55.0 2.900 9.974
3630 55.0 6.082 8.933
3640 55.0 3.455 9.755
3650 55.0 5.807 8.595
3520 56.0 0.132 11.040
3530 56.0 0.816 10.938
3540 56.0 1.500 10.835
3550 56.0 2.181 10.742
3560 56.0 2.857 10.670
3570 56.0 3.533 10.597
3580 56.0 4.209 10.525
3590 56.0 4.888 10.440
3600 56.0 4.019 10.719
3610 56.0 3.283 11.199
3620 56.0 4.929 11.096
3630 56.0 3.482 11.002
3640 56.0 3.287 10.951
3650 56.0 3.458 10.879
3660 56.0 3.578 10.956
3670 56.0 4.437 10.610
3680 56.0 4.461 10.775
3690 56.0 4.485 11.605
3700 56.0 4.638 10.788
3710 56.0 5.451 10.362
3970 60.0 14.764 8.080
3980 60.0 14.000 8.292
3990 60.0 13.236 8.504
4000 60.0 12.553 8.806
4010 60.0 11.906 9.145
4020 60.0 11.256 9.497
4030 60.0 10.582 9.955
4040 60.0 9.909 10.413
4050 60.0 9.481 10.484
4060 60.0 9.900 10.131
4070 60.0 8.819 10.869
4080 60.0 9.021 10.340
4090 60.0 8.619 10.617
4100 60.0 8.668 10.919
4110 60.0 8.054 11.391
4120 60.0 6.016 12.860
4130 60.0 6.873 12.282
4140 60.0 8.251 11.613
4150 60.0 6.270 12.302
4160 60.0 2.917 13.760
3990 62.0 3.379 7.155
4000 62.0 3.688 7.436
4010 62.0 3.998 7.717
4020 62.0 4.307 7.998
4030 62.0 4.736 8.278
4040 62.0 5.285 8.559
4050 62.0 5.829 8.830
4060 62.0 6.352 9.069
4070 62.0 4.832 8.694
4080 62.0 4.992 8.528
4090 62.0 4.765 9.087
4100 62.0 5.441 8.926
4110 62.0 5.440 9.236
4120 62.0 5.422 9.064
4130 62.0 5.873 9.458
4140 62.0 6.039 9.264
4150 62.0 5.596 9.111
4160 62.0 5.701 9.682
4170 62.0 6.113 9.498
4180 62.0 5.860 9.688
4220 64.0 2.294 11.340
4230 64.0 2.925 11.140
4240 64.0 3.557 10.939
4250 64.0 4.180 10.707
4260 64.0 4.799 10.453
4270 64.0 5.417 10.200
4280 64.0 6.031 9.908
4290 64.0 6.640 9.558
4300 64.0 6.503 9.328
4310 64.0 6.599 9.225
4320 64.0 7.072 8.863
4330 64.0 7.963 8.348
4340 64.0 8.093 8.795
4350 64.0 8.073 8.618
4360 64.0 8.095 8.194
4370 64.0 7.688 8.399
4380 64.0 8.213 7.771
4390 64.0 6.128 8.716
4400 64.0 8.782 7.606
4410 64.0 7.974 7.805
4220 65.0 6.877 9.056
4230 65.0 6.742 9.588
4240 65.0 6.609 10.119
4250 65.0 6.417 10.683
4260 65.0 6.226 11.247
4270 65.0 6.044 11.685
4280 65.0 5.865 12.092
4290 65.0 5.680 12.478
4300 65.0 6.245 12.907
4310 65.0 6.544 13.335
4320 65.0 6.328 13.691
4330 65.0 6.457 15.101
4340 65.0 5.967 15.651
4350 65.0 5.896 14.168
4360 65.0 6.694 15.789
4370 65.0 6.198 14.549
4380 65.0 6.705 13.966
4390 65.0 5.623 14.260
4400 65.0 6.214 15.501
4410 65.0 5.332 14.998
4270 66.0 11.245 7.967
4280 66.0 10.843 8.112
4290 66.0 10.441 8.256
4300 66.0 10.039 8.401
4310 66.0 9.481 8.750
4320 66.0 8.922 9.098
4330 66.0 8.331 9.327
4340 66.0 7.691 9.375
4350 66.0 8.115 9.307
4360 66.0 7.868 9.668
4370 66.0 7.289 9.795
4380 66.0 7.009 10.011
4390 66.0 5.960 10.563
4400 66.0 5.273 10.529
4410 66.0 5.283 11.201
4420 66.0 4.711 11.382
4430 66.0 4.328 11.794
4440 66.0 5.206 11.758
4450 66.0 5.276 11.846
4460 66.0 6.118 10.566
4280 67.0 15.224 7.173
4290 67.0 14.450 7.106
4300 67.0 13.675 7.040
4310 67.0 12.888 6.993
4320 67.0 12.070 6.993
4330 67.0 11.253 6.993
4340 67.0 10.467 7.062
4350 67.0 9.695 7.162
4360 67.0 10.365 7.764
4370 67.0 11.862 7.394
4380 67.0 11.244 7.113
4390 67.0 9.647 7.500
4400 67.0 11.441 8.115
4410 67.0 8.960 8.078
4420 67.0 11.124 7.374
4430 67.0 8.547 8.011
4440 67.0 9.687 8.183
4450 67.0 9.467 8.683
4460 67.0 7.589 8.398
4470 67.0 9.317 8.287
4310 68.0 10.313 9.618
4320 68.0 9.892 9.484
4330 68.0 9.408 9.272
4340 68.0 8.829 8.944
4350 68.0 8.261 8.699
4360 68.0 7.698 8.478
4370 68.0 7.145 8.270
4380 68.0 6.609 8.067
4390 68.0 7.498 8.539
4400 68.0 7.162 8.626
4410 68.0 7.137 8.952
4420 68.0 6.970 8.608
4430 68.0 6.979 8.845
4440 68.0 5.745 8.485
4450 68.0 6.422 8.459
4460 68.0 5.424 8.724
4470 68.0 6.646 8.881
4480 68.0 5.861 8.317
4490 68.0 4.675 9.168
4500 68.0 6.236 9.248
4510 69.0 9.428 13.047
4520 69.0 9.374 12.790
4530 69.0 9.320 12.533
4540 69.0 9.266 12.276
4550 69.0 9.239 11.989
4560 69.0 9.239 11.670
4570 69.0 9.239 11.352
4580 69.0 9.245 11.037
4590 69.0 9.090 10.892
4600 69.0 8.980 10.915
4610 69.0 9.240 10.524
4620 69.0 9.277 9.523
4630 69.0 9.169 8.799
4640 69.0 9.175 9.123
4650 69.0 9.218 7.135
4660 69.0 9.198 6.581
4670 69.0 9.336 7.199
4680 69.0 9.187 6.287
4690 69.0 8.658 5.975
4700 69.0 8.884 3.982
4510 70.0 10.198 13.383
4520 70.0 10.227 13.070
4530 70.0 10.256 12.758
4540 70.0 10.268 12.460
4550 70.0 10.263 12.179
4560 70.0 10.257 11.897
4570 70.0 10.252 11.616
4580 70.0 10.273 11.304
4590 70.0 9.921 10.357
4600 70.0 9.822 10.719
4610 70.0 9.696 10.205
4620 70.0 9.778 9.605
4630 70.0 9.887 8.688
4640 70.0 9.702 8.558
4650 70.0 10.158 6.404
4660 70.0 9.839 5.613
4670 70.0 10.068 6.548
4680 70.0 10.165 4.975
4690 70.0 10.162 7.653
4700 70.0 9.914 5.986
4600 73.0 0.170 9.853
4610 73.0 0.818 9.816
4620 73.0 1.465 9.780
4630 73.0 2.099 9.725
4640 73.0 2.720 9.654
4650 73.0 3.342 9.558
4660 73.0 3.963 9.439
4670 73.0 4.583 9.318
4680 73.0 3.604 9.353
4690 73.0 4.216 9.090
4700 73.0 4.448 9.353
4710 73.0 4.384 9.647
4720 73.0 4.618 9.910
4730 73.0 5.066 10.086
4740 73.0 4.718 10.111
4750 73.0 5.873 9.092
4760 73.0 5.208 9.086
4770 73.0 4.716 9.629
4780 73.0 5.091 9.483
4790 73.0 5.472 9.509
4610 74.0 0.449 10.200
4620 74.0 1.178 10.123
4630 74.0 1.907 10.047
4640 74.0 2.593 10.002
4650 74.0 3.261 9.971
4660 74.0 3.919 9.920
4670 74.0 4.560 9.841
4680 74.0 5.214 9.762
4690 74.0 4.751 9.451
4700 74.0 4.130 9.915
4710 74.0 3.345 10.023
4720 74.0 3.890 9.949
4730 74.0 3.982 9.202
4740 74.0 5.559 8.846
4750 74.0 4.846 9.611
4760 74.0 4.993 9.285
4770 74.0 5.274 8.803
4780 74.0 6.092 8.704
4790 74.0 5.664 8.096
4800 74.0 5.566 8.280
4640 75.0 -0.100 11.481
4650 75.0 0.466 11.298
4660 75.0 1.033 11.114
4670 75.0 1.600 10.931
4680 75.0 2.176 11.006
4690 75.0 2.765 11.047
4700 75.0 3.458 10.859
4710 75.0 4.109 10.859
4720 75.0 3.233 10.965
4730 75.0 4.244 10.565
4740 75.0 4.447 10.084
4750 75.0 3.660 9.725
4760 75.0 4.938 9.582
4770 75.0 4.850 9.796
4780 75.0 4.193 9.832
4790 75.0 4.958 9.676
4800 75.0 5.515 9.326
4810 75.0 5.240 9.712
4820 75.0 4.200 9.947
4830 75.0 5.631 9.364
4680 76.0 0.328 7.055
4690 76.0 0.899 7.370
4700 76.0 1.470 7.686
4710 76.0 1.929 8.114
4720 76.0 2.340 8.592
4730 76.0 2.668 9.063
4740 76.0 2.940 9.530
4750 76.0 3.241 9.967
4760 76.0 2.453 9.311
4770 76.0 2.858 8.730
4780 76.0 2.621 9.558
4790 76.0 3.178 9.727
4800 76.0 2.462 9.914
4810 76.0 2.862 9.339
4820 76.0 2.691 9.016
4830 76.0 2.694 9.247
4840 76.0 2.686 9.281
4850 76.0 2.682 9.591
4860 76.0 2.534 10.288
4870 76.0 2.694 9.892
4690 77.0 -0.015 9.260
4700 77.0 0.584 9.021
4710 77.0 1.142 8.696
4720 77.0 1.660 8.289
4730 77.0 2.179 7.892
4740 77.0 2.789 7.542
4750 77.0 3.412 7.209
4760 77.0 4.067 6.983
4770 77.0 3.621 7.379
4780 77.0 4.264 7.074
4790 77.0 4.800 6.594
4800 77.0 5.870 5.921
4810 77.0 5.347 6.178
4820 77.0 6.308 5.883
4830 77.0 8.904 4.500
4840 77.0 6.997 5.312
4850 77.0 8.554 4.453
4860 77.0 8.483 4.861
4870 77.0 8.976 3.877
4880 77.0 9.531 4.653
4910 79.0 0.084 8.329
4920 79.0 0.538 8.329
4930 79.0 1.000 8.325
4940 79.0 1.530 8.281
4950 79.0 2.060 8.236
4960 79.0 2.582 8.178
4970 79.0 3.090 8.098
4980 79.0 3.599 8.019
4990 79.0 2.258 8.610
5000 79.0 2.553 8.591
5010 79.0 2.395 8.350
5020 79.0 2.968 8.325
5030 79.0 1.876 9.100
5040 79.0 1.418 8.892
5050 79.0 1.782 8.706
5060 79.0 1.959 8.808
5070 79.0 2.028 8.990
5080 79.0 1.912 8.730
5090 79.0 2.047 8.903
5100 79.0 2.149 8.749
4910 80.0 -0.039 8.821
4920 80.0 0.472 8.867
4930 80.0 0.983 8.912
4940 80.0 1.496 8.946
4950 80.0 2.010 8.975
4960 80.0 2.523 8.974
4970 80.0 3.034 8.854
4980 80.0 3.545 8.735
4990 80.0 3.181 8.922
5000 80.0 2.977 8.438
5010 80.0 3.277 8.376
5020 80.0 3.484 7.811
5030 80.0 4.328 7.750
5040 80.0 3.325 7.661
5050 80.0 3.505 7.654
5060 80.0 3.359 7.993
5070 80.0 4.072 7.444
5080 80.0 4.722 7.162
5090 80.0 6.083 6.878
5100 80.0 4.580 7.583
4960 82.0 14.943 9.930
4970 82.0 14.312 10.060
4980 82.0 13.680 10.189
4990 82.0 13.049 10.319
5000 82.0 12.449 10.435
5010 82.0 11.863 10.546
5020 82.0 11.277 10.657
5030 82.0 10.656 10.764
5040 82.0 11.778 10.235
5050 82.0 11.537 10.300
5060 82.0 10.767 10.852
5070 82.0 10.593 11.507
5080 82.0 9.148 11.530
5090 82.0 10.094 11.147
5100 82.0 8.214 12.200
5110 82.0 8.982 11.886
5120 82.0 9.025 12.339
5130 82.0 7.985 13.165
5140 82.0 7.851 12.414
5150 82.0 9.517 11.296
4960 83.0 15.153 8.933
4970 83.0 14.522 9.018
4980 83.0 13.891 9.103
4990 83.0 13.259 9.188
5000 83.0 12.598 9.299
5010 83.0 11.936 9.410
5020 83.0 11.282 9.541
5030 83.0 10.658 9.755
5040 83.0 11.873 9.436
5050 83.0 11.276 9.655
5060 83.0 11.242 10.071
5070 83.0 10.759 10.020
5080 83.0 10.463 10.010
5090 83.0 10.216 10.261
5100 83.0 10.031 10.264
5110 83.0 10.395 10.144
5120 83.0 9.603 10.492
5130 83.0 9.283 10.404
5140 83.0 10.247 9.832
5150 83.0 7.064 11.270
5010 84.0 0.180 11.602
5020 84.0 0.925 11.393
5030 84.0 1.670 11.184
5040 84.0 2.405 10.949
5050 84.0 3.134 10.701
5060 84.0 3.863 10.454
5070 84.0 4.609 10.200
5080 84.0 5.356 9.945
5090 84.0 4.873 10.226
5100 84.0 5.121 10.170
5110 84.0 5.899 9.489
5120 84.0 6.113 9.145
5130 84.0 6.025 9.024
5140 84.0 6.412 9.432
5150 84.0 3.968 10.627
5160 84.0 6.521 9.500
5170 84.0 8.908 9.217
5180 84.0 7.578 8.744
5190 84.0 10.000 8.667
5200 84.0 6.774 9.202
5230 87.0 5.098 11.218
5240 87.0 5.612 11.156
5250 87.0 6.127 11.094
5260 87.0 6.641 11.032
5270 87.0 7.149 10.932
5280 87.0 7.655 10.828
5290 87.0 8.161 10.723
5300 87.0 8.684 10.636
5310 87.0 7.733 10.817
5320 87.0 7.707 11.388
5330 87.0 7.355 11.407
5340 87.0 9.062 10.894
5350 87.0 8.625 11.103
5360 87.0 8.148 11.338
5370 87.0 7.690 11.175
5380 87.0 7.947 11.302
5390 87.0 8.402 11.145
5400 87.0 8.593 11.338
5410 87.0 8.823 11.531
5420 87.0 9.166 10.755
5240 88.0 14.842 8.292
5250 88.0 14.346 8.360
5260 88.0 13.850 8.428
5270 88.0 13.346 8.547
5280 88.0 12.839 8.688
5290 88.0 12.353 8.774
5300 88.0 11.889 8.804
5310 88.0 11.421 8.844
5320 88.0 11.273 8.499
5330 88.0 11.094 8.746
5340 88.0 10.632 9.450
5350 88.0 9.634 9.499
5360 88.0 10.346 9.628
5370 88.0 10.143 9.447
5380 88.0 9.412 9.562
5390 88.0 8.912 9.924
5400 88.0 8.984 10.376
5410 88.0 8.638 10.868
5420 88.0 8.227 10.939
5430 88.0 8.005 10.694
5240 89.0 14.810 8.876
5250 89.0 14.377 8.919
5260 89.0 13.943 8.963
5270 89.0 13.490 9.026
5280 89.0 12.961 9.171
5290 89.0 12.432 9.316
5300 89.0 11.902 9.460
5310 89.0 11.442 9.626
5320 89.0 11.182 9.069
5330 89.0 10.446 9.457
5340 89.0 10.161 8.938
5350 89.0 8.809 9.434
5360 89.0 8.405 9.181
5370 89.0 9.898 9.160
5380 89.0 8.335 9.401
5390 89.0 7.902 9.632
5400 89.0 9.305 9.858
5410 89.0 9.400 9.798
5420 89.0 9.283 9.880
5430 89.0 7.623 10.270
5270 90.0 15.242 7.443
5280 90.0 14.484 7.577
5290 90.0 13.727 7.711
5300 90.0 12.981 7.850
5310 90.0 12.266 8.003
5320 90.0 11.550 8.155
5330 90.0 10.863 8.333
5340 90.0 10.183 8.517
5350 90.0 11.113 7.978
5360 90.0 10.502 8.040
5370 90.0 9.418 8.856
5380 90.0 10.550 8.653
5390 90.0 10.050 8.287
5400 90.0 9.502 8.863
5410 90.0 9.495 9.539
5420 90.0 9.363 10.078
5430 90.0 8.714 10.278
5440 90.0 7.205 10.518
5450 90.0 7.765 10.436
5460 90.0 9.113 10.095
5300 91.0 2.649 8.875
5310 91.0 3.189 9.009
5320 91.0 3.728 9.144
5330 91.0 4.267 9.278
5340 91.0 4.821 9.395
5350 91.0 5.385 9.500
5360 91.0 5.959 9.599
5370 91.0 6.621 9.650
5380 91.0 5.278 9.373
5390 91.0 5.707 9.199
5400 91.0 6.741 8.247
5410 91.0 5.673 9.460
5420 91.0 5.667 9.111
5430 91.0 5.560 9.412
5440 91.0 5.625 9.229
5450 91.0 5.251 9.933
5460 91.0 5.900 9.620
5470 91.0 5.785 10.270
5480 91.0 6.245 9.442
5490 91.0 7.116 9.248
5410 92.0 0.360 12.524
5420 92.0 1.071 12.424
5430 92.0 1.781 12.325
5440 92.0 2.564 12.144
5450 92.0 3.355 11.955
5460 92.0 4.146 11.766
5470 92.0 4.778 11.570
5480 92.0 5.409 11.374
5490 92.0 4.152 11.327
5500 92.0 4.505 11.221
5510 92.0 4.488 11.120
5520 92.0 5.149 11.262
5530 92.0 5.584 10.935
5540 92.0 7.092 10.877
5550 92.0 6.068 11.273
5560 92.0 6.600 10.334
5570 92.0 7.730 10.074
5580 92.0 4.226 11.527
5590 92.0 7.643 10.197
5600 92.0 4.348 11.570
5410 93.0 0.511 13.619
5420 93.0 1.022 13.432
5430 93.0 1.533 13.244
5440 93.0 2.014 13.107
5450 93.0 2.465 13.022
5460 93.0 2.916 12.937
5470 93.0 3.450 12.828
5480 93.0 4.018 12.709
5490 93.0 3.851 12.454
5500 93.0 4.197 12.045
5510 93.0 4.398 11.795
5520 93.0 5.550 11.136
5530 93.0 6.190 10.845
5540 93.0 5.230 11.060
5550 93.0 5.465 11.160
5560 93.0 6.504 10.517
5570 93.0 6.515 10.150
5580 93.0 6.896 9.478
5590 93.0 6.982 9.823
5600 93.0 8.170 9.118
5480 94.0 0.358 11.885
5490 94.0 0.989 11.838
5500 94.0 1.621 11.790
5510 94.0 2.163 11.739
5520 94.0 2.705 11.679
5530 94.0 3.235 11.526
5540 94.0 3.766 11.374
5550 94.0 4.351 11.232
5560 94.0 4.297 10.803
5570 94.0 4.282 10.610
5580 94.0 3.838 11.036
5590 94.0 4.671 10.562
5600 94.0 4.440 10.840
5610 94.0 4.887 10.522
5620 94.0 5.047 10.509
5630 94.0 5.070 11.216
5640 94.0 5.889 10.083
5650 94.0 5.222 10.592
5660 94.0 5.879 10.420
5670 94.0 5.108 10.632
5660 95.0 0.031 12.330
5670 95.0 0.507 12.135
5680 95.0 0.982 11.941
5690 95.0 1.459 11.752
5700 95.0 1.942 11.610
5710 95.0 2.425 11.469
5720 95.0 2.937 11.326
5730 95.0 3.494 11.181
5740 95.0 2.983 11.180
5750 95.0 3.880 10.830
5760 95.0 3.147 10.785
5770 95.0 4.209 10.593
5780 95.0 4.304 10.278
5790 95.0 4.204 10.371
5800 95.0 4.537 10.018
5810 95.0 6.251 8.927
5820 95.0 5.332 10.084
5830 95.0 5.801 9.919
5840 95.0 7.157 9.117
5850 95.0 8.477 8.192
5670 96.0 0.229 11.467
5680 96.0 0.743 11.286
5690 96.0 1.256 11.104
5700 96.0 1.737 10.927
5710 96.0 2.204 10.750
5720 96.0 2.694 10.593
5730 96.0 3.220 10.466
5740 96.0 3.746 10.339
5750 96.0 3.550 10.557
5760 96.0 3.740 10.279
5770 96.0 4.182 9.875
5780 96.0 4.945 9.414
5790 96.0 5.775 9.121
5800 96.0 4.350 9.737
5810 96.0 6.346 8.707
5820 96.0 5.489 8.800
5830 96.0 6.967 8.115
5840 96.0 5.241 9.294
5850 96.0 5.518 9.106
5860 96.0 5.766 8.750
5970 97.0 14.796 8.119
5980 97.0 14.250 8.223
5990 97.0 13.705 8.328
6000 97.0 13.160 8.426
6010 97.0 12.616 8.511
6020 97.0 12.073 8.596
6030 97.0 11.520 8.698
6040 97.0 10.928 8.869
6050 97.0 11.258 8.713
6060 97.0 10.191 9.225
6070 97.0 10.636 9.614
6080 97.0 10.005 9.858
6090 97.0 9.375 9.571
6100 97.0 8.243 10.094
6110 97.0 8.145 9.958
6120 97.0 9.554 9.733
6130 97.0 9.337 10.542
6140 97.0 7.910 10.249
6150 97.0 8.618 10.160
6160 97.0 7.961 10.136
5970 98.0 14.748 8.769
5980 98.0 14.275 8.836
5990 98.0 13.801 8.903
6000 98.0 13.304 8.988
6010 98.0 12.752 9.115
6020 98.0 12.199 9.241
6030 98.0 11.650 9.369
6040 98.0 11.134 9.499
6050 98.0 11.589 9.575
6060 98.0 10.569 9.839
6070 98.0 10.899 9.894
6080 98.0 10.631 10.086
6090 98.0 10.708 10.151
6100 98.0 10.052 10.163
6110 98.0 9.922 10.246
6120 98.0 9.278 10.281
6130 98.0 8.974 9.579
6140 98.0 8.782 9.596
6150 98.0 8.142 9.729
6160 98.0 9.390 10.553
6040 99.0 14.923 8.732
6050 99.0 14.300 8.834
6060 99.0 13.676 8.936
6070 99.0 13.055 9.022
6080 99.0 12.439 9.084
6090 99.0 11.824 9.146
6100 99.0 11.192 9.235
6110 99.0 10.554 9.337
6120 99.0 11.061 9.800
6130 99.0 11.334 9.533
6140 99.0 10.293 9.430
6150 99.0 11.145 9.604
6160 99.0 10.076 10.000
6170 99.0 9.354 10.452
6180 99.0 8.972 10.414
6190 99.0 8.978 10.725
6200 99.0 7.854 11.697
6210 99.0 7.018 11.568
6220 99.0 8.586 11.564
6230 99.0 7.087 12.418
6290 104.0 0.542 13.766
6300 104.0 1.198 13.670
6310 104.0 1.853 13.575
6320 104.0 2.509 13.480
6330 104.0 3.161 13.386
6340 104.0 3.807 13.299
6350 104.0 4.452 13.211
6360 104.0 5.120 13.120
6370 104.0 4.230 12.730
6380 104.0 5.383 12.141
6390 104.0 5.536 12.492
6400 104.0 5.769 12.210
6410 104.0 5.717 11.890
6420 104.0 5.864 12.078
6430 104.0 5.492 12.241
6440 104.0 5.858 11.722
6450 104.0 7.464 10.892
6460 104.0 9.468 9.930
6470 104.0 6.325 11.038
6480 104.0 6.688 11.169
6360 105.0 -0.063 13.025
6370 105.0 0.358 12.964
6380 105.0 0.779 12.903
6390 105.0 1.200 12.842
6400 105.0 1.621 12.780
6410 105.0 2.076 12.719
6420 105.0 2.540 12.658
6430 105.0 3.004 12.597
6440 105.0 2.945 12.102
6450 105.0 2.915 12.534
6460 105.0 3.290 12.206
6470 105.0 3.723 11.822
6480 105.0 4.059 11.786
6490 105.0 4.606 11.632
6500 105.0 4.624 11.475
6510 105.0 5.872 11.116
6520 105.0 5.217 11.261
6530 105.0 4.903 11.431
6540 105.0 6.225 10.884
6550 105.0 5.263 11.985
6430 106.0 14.985 8.759
6440 106.0 14.404 8.768
6450 106.0 13.823 8.778
6460 106.0 13.237 8.847
6470 106.0 12.646 8.976
6480 106.0 12.056 9.104
6490 106.0 11.515 9.282
6500 106.0 10.980 9.467
6510 106.0 11.522 9.600
6520 106.0 11.278 10.107
6530 106.0 11.557 9.836
6540 106.0 9.877 10.354
6550 106.0 8.276 10.436
6560 106.0 9.024 10.429
6570 106.0 9.586 10.549
6580 106.0 9.848 10.541
6590 106.0 9.010 10.617
6600 106.0 8.116 10.548
6610 106.0 7.847 11.230
6620 106.0 7.893 11.692
6430 107.0 15.256 8.168
6440 107.0 14.633 8.228
6450 107.0 14.011 8.287
6460 107.0 13.388 8.354
6470 107.0 12.764 8.436
6480 107.0 12.139 8.518
6490 107.0 11.526 8.645
6500 107.0 10.927 8.839
6510 107.0 11.616 8.406
6520 107.0 10.990 8.369
6530 107.0 9.843 8.525
6540 107.0 10.028 8.533
6550 107.0 9.818 8.902
6560 107.0 8.989 8.318
6570 107.0 10.180 8.503
6580 107.0 10.262 8.084
6590 107.0 10.232 8.374
6600 107.0 9.853 8.890
6610 107.0 9.961 9.144
6620 107.0 9.857 9.814
6890 112.0 14.822 7.432
6900 112.0 14.138 7.575
6910 112.0 13.454 7.718
6920 112.0 12.808 7.883
6930 112.0 12.166 8.050
6940 112.0 11.499 8.203
6950 112.0 10.829 8.355
6960 112.0 10.210 8.506
6970 112.0 11.509 8.233
6980 112.0 10.945 8.240
6990 112.0 10.174 8.206
7000 112.0 10.009 8.484
7010 112.0 10.123 8.887
7020 112.0 10.093 8.522
7030 112.0 9.036 8.981
7040 112.0 9.729 8.473
7050 112.0 9.633 9.054
7060 112.0 8.430 8.721
7070 112.0 10.705 7.746
7080 112.0 7.249 10.087
6890 113.0 15.008 8.077
6900 113.0 14.358 8.208
6910 113.0 13.707 8.338
6920 113.0 13.098 8.473
6930 113.0 12.507 8.611
6940 113.0 11.917 8.748
6950 113.0 11.329 8.877
6960 113.0 10.742 9.007
6970 113.0 11.347 9.321
6980 113.0 10.351 9.709
6990 113.0 10.342 9.882
7000 113.0 10.199 9.566
7010 113.0 9.374 9.870
7020 113.0 8.233 9.888
7030 113.0 9.300 9.984
7040 113.0 7.485 10.337
7050 113.0 8.072 10.950
7060 113.0 7.876 11.558
7070 113.0 7.824 12.100
7080 113.0 5.449 13.434
7170 116.0 0.084 11.050
7180 116.0 0.602 10.967
7190 116.0 1.120 10.885
7200 116.0 1.610 10.795
7210 116.0 2.056 10.693
7220 116.0 2.503 10.592
7230 116.0 2.956 10.490
7240 116.0 3.470 10.375
7250 116.0 4.144 10.426
7260 116.0 3.407 10.884
7270 116.0 3.369 10.598
7280 116.0 4.071 10.593
7290 116.0 4.593 10.164
7300 116.0 5.019 10.016
7310 116.0 6.026 9.203
7320 116.0 5.532 9.522
7330 116.0 5.046 9.719
7340 116.0 3.315 10.514
7350 116.0 5.477 9.449
7360 116.0 6.069 9.331
7180 117.0 0.255 10.400
7190 117.0 0.755 10.300
7200 117.0 1.255 10.201
7210 117.0 1.765 10.106
7220 117.0 2.276 10.013
7230 117.0 2.792 9.914
7240 117.0 3.347 9.771
7250 117.0 3.903 9.628
7260 117.0 4.287 9.447
7270 117.0 3.866 9.585
7280 117.0 4.310 9.549
7290 117.0 5.580 9.235
7300 117.0 5.022 9.520
7310 117.0 5.087 9.843
7320 117.0 5.674 9.019
7330 117.0 5.351 9.318
7340 117.0 6.387 8.914
7350 117.0 6.933 8.543
7360 117.0 6.157 9.014
7370 117.0 8.181 7.618
