149	1	-114.9030	110.7760
150	1	-112.2230	98.3516
151	1	-109.6870	86.3609
152	1	-105.6270	75.8091
153	1	-101.2410	67.5677
154	1	-96.0768	59.5765
155	1	-91.2827	50.8970
156	1	-85.1787	41.9114
157	1	-78.8059	32.1934
158	1	-71.9837	23.0289
159	1	-65.5295	14.8562
160	1	-60.1542	7.0015
161	1	-55.5750	-0.0206
162	1	-50.6997	-7.9957
163	1	-45.1441	-16.4102
164	1	-39.0687	-25.5311
165	1	-32.2499	-35.1005
166	1	-24.6659	-44.7714
167	1	-16.2626	-52.7525
168	1	-7.7547	-58.3110
169	1	0.9954	-62.7883
170	1	9.8560	-66.9377
171	1	18.8427	-71.0666
172	1	27.9239	-75.0532
173	1	38.1219	-78.5240
174	1	48.3270	-81.5937
175	1	58.1167	-85.3573
176	1	67.6737	-89.0868
177	1	76.6746	-92.8910
178	1	85.5006	-96.9874
179	1	94.7252	-100.8770
180	1	104.7450	-105.0010
181	1	116.0310	-108.9150
182	1	127.2070	-112.2680
183	1	138.4190	-113.3850
184	1	148.9880	-113.5780
185	1	159.0290	-113.9980
186	1	168.5870	-114.0940
187	1	177.9880	-114.2280
188	1	188.3360	-113.4820
189	1	199.7230	-112.4410
190	1	211.6450	-112.2560
191	1	223.2520	-113.3870
192	1	233.9260	-115.0570
193	1	243.6110	-116.6830
194	1	253.3520	-118.3960
195	1	263.2350	-119.8740
196	1	274.6290	-121.3040
197	1	286.5810	-122.2760
198	1	298.4800	-121.8850
199	1	309.9610	-120.5300
200	1	320.4230	-119.2630
201	1	329.9410	-118.1360
202	1	339.0840	-116.9650
203	1	348.8670	-115.5530
204	1	360.2170	-113.7250
205	1	372.2150	-112.2330
206	1	384.8350	-111.6690
207	1	397.0290	-111.4650
248	2	-127.6260	113.0260
249	2	-124.1440	102.5480
250	2	-120.9460	92.4631
251	2	-118.1160	82.3394
252	2	-115.3520	72.1691
253	2	-112.3950	61.8669
254	2	-109.0820	51.3216
255	2	-105.4790	40.8444
256	2	-101.4770	31.0142
257	2	-96.9774	22.1282
258	2	-91.8850	14.1866
259	2	-86.0299	6.5045
260	2	-79.6570	-0.6953
261	2	-72.5927	-8.3587
262	2	-64.9173	-15.4093
263	2	-56.6793	-21.8471
264	2	-48.0528	-27.3627
265	2	-39.6785	-32.7653
266	2	-31.2747	-38.4959
267	2	-22.7224	-43.8895
268	2	-13.8108	-49.3747
269	2	-4.4696	-54.9272
270	2	4.7525	-60.3471
271	2	14.5661	-65.3790
272	2	24.3688	-69.5640
273	2	34.7599	-73.0147
274	2	45.2166	-75.1989
275	2	55.5794	-76.8975
276	2	65.5712	-78.6157
277	2	75.8919	-80.2718
278	2	86.7292	-81.4228
279	2	97.6481	-82.4569
280	2	108.7270	-83.3635
281	2	120.0450	-84.3444
282	2	131.0960	-85.8717
283	2	141.5560	-87.5377
284	2	151.3710	-89.4312
285	2	161.2650	-91.3841
286	2	171.4540	-93.2077
287	2	182.1900	-94.7603
288	2	193.3070	-95.7064
289	2	204.9150	-96.1430
290	2	216.3380	-96.1402
291	2	226.8410	-95.5357
292	2	236.6900	-95.0751
293	2	246.5210	-94.2252
294	2	256.6810	-93.0454
295	2	267.5750	-91.5360
296	2	279.0410	-89.8952
297	2	290.7460	-88.2955
298	2	302.3070	-87.2968
299	2	312.9270	-87.0890
300	2	322.3720	-87.2766
301	2	331.5550	-87.4831
302	2	341.3700	-87.7089
303	2	352.2120	-87.8130
304	2	363.8850	-87.7169
305	2	376.2370	-86.8759
306	2	388.2700	-85.0218
340	3	-102.7530	112.6760
341	3	-98.7939	100.4960
342	3	-94.8463	88.3465
343	3	-91.2576	76.7546
344	3	-87.5935	65.8316
345	3	-82.9371	55.7733
346	3	-77.3178	46.2564
347	3	-70.9485	36.6889
348	3	-64.1588	27.1275
349	3	-57.2056	18.2005
350	3	-50.4015	9.6892
351	3	-43.3532	1.4723
352	3	-36.2802	-6.1144
353	3	-28.7906	-13.8621
354	3	-21.2335	-21.9531
355	3	-13.4531	-30.1323
356	3	-5.3387	-38.4576
357	3	2.7351	-46.3489
358	3	11.5541	-53.3642
359	3	20.7606	-60.0801
360	3	30.5451	-65.7217
361	3	40.6038	-71.0041
362	3	50.7595	-75.8193
363	3	60.9331	-79.9954
364	3	71.3894	-83.7405
365	3	81.8951	-86.8523
366	3	92.7944	-89.5571
367	3	104.2990	-91.9542
368	3	115.6630	-94.3789
369	3	126.5780	-96.9394
370	3	136.9060	-99.3751
371	3	147.3500	-101.8680
372	3	158.1510	-104.0330
373	3	169.7560	-105.2300
374	3	181.5440	-106.0500
375	3	193.6050	-106.2910
376	3	205.0240	-106.2980
377	3	215.6970	-106.4340
378	3	226.3100	-106.3800
379	3	236.9510	-105.9340
380	3	248.4090	-105.2210
381	3	260.2800	-104.2470
382	3	272.4810	-103.3910
383	3	284.2890	-102.9280
384	3	295.5660	-102.6860
385	3	306.4650	-102.6310
386	3	317.2700	-102.4250
387	3	328.5690	-101.7480
388	3	340.8570	-100.7070
389	3	353.9550	-99.1235
390	3	366.7790	-96.8127
391	3	378.0200	-94.3664
392	3	388.3510	-91.8541
393	3	398.0240	-89.1953
394	3	407.7780	-86.5073
425	4	-74.7007	113.6780
426	4	-71.7300	104.4850
427	4	-68.4232	94.9523
428	4	-64.6426	84.3099
429	4	-60.3189	72.7263
430	4	-55.5620	60.7923
431	4	-50.5541	49.4214
432	4	-45.8754	39.1258
433	4	-41.6432	29.5578
434	4	-37.8244	20.7287
435	4	-33.8173	11.1013
436	4	-29.3247	0.8397
437	4	-24.2099	-9.5945
438	4	-18.9154	-20.6100
439	4	-12.6685	-30.7092
440	4	-5.6180	-38.9002
441	4	2.3559	-45.1965
442	4	10.5412	-50.2145
443	4	18.9101	-55.1688
444	4	27.6488	-60.3046
445	4	37.2866	-64.9368
446	4	47.5987	-68.9010
447	4	58.1734	-72.2929
448	4	67.5833	-75.5064
449	4	76.8459	-78.8671
450	4	86.5506	-82.3803
451	4	96.1462	-86.4061
452	4	106.5250	-90.8198
453	4	117.5810	-94.9920
454	4	128.7580	-98.9571
455	4	140.1460	-101.9600
456	4	151.8180	-102.8840
457	4	163.4800	-102.6830
458	4	175.0240	-102.2900
459	4	186.5550	-101.6110
460	4	198.2340	-100.5850
461	4	210.3230	-99.2461
462	4	222.6180	-98.0482
463	4	234.7430	-97.0431
464	4	247.2110	-96.0917
465	4	258.7650	-97.3308
466	4	270.3160	-97.3442
467	4	281.6520	-97.5820
468	4	293.2010	-97.9247
469	4	305.4570	-98.0482
470	4	318.0020	-97.4552
471	4	330.6930	-95.3900
472	4	343.0140	-92.5261
473	4	354.5390	-89.6385
474	4	362.2060	-84.3546
475	4	372.5350	-81.5957
476	4	382.9910	-78.7844
477	4	395.2220	-75.9530
517	5	-87.0897	124.2280
518	5	-84.5655	114.1700
519	5	-82.9643	103.3830
520	5	-81.6348	92.7822
521	5	-80.2621	82.1598
522	5	-78.7448	71.6138
523	5	-77.5596	62.3477
524	5	-76.2225	53.5489
525	5	-73.1525	45.0389
526	5	-68.4046	37.8277
527	5	-63.0953	30.5162
528	5	-57.3766	22.9935
529	5	-51.7680	15.0651
530	5	-45.5073	7.3629
531	5	-38.6632	0.6294
532	5	-31.3839	-5.1980
533	5	-24.6221	-11.0157
534	5	-18.1518	-17.6481
535	5	-12.0044	-24.4097
536	5	-5.3740	-31.4236
537	5	1.2946	-38.1777
538	5	8.2921	-44.6387
539	5	14.9344	-50.7119
540	5	22.3580	-55.4169
541	5	30.8970	-58.7015
542	5	40.0401	-61.6955
543	5	48.8664	-64.8734
544	5	57.5253	-68.0658
545	5	66.3918	-70.3515
546	5	75.9082	-71.7292
547	5	86.0208	-72.7623
548	5	96.4255	-73.9551
549	5	107.3880	-75.8877
550	5	118.2080	-78.9502
551	5	128.3220	-82.3815
552	5	138.1860	-85.4988
553	5	148.0490	-88.3034
554	5	157.9890	-90.9704
555	5	168.2850	-92.2968
556	5	179.4470	-91.9459
557	5	190.3520	-91.1112
558	5	199.9790	-90.4688
559	5	208.9760	-90.1136
560	5	217.7770	-89.2513
561	5	226.7900	-87.3440
562	5	236.5080	-84.9636
563	5	247.4700	-83.3270
564	5	259.4530	-82.7026
565	5	270.5730	-82.8708
566	5	280.1000	-82.9557
567	5	289.0590	-82.8958
568	5	298.6870	-82.7924
569	5	309.4280	-82.6217
570	5	320.7670	-82.2705
571	5	332.7290	-80.7459
572	5	343.9980	-77.8912
573	5	353.7790	-74.9944
574	5	362.2760	-72.5822
575	5	370.7250	-69.7985
576	5	379.8520	-66.2582
577	5	389.7140	-62.2793
578	5	400.7570	-58.6079
607	6	-123.4760	109.1740
608	6	-118.6130	98.3818
609	6	-113.5120	88.0730
610	6	-108.4360	78.2633
611	6	-103.6540	68.6251
612	6	-99.8757	58.5716
613	6	-96.1544	48.2934
614	6	-91.9730	37.6872
615	6	-87.0865	26.5465
616	6	-81.7772	15.5392
617	6	-75.8192	5.2212
618	6	-69.4549	-4.2804
619	6	-62.4300	-12.3004
620	6	-54.4261	-19.3262
621	6	-46.4113	-26.0314
622	6	-38.1409	-32.5571
623	6	-29.5517	-38.3985
624	6	-20.4872	-43.6315
625	6	-10.9735	-48.4942
626	6	-1.3740	-53.4118
627	6	7.0156	-59.3370
628	6	15.3525	-65.4116
629	6	24.2655	-71.3543
630	6	33.6543	-77.4411
631	6	43.6727	-82.8367
632	6	54.5738	-88.0091
633	6	65.3810	-92.2232
634	6	76.1625	-94.9350
635	6	86.9286	-96.2455
636	6	97.5571	-97.2651
637	6	107.9090	-98.1183
638	6	118.4960	-99.4113
639	6	129.5500	-100.2470
640	6	141.4910	-100.3730
641	6	153.0390	-100.9590
642	6	164.1130	-102.4200
643	6	174.4370	-104.2890
644	6	184.6980	-106.2590
645	6	195.0700	-108.1060
646	6	206.3520	-109.6280
647	6	218.2740	-110.6340
648	6	230.8970	-111.4190
649	6	243.5080	-110.9230
650	6	255.3150	-109.4200
651	6	270.3870	-108.5230
652	6	278.6010	-110.7560
653	6	288.2120	-109.8290
654	6	298.6400	-108.0540
655	6	310.1930	-105.8450
656	6	322.1110	-103.1370
657	6	333.4550	-101.6910
658	6	343.9310	-100.8460
659	6	353.4990	-99.5068
660	6	361.2810	-95.6668
661	6	370.8420	-94.5037
662	6	381.1910	-93.1053
663	6	392.5360	-91.5551
702	7	-77.4433	106.8790
703	7	-74.9300	95.9896
704	7	-72.3972	84.2755
705	7	-69.7353	72.0736
706	7	-67.4260	59.9431
707	7	-65.0458	47.7224
708	7	-61.9897	37.1222
709	7	-58.0136	27.6160
710	7	-53.6129	19.2334
711	7	-48.5958	11.0134
712	7	-42.8141	2.4615
713	7	-36.0807	-6.3612
714	7	-28.3650	-14.5600
715	7	-19.4765	-22.3743
716	7	-11.2897	-30.3329
717	7	-4.2283	-38.2229
718	7	1.7544	-45.5136
719	7	8.2046	-52.7775
720	7	14.9175	-59.9599
721	7	22.5500	-67.2659
722	7	30.5443	-74.7353
723	7	39.2002	-81.8151
724	7	48.2263	-87.1091
725	7	57.7048	-90.7415
726	7	67.3099	-92.7648
727	7	76.7849	-94.3894
728	7	86.5338	-96.0849
729	7	96.4823	-97.2640
730	7	106.4970	-97.7498
731	7	117.5500	-98.0777
732	7	128.4980	-98.7196
733	7	139.0460	-100.1400
734	7	148.7760	-101.7410
735	7	158.0410	-103.4960
736	7	167.5910	-105.0930
737	7	177.9450	-106.5290
738	7	189.4050	-108.0490
739	7	201.8930	-109.8400
740	7	214.1200	-110.3260
741	7	226.1560	-109.9090
742	7	237.2380	-108.4030
743	7	247.0730	-107.0800
744	7	256.5520	-105.4910
745	7	266.1180	-103.5680
746	7	276.4810	-101.0490
747	7	287.7060	-98.0928
748	7	299.0700	-95.5490
749	7	310.4720	-94.1099
750	7	320.4990	-93.4005
751	7	330.1040	-92.4896
752	7	340.3510	-91.0786
753	7	350.5680	-89.8551
754	7	361.4150	-88.8313
755	7	373.4790	-87.5718
756	7	385.3430	-85.4774
797	8	-93.3266	112.6360
798	8	-92.2925	101.6340
799	8	-90.3855	91.6598
800	8	-87.3635	82.9049
801	8	-83.3078	74.1750
802	8	-78.7810	65.0023
803	8	-73.9704	54.9257
804	8	-69.2487	45.1592
805	8	-63.8033	35.4833
806	8	-58.4812	27.6610
807	8	-52.8247	20.9724
808	8	-47.4038	14.2582
809	8	-42.7731	7.1590
810	8	-38.0434	-0.9618
811	8	-33.4443	-9.4448
812	8	-28.3300	-18.4245
813	8	-23.0424	-26.8543
814	8	-17.0973	-34.6124
815	8	-10.3756	-41.0086
816	8	-2.0877	-45.5238
817	8	6.8180	-48.8187
818	8	15.7930	-52.1127
819	8	24.7383	-55.3691
820	8	33.8236	-58.5957
821	8	42.7838	-61.3769
822	8	52.0663	-63.4547
823	8	61.9757	-65.0679
824	8	71.8466	-66.9933
825	8	81.5844	-69.7792
826	8	91.0823	-72.9335
827	8	100.0880	-76.1990
828	8	109.5960	-79.5889
829	8	119.4840	-82.6266
830	8	130.0860	-84.3734
831	8	141.4230	-84.3135
832	8	152.9560	-82.5440
833	8	163.8300	-80.0640
834	8	173.9040	-77.7053
835	8	183.5950	-75.6975
836	8	193.0080	-73.7308
837	8	202.7790	-71.7640
838	8	212.4940	-69.4278
839	8	223.2270	-66.7747
840	8	234.8880	-64.7579
841	8	246.3260	-64.0965
842	8	256.4950	-64.4676
843	8	265.6240	-65.3473
844	8	274.9290	-66.2111
845	8	284.9770	-66.8276
846	8	295.7450	-66.7260
847	8	307.2400	-66.0805
848	8	319.8440	-63.0599
849	8	330.9260	-59.4393
850	8	340.0830	-55.9486
851	8	348.0720	-52.6503
852	8	355.7830	-48.9509
853	8	364.3060	-45.3469
854	8	373.4670	-41.7568
855	8	383.5010	-37.6436
856	8	394.4290	-33.4720
857	8	405.1230	-29.8182
878	9	-87.1023	123.5760
879	9	-83.9531	113.7720
880	9	-81.2713	104.4890
881	9	-79.3300	95.4171
882	9	-77.1110	86.4114
883	9	-74.5270	77.1441
884	9	-71.7545	67.4244
885	9	-69.4068	57.6706
886	9	-67.1500	48.3952
887	9	-64.6077	39.7280
888	9	-61.0305	31.5570
889	9	-56.4777	23.8914
890	9	-51.4289	16.3647
891	9	-46.0583	9.0113
892	9	-39.9632	1.4911
893	9	-33.0464	-4.9569
894	9	-25.8888	-10.9336
895	9	-18.5833	-16.5200
896	9	-11.1129	-21.9790
897	9	-3.9650	-27.1394
898	9	3.1749	-32.0186
899	9	10.6908	-36.8915
900	9	18.4039	-41.7207
901	9	26.2006	-46.8920
902	9	34.0298	-52.1236
903	9	42.2435	-56.9200
904	9	50.8404	-60.6968
905	9	59.7457	-63.3419
906	9	68.3777	-65.2375
907	9	77.1955	-66.9831
908	9	85.7675	-68.5127
909	9	95.0188	-69.2876
910	9	104.4280	-68.9086
911	9	114.3890	-68.1735
912	9	124.4270	-67.5798
913	9	134.2450	-67.4278
914	9	144.2540	-67.7361
915	9	153.6640	-68.1770
916	9	162.6390	-68.9076
917	9	171.5700	-69.5046
918	9	180.9320	-70.5392
919	9	190.9720	-71.3694
920	9	201.0320	-71.9219
921	9	211.2080	-71.5575
922	9	221.2380	-70.5803
923	9	230.4270	-69.7003
924	9	239.0270	-68.9089
925	9	247.5310	-68.1100
926	9	256.5020	-66.2396
927	9	266.2970	-63.9319
928	9	276.4950	-61.7937
929	9	286.6110	-60.1940
930	9	296.4520	-59.1841
931	9	305.6470	-58.4078
932	9	314.1210	-57.6827
933	9	322.4020	-57.1859
934	9	331.3670	-56.9006
935	9	341.2540	-56.5556
936	9	351.7870	-55.8539
937	9	362.1840	-54.3371
938	9	372.1030	-52.2000
939	9	381.2100	-49.7086
940	9	389.3820	-47.1789
941	9	397.0140	-44.5364
942	9	404.5150	-41.3107
980	10	-127.2450	117.8900
981	10	-124.2950	107.8210
982	10	-120.7500	97.5190
983	10	-117.1890	87.9986
984	10	-113.6570	79.4789
985	10	-109.6540	71.6066
986	10	-105.6470	63.9859
987	10	-101.9650	56.3910
988	10	-97.7916	48.5165
989	10	-93.3653	40.4357
990	10	-88.8696	32.0713
991	10	-83.8475	23.5175
992	10	-77.9857	15.7903
993	10	-72.0773	8.2419
994	10	-65.2971	1.2675
995	10	-58.1344	-5.0182
996	10	-50.5821	-11.0626
997	10	-43.0508	-16.7703
998	10	-35.9982	-22.3396
999	10	-28.7641	-27.7973
1000	10	-21.6188	-32.4399
1001	10	-14.2020	-37.0575
1002	10	-6.1790	-41.4891
1003	10	1.7717	-46.3282
1004	10	9.5188	-51.3933
1005	10	17.1100	-56.2893
1006	10	25.3337	-61.0357
1007	10	33.9961	-65.4674
1008	10	43.0016	-69.4672
1009	10	51.9485	-73.4262
1010	10	61.6259	-77.1448
1011	10	71.2563	-80.0380
1012	10	80.2458	-82.1511
1013	10	88.8963	-84.0032
1014	10	97.1007	-86.2818
1015	10	105.4620	-88.5460
1016	10	114.2860	-90.7765
1017	10	124.3280	-92.7927
1018	10	134.1850	-94.9914
1019	10	143.4390	-97.4683
1020	10	152.1810	-100.4610
1021	10	160.5260	-103.1730
1022	10	168.9350	-106.0960
1023	10	178.0120	-109.2700
1024	10	187.4210	-112.4570
1025	10	197.6830	-115.5850
1026	10	207.7420	-117.8270
1027	10	217.8540	-119.1450
1028	10	227.3210	-119.7520
1029	10	236.0800	-120.0670
1030	10	244.3710	-120.6860
1031	10	252.8640	-121.6260
1032	10	262.4030	-122.5970
1033	10	272.9730	-123.0740
1034	10	283.8110	-123.5690
1035	10	293.5670	-124.5740
1036	10	302.2850	-125.7560
1037	10	310.4510	-126.9350
1038	10	319.0500	-128.0870
1039	10	328.5710	-128.9430
1040	10	338.9620	-129.5720
1041	10	350.1610	-129.9410
1042	10	361.6170	-129.4600
1043	10	371.9740	-128.3190
1044	10	380.6950	-127.0730
1045	10	388.4980	-125.7530
1046	10	396.3030	-124.2500
1047	10	405.0300	-122.1770
1086	11	-124.1520	109.1980
1087	11	-119.3020	100.7740
1088	11	-114.2740	92.9426
1089	11	-109.3210	85.6359
1090	11	-105.0570	78.7261
1091	11	-101.7090	71.6473
1092	11	-98.4782	64.1691
1093	11	-94.9848	56.1322
1094	11	-91.1776	48.6774
1095	11	-86.9541	41.0142
1096	11	-82.7143	33.6226
1097	11	-77.7436	26.7669
1098	11	-72.2593	20.4483
1099	11	-66.4488	14.7579
1100	11	-59.6522	9.5199
1101	11	-52.6347	4.4661
1102	11	-45.3248	-0.8795
1103	11	-37.6233	-5.8690
1104	11	-29.5609	-11.0389
1105	11	-21.3340	-16.2911
1106	11	-12.8624	-20.7949
1107	11	-4.4831	-24.6522
1108	11	2.8712	-29.2027
1109	11	9.3628	-33.9610
1110	11	15.3381	-38.7167
1111	11	22.2407	-43.1981
1112	11	29.5290	-47.4703
1113	11	38.0117	-51.4029
1114	11	47.1604	-54.2224
1115	11	56.7102	-56.4969
1116	11	66.2818	-58.0316
1117	11	75.6764	-58.9435
1118	11	84.6549	-59.5847
1119	11	93.3804	-59.8465
1120	11	101.6810	-59.8158
1121	11	109.9620	-59.0953
1122	11	119.0220	-57.8600
1123	11	128.3190	-56.0313
1124	11	136.8180	-54.3905
1125	11	145.1540	-53.8857
1126	11	153.5110	-54.2302
1127	11	162.2430	-55.3301
1128	11	171.1960	-56.8511
1129	11	180.4660	-58.4942
1130	11	190.1210	-59.8219
1131	11	200.3400	-60.2034
1132	11	209.7380	-60.4261
1133	11	219.3680	-60.0313
1134	11	228.4820	-59.6578
1135	11	236.5230	-59.6795
1136	11	244.8770	-58.8778
1137	11	253.5100	-57.8145
1138	11	262.9190	-56.5286
1139	11	273.2390	-55.1369
1140	11	283.1930	-54.1107
1141	11	292.9600	-53.6295
1142	11	302.4420	-53.9454
1143	11	311.1010	-54.8670
1144	11	319.5810	-55.8359
1145	11	328.1540	-56.8146
1146	11	336.8840	-58.0139
1147	11	345.7890	-59.3191
1148	11	354.9790	-60.2016
1149	11	364.3040	-60.4097
1150	11	373.4830	-60.1527
1151	11	381.8250	-59.7542
1152	11	389.1920	-59.3049
1153	11	396.0720	-58.4671
1154	11	386.1280	-58.4700
1155	11	394.6810	-56.4422
1189	12	-103.1200	114.2790
1190	12	-98.7372	104.7440
1191	12	-93.7733	94.6015
1192	12	-88.0833	84.4305
1193	12	-82.0230	74.5828
1194	12	-76.1007	65.0079
1195	12	-72.2992	55.6196
1196	12	-69.1487	46.5605
1197	12	-65.5580	37.2424
1198	12	-61.4839	27.2393
1199	12	-57.2245	17.0520
1200	12	-52.3546	7.5174
1201	12	-46.5023	-0.7936
1202	12	-39.4426	-6.7607
1203	12	-32.0953	-11.4251
1204	12	-24.2351	-15.7995
1205	12	-16.2998	-20.2260
1206	12	-7.5213	-24.4060
1207	12	1.7440	-28.2789
1208	12	11.8881	-31.7791
1209	12	21.6953	-35.6300
1210	12	30.4505	-40.1063
1211	12	38.9369	-44.9990
1212	12	47.9934	-49.9844
1213	12	57.2652	-55.5750
1214	12	67.0919	-61.2987
1215	12	77.1165	-66.2094
1216	12	86.9314	-69.5453
1217	12	96.9346	-70.9448
1218	12	106.9790	-71.0727
1219	12	116.3090	-70.9378
1220	12	125.5400	-70.8018
1221	12	135.3630	-70.8284
1222	12	145.8900	-70.2115
1223	12	157.3370	-68.9512
1224	12	169.7400	-68.1959
1225	12	181.4450	-68.8221
1226	12	192.1800	-70.1238
1227	12	202.4620	-71.3404
1228	12	212.3760	-72.7207
1229	12	222.7310	-74.5716
1230	12	233.7560	-76.0100
1231	12	244.5920	-76.4217
1232	12	255.7120	-75.2126
1233	12	266.4940	-72.8029
1234	12	276.4190	-70.3837
1235	12	285.8900	-68.2504
1236	12	295.4100	-65.8889
1237	12	305.3090	-62.6201
1238	12	316.7310	-58.4127
1239	12	329.0400	-54.6520
1240	12	341.4010	-52.7127
1241	12	352.7150	-51.7973
1242	12	362.8370	-51.0737
1243	12	372.1870	-50.5584
1244	12	381.6000	-50.4470
1245	12	391.8950	-49.9136
1246	12	402.1000	-48.1423
1281	13	-112.1450	106.3050
1282	13	-108.6350	97.6652
1283	13	-104.5720	88.4265
1284	13	-100.0430	78.3040
1285	13	-94.9958	67.6966
1286	13	-89.9175	57.2726
1287	13	-85.3655	47.1996
1288	13	-80.9027	38.0443
1289	13	-76.5422	29.2234
1290	13	-72.3148	20.5673
1291	13	-67.6455	11.5000
1292	13	-62.1830	1.5612
1293	13	-56.8386	-8.3686
1294	13	-51.2185	-18.3955
1295	13	-45.3141	-27.3275
1296	13	-39.4504	-34.7874
1297	13	-32.8849	-41.0225
1298	13	-25.9572	-45.8804
1299	13	-18.2285	-49.8768
1300	13	-10.6456	-53.9403
1301	13	-2.2972	-58.3985
1302	13	6.3639	-62.7100
1303	13	15.3908	-66.3237
1304	13	25.0794	-69.5430
1305	13	34.4927	-72.3780
1306	13	44.1505	-75.9291
1307	13	53.4803	-79.3045
1308	13	63.0299	-83.2778
1309	13	73.0364	-87.5812
1310	13	83.2952	-92.0270
1311	13	93.4294	-96.3389
1312	13	103.8990	-99.8287
1313	13	113.9010	-102.4120
1314	13	123.9620	-103.6450
1315	13	134.5850	-103.1260
1316	13	144.8010	-102.3700
1317	13	154.7920	-101.5780
1318	13	164.5590	-100.7880
1319	13	175.0930	-99.7042
1320	13	186.2250	-98.5923
1321	13	198.1570	-97.2373
1322	13	209.8410	-96.3609
1323	13	221.6200	-96.1070
1324	13	233.0650	-96.1754
1325	13	243.8920	-96.5785
1326	13	253.8370	-98.5719
1327	13	263.7120	-99.4208
1328	13	274.0860	-100.2880
1329	13	285.6340	-100.3580
1330	13	297.1430	-99.6721
1331	13	308.8830	-97.7868
1332	13	320.3020	-94.8828
1333	13	331.1010	-91.7460
1334	13	341.0960	-88.7957
1335	13	350.6790	-85.9681
1336	13	360.3640	-82.8982
1337	13	370.8490	-79.7609
1338	13	382.5890	-75.6084
1385	14	-128.0570	106.1360
1386	14	-126.5450	95.9193
1387	14	-125.1350	86.5145
1388	14	-123.1960	77.7525
1389	14	-120.5720	69.7751
1390	14	-117.7240	62.0519
1391	14	-114.3570	53.8514
1392	14	-110.4290	45.5282
1393	14	-105.8380	36.7305
1394	14	-101.1570	28.2812
1395	14	-96.0423	20.2207
1396	14	-91.1209	12.5863
1397	14	-86.5916	5.3905
1398	14	-82.2463	-1.5495
1399	14	-77.6372	-8.6566
1400	14	-72.5104	-15.9753
1401	14	-66.9055	-23.7281
1402	14	-61.0977	-31.6448
1403	14	-54.7564	-39.2450
1404	14	-48.1037	-46.1295
1405	14	-41.7466	-51.7664
1406	14	-34.9794	-56.6164
1407	14	-28.0270	-61.1646
1408	14	-20.8828	-65.7659
1409	14	-13.2041	-70.1196
1410	14	-5.0582	-74.2380
1411	14	3.5870	-78.0072
1412	14	12.8000	-81.0099
1413	14	21.8937	-84.0260
1414	14	30.6946	-87.1610
1415	14	39.0561	-90.1009
1416	14	47.3053	-93.3933
1417	14	55.7200	-96.8345
1418	14	64.1969	-100.3920
1419	14	72.7597	-103.9440
1420	14	81.9699	-107.2400
1421	14	91.4840	-110.1910
1422	14	100.9080	-112.4910
1423	14	110.5220	-113.8920
1424	14	119.6240	-114.9600
1425	14	128.5250	-115.9100
1426	14	137.2900	-116.9130
1427	14	145.9420	-117.3860
1428	14	155.2300	-117.5230
1429	14	165.1970	-117.2440
1430	14	175.1910	-117.0140
1431	14	184.9910	-117.2060
1432	14	194.7820	-117.4560
1433	14	204.0790	-117.7790
1434	14	213.0760	-118.2940
1435	14	221.8600	-118.8890
1436	14	230.9040	-119.5650
1437	14	240.4430	-120.1320
1438	14	250.6850	-120.4620
1439	14	260.9670	-120.6900
1440	14	271.1260	-120.2820
1441	14	280.5350	-119.7470
1442	14	288.9950	-119.1880
1443	14	297.0010	-118.5370
1444	14	304.9550	-117.6320
1445	14	313.2530	-116.3560
1446	14	322.7670	-114.6780
1447	14	332.8570	-112.9070
1448	14	342.8250	-111.5210
1449	14	352.7170	-110.2490
1450	14	361.8980	-109.0170
1451	14	370.4860	-107.9510
1452	14	378.4290	-106.9430
1453	14	386.4380	-106.0770
1454	14	395.0300	-104.9080
1486	15	-104.8320	115.3750
1487	15	-101.2760	105.1040
1488	15	-96.8726	95.7303
1489	15	-93.0889	86.4260
1490	15	-90.0690	77.7647
1491	15	-87.2593	68.5602
1492	15	-84.1653	58.7204
1493	15	-80.8238	48.6277
1494	15	-77.2834	38.3510
1495	15	-73.6659	28.4216
1496	15	-69.9673	19.1387
1497	15	-65.9243	11.1155
1498	15	-61.1270	3.8950
1499	15	-55.8284	-2.8813
1500	15	-50.4090	-9.9221
1501	15	-44.8603	-16.7924
1502	15	-38.8984	-23.7652
1503	15	-32.5657	-30.0525
1504	15	-25.8000	-35.7416
1505	15	-18.2102	-41.3397
1506	15	-11.4632	-46.8977
1507	15	-4.4843	-52.1003
1508	15	2.2714	-57.3181
1509	15	9.4682	-62.4316
1510	15	16.7916	-67.5664
1511	15	24.3882	-72.5749
1512	15	32.6215	-77.1153
1513	15	41.2568	-80.9986
1514	15	49.7126	-83.8638
1515	15	58.2666	-86.4023
1516	15	66.9139	-88.3678
1517	15	75.5465	-89.7837
1518	15	84.5658	-90.2314
1519	15	93.6771	-90.1049
1520	15	103.3000	-89.3280
1521	15	113.0680	-88.3833
1522	15	122.5750	-88.3365
1523	15	131.3650	-88.6821
1524	15	139.7980	-89.0064
1525	15	148.6620	-89.4978
1526	15	157.3860	-89.9502
1527	15	166.4510	-90.1093
1528	15	176.3260	-89.9115
1529	15	186.3350	-89.1360
1530	15	196.2560	-87.7741
1531	15	205.6010	-86.0036
1532	15	214.4010	-84.2278
1533	15	222.6970	-81.9668
1534	15	231.1560	-79.3945
1535	15	239.7860	-76.1864
1536	15	249.3300	-72.7518
1537	15	259.7680	-68.8462
1538	15	270.3040	-65.7345
1539	15	280.0040	-63.8030
1540	15	289.0780	-62.5538
1541	15	297.8330	-61.5298
1542	15	306.9030	-60.7607
1543	15	316.5530	-60.2817
1544	15	327.1560	-59.7913
1545	15	338.6900	-58.8872
1546	15	349.6530	-56.7153
1547	15	359.2520	-54.1208
1548	15	367.8470	-51.7736
1549	15	376.1010	-49.5788
1550	15	384.4940	-47.1240
1551	15	393.4430	-44.3155
1552	15	403.4180	-40.9176
1586	16	-85.5281	117.2210
1587	16	-84.1738	106.0240
1588	16	-82.4017	94.1665
1589	16	-80.5341	82.4679
1590	16	-78.5272	71.7962
1591	16	-76.1948	62.3797
1592	16	-72.6010	53.6948
1593	16	-68.0164	45.8046
1594	16	-63.1663	38.0976
1595	16	-57.9719	30.0127
1596	16	-52.4903	21.7672
1597	16	-46.1636	14.2636
1598	16	-39.1810	8.0606
1599	16	-32.0876	1.8390
1600	16	-25.2260	-3.8314
1601	16	-19.3244	-9.6992
1602	16	-13.3941	-16.2437
1603	16	-6.9735	-23.5600
1604	16	-0.6114	-31.0458
1605	16	6.3014	-38.6261
1606	16	12.4959	-45.1249
1607	16	18.7995	-50.7656
1608	16	26.4611	-55.2899
1609	16	34.8792	-58.9787
1610	16	42.8385	-62.4991
1611	16	51.1819	-66.1331
1612	16	59.7130	-69.4013
1613	16	68.2618	-71.5410
1614	16	77.7116	-72.6677
1615	16	87.1336	-73.7818
1616	16	96.7891	-75.1524
1617	16	106.0550	-77.4470
1618	16	114.9840	-80.1474
1619	16	124.0290	-82.9432
1620	16	133.1010	-85.5267
1621	16	142.0590	-87.5967
1622	16	150.9990	-89.1940
1623	16	160.2210	-90.0593
1624	16	170.3830	-89.4355
1625	16	180.1680	-87.9406
1626	16	189.2300	-86.5243
1627	16	197.7190	-85.4878
1628	16	206.1770	-83.6162
1629	16	215.1360	-81.1748
1630	16	224.9040	-78.0836
1631	16	235.2270	-74.8465
1632	16	246.1920	-72.5817
1633	16	256.6570	-71.4775
1634	16	266.3810	-71.2094
1635	16	275.3290	-71.5282
1636	16	284.8870	-71.0164
1637	16	294.2570	-71.2451
1638	16	303.8760	-71.0093
1639	16	313.2830	-70.3134
1640	16	323.3590	-68.3914
1641	16	333.1410	-65.9655
1642	16	341.8830	-63.7088
1643	16	349.9390	-61.7458
1644	16	358.0440	-59.6549
1645	16	367.0780	-57.0510
1646	16	377.0820	-53.8607
1647	16	387.4790	-50.6364
1648	16	398.9740	-47.9048
1687	17	-120.2370	118.2400
1688	17	-120.0490	108.3490
1689	17	-119.5360	98.5450
1690	17	-118.3810	89.3038
1691	17	-116.7400	80.5612
1692	17	-114.7530	71.7439
1693	17	-112.5450	63.3099
1694	17	-110.0740	55.1924
1695	17	-107.2750	47.2939
1696	17	-104.1760	39.5435
1697	17	-100.5310	31.4429
1698	17	-97.6919	23.4871
1699	17	-94.8346	15.4343
1700	17	-91.8546	7.3092
1701	17	-88.4560	-0.7972
1702	17	-84.7651	-9.0021
1703	17	-80.7641	-16.8567
1704	17	-76.8303	-24.4510
1705	17	-72.4879	-31.9987
1706	17	-67.5783	-38.8696
1707	17	-62.0409	-45.6119
1708	17	-56.2530	-52.2091
1709	17	-50.3195	-58.5052
1710	17	-43.8295	-64.2215
1711	17	-37.2465	-69.2453
1712	17	-29.9081	-73.7494
1713	17	-22.3230	-78.2395
1714	17	-14.1994	-82.8035
1715	17	-6.3582	-88.0285
1716	17	1.7379	-93.4933
1717	17	10.0434	-98.4608
1718	17	18.3096	-103.5300
1719	17	26.7382	-108.7010
1720	17	35.8245	-113.5950
1721	17	45.0677	-118.6830
1722	17	54.4787	-123.2030
1723	17	64.0866	-126.8050
1724	17	73.3846	-129.4090
1725	17	82.3914	-131.3320
1726	17	91.7226	-133.1570
1727	17	101.1240	-134.3650
1728	17	111.0670	-134.7620
1729	17	121.4820	-134.6500
1730	17	132.4080	-134.3910
1731	17	143.5570	-135.0000
1732	17	154.2340	-136.1850
1733	17	163.9920	-136.7890
1734	17	173.3190	-137.1350
1735	17	182.8000	-137.8660
1736	17	193.4180	-139.1050
1737	17	204.9130	-140.6180
1738	17	216.6390	-141.8900
1739	17	227.8590	-142.0510
1740	17	238.2030	-141.4580
1741	17	247.2480	-140.2730
1742	17	256.4110	-138.8930
1743	17	265.8120	-137.3190
1744	17	275.3500	-135.2750
1745	17	285.4740	-132.9290
1746	17	296.6880	-130.7370
1747	17	307.7850	-129.1630
1748	17	317.9860	-128.0730
1749	17	327.3210	-127.3210
1750	17	336.1070	-126.6690
1751	17	345.1410	-126.0080
1752	17	354.9920	-124.9960
1753	17	365.6350	-123.6280
1754	17	377.0870	-121.9060
1755	17	387.7210	-119.7360
1756	17	396.8680	-117.0720
1757	17	404.9630	-114.4820
1809	18	-116.1340	116.5230
1810	18	-115.2220	108.5340
1811	18	-114.0910	100.0600
1812	18	-112.9010	91.1945
1813	18	-112.2040	82.0675
1814	18	-112.2330	72.8632
1815	18	-112.3440	63.9028
1816	18	-111.3000	55.7397
1817	18	-108.5650	48.5853
1818	18	-104.8710	41.9957
1819	18	-100.6220	35.3441
1820	18	-95.8474	28.8092
1821	18	-90.5201	22.4286
1822	18	-85.1248	16.5195
1823	18	-79.6244	10.8809
1824	18	-74.4864	5.3341
1825	18	-70.4306	-0.0366
1826	18	-66.6840	-5.2333
1827	18	-62.8137	-11.2030
1828	18	-58.5719	-17.5647
1829	18	-53.9419	-24.5177
1830	18	-49.3079	-32.1305
1831	18	-44.7830	-40.0554
1832	18	-39.9403	-47.4599
1833	18	-34.3981	-53.0346
1834	18	-27.9554	-56.3717
1835	18	-21.0004	-58.9441
1836	18	-13.5353	-61.3752
1837	18	-5.7343	-63.6986
1838	18	2.3225	-65.5673
1839	18	10.4891	-67.4970
1840	18	18.7965	-69.3092
1841	18	26.0826	-71.4544
1842	18	33.0555	-74.1993
1843	18	39.5503	-77.2096
1844	18	46.6076	-80.2970
1845	18	53.3553	-83.3948
1846	18	60.4250	-87.2403
1847	18	67.6272	-91.3569
1848	18	74.9281	-95.2495
1849	18	83.3665	-98.1209
1850	18	92.0384	-99.5180
1851	18	100.6240	-99.6812
1852	18	108.8880	-99.5075
1853	18	117.3530	-99.2140
1854	18	125.4390	-98.5532
1855	18	133.7900	-97.5346
1856	18	142.8570	-96.5260
1857	18	152.1070	-95.9775
1858	18	160.8450	-96.5579
1859	18	169.1550	-97.6417
1860	18	176.8700	-98.5080
1861	18	184.3560	-99.4340
1862	18	191.7310	-100.7180
1863	18	199.2760	-102.6980
1864	18	208.0650	-104.5770
1865	18	217.3990	-106.1260
1866	18	226.8330	-106.0950
1867	18	235.4480	-104.9070
1868	18	243.5160	-103.2600
1869	18	251.1100	-101.5740
1870	18	258.6290	-99.8997
1871	18	266.0120	-98.0627
1872	18	273.7620	-96.1151
1873	18	281.8780	-94.2814
1874	18	290.5780	-92.5035
1875	18	299.5310	-91.4415
1876	18	307.9840	-90.9895
1877	18	315.8230	-90.7526
1878	18	323.2470	-90.6543
1879	18	330.8120	-90.8430
1880	18	338.9350	-91.3202
1881	18	348.1680	-91.7471
1882	18	357.9000	-91.7226
1883	18	367.9240	-90.2914
1884	18	376.6780	-87.8326
1885	18	384.4180	-84.9811
1886	18	391.2980	-81.8754
1887	18	397.4990	-78.7341
1888	18	403.7090	-75.5859
1915	19	-61.9726	110.0620
1916	19	-62.0772	101.0480
1917	19	-60.8670	90.3349
1918	19	-59.1098	79.4074
1919	19	-58.1915	69.4391
1920	19	-57.3181	59.9846
1921	19	-55.0088	51.8828
1922	19	-51.2380	44.5761
1923	19	-46.8841	37.5980
1924	19	-42.1618	29.8539
1925	19	-36.4895	22.2123
1926	19	-29.5762	15.0280
1927	19	-22.0569	9.4901
1928	19	-16.2028	3.6334
1929	19	-12.5249	-1.9407
1930	19	-10.7443	-7.5623
1931	19	-7.6887	-12.4814
1932	19	-2.1169	-18.0851
1933	19	4.6252	-24.9287
1934	19	12.6904	-32.9881
1935	19	19.9128	-41.3087
1936	19	27.6779	-48.4041
1937	19	36.0941	-52.4240
1938	19	44.8734	-54.1052
1939	19	53.8488	-54.3233
1940	19	62.9253	-54.4734
1941	19	71.6789	-54.6983
1942	19	80.8514	-55.0281
1943	19	90.0801	-54.6452
1944	19	99.5721	-53.3025
1945	19	108.8870	-52.0972
1946	19	118.0810	-52.0132
1947	19	126.7720	-52.8173
1948	19	135.3970	-54.1035
1949	19	143.9650	-56.1548
1950	19	153.3410	-57.8447
1951	19	163.8340	-59.5978
1952	19	175.0790	-61.5890
1953	19	187.0590	-63.5507
1954	19	199.3300	-64.2914
1955	19	210.1060	-62.3864
1956	19	220.4730	-59.3687
1957	19	229.3720	-56.1189
1958	19	237.6570	-53.2663
1959	19	246.2020	-50.7257
1960	19	255.5650	-48.1456
1961	19	265.5740	-45.4360
1962	19	275.4980	-43.1424
1963	19	284.8070	-41.5461
1964	19	294.3510	-40.8486
1965	19	302.7540	-41.0983
1966	19	312.4500	-42.2357
1967	19	318.2340	-43.1821
1968	19	324.8450	-43.9179
1969	19	332.6060	-44.3199
1970	19	341.2330	-44.5565
1971	19	350.1890	-44.5077
1972	19	359.4810	-43.2245
1973	19	368.9090	-40.8893
1974	19	377.4930	-38.3273
1975	19	385.0660	-36.1944
1976	19	392.4320	-34.3883
1977	19	400.7710	-32.1506
2002	20	-97.3337	112.7940
2003	20	-95.6060	100.9060
2004	20	-92.9374	90.2372
2005	20	-88.6922	80.4330
2006	20	-83.2559	70.8911
2007	20	-77.2142	61.1733
2008	20	-70.8024	51.0239
2009	20	-64.1172	40.8264
2010	20	-56.9498	31.1402
2011	20	-49.1511	22.8243
2012	20	-41.1663	15.5797
2013	20	-33.6386	8.9651
2014	20	-27.1462	1.7130
2015	20	-21.1686	-5.5181
2016	20	-15.1487	-13.7837
2017	20	-8.1047	-22.3621
2018	20	-0.6548	-31.0767
2019	20	8.1442	-38.7444
2020	20	17.0579	-45.4226
2021	20	26.6878	-50.8877
2022	20	36.8678	-54.6655
2023	20	46.9835	-57.9818
2024	20	56.6873	-61.0247
2025	20	66.5179	-64.1742
2026	20	77.1934	-66.5321
2027	20	88.6629	-68.1384
2028	20	100.3700	-69.0582
2029	20	112.1430	-69.3471
2030	20	124.0640	-69.8425
2031	20	134.6130	-70.9767
2032	20	144.6000	-72.4173
2033	20	154.3330	-74.2147
2034	20	164.7190	-76.3947
2035	20	175.7330	-78.6135
2036	20	187.6460	-80.5130
2037	20	199.3390	-81.5558
2038	20	211.1260	-81.0321
2039	20	222.3630	-79.6886
2040	20	232.4840	-78.2982
2041	20	241.6760	-76.9967
2042	20	251.2240	-75.4330
2043	20	261.6660	-73.1999
2044	20	273.1620	-70.2208
2045	20	284.8690	-67.1743
2046	20	296.9830	-64.7098
2047	20	309.4470	-63.0745
2048	20	320.8570	-62.6437
2049	20	331.0230	-62.6363
2050	20	340.6260	-62.6070
2051	20	350.8290	-62.2446
2052	20	362.1870	-61.4865
2053	20	374.1890	-60.1042
2054	20	385.8520	-57.8884
2098	21	-127.8160	114.8330
2099	21	-125.2870	104.4470
2100	21	-122.2500	94.0064
2101	21	-118.8370	83.9629
2102	21	-114.9760	74.7036
2103	21	-111.1920	65.9628
2104	21	-107.9880	57.3886
2105	21	-105.2860	48.6068
2106	21	-102.5570	39.4212
2107	21	-99.7108	29.7549
2108	21	-96.4856	19.7878
2109	21	-92.9868	9.8895
2110	21	-88.9894	0.4377
2111	21	-84.8559	-8.7528
2112	21	-79.9537	-16.6816
2113	21	-74.3299	-23.3230
2114	21	-68.0630	-29.3143
2115	21	-61.6864	-35.3560
2116	21	-54.4632	-41.4964
2117	21	-46.4522	-46.9864
2118	21	-37.7817	-51.6625
2119	21	-28.1400	-55.2978
2120	21	-18.6432	-58.8565
2121	21	-9.6765	-62.2262
2122	21	-1.4893	-65.8520
2123	21	6.6569	-69.7341
2124	21	14.5430	-73.9167
2125	21	22.9775	-78.3519
2126	21	31.7836	-83.1131
2127	21	40.6890	-87.7557
2128	21	50.0485	-92.0379
2129	21	59.5403	-95.1284
2130	21	69.1811	-96.7961
2131	21	78.4359	-97.9289
2132	21	87.4179	-98.9846
2133	21	96.8415	-99.8065
2134	21	106.5880	-100.0990
2135	21	117.2680	-99.8446
2136	21	128.2230	-98.4039
2137	21	138.9110	-97.0755
2138	21	149.4590	-96.5190
2139	21	159.5170	-96.6803
2140	21	169.0840	-97.0925
2141	21	178.4510	-98.3023
2142	21	187.7950	-100.0550
2143	21	197.6610	-101.9860
2144	21	207.7450	-103.7340
2145	21	218.4740	-105.1910
2146	21	229.1230	-105.6760
2147	21	239.9000	-105.4550
2148	21	249.9140	-105.1170
2149	21	259.2200	-104.6250
2150	21	268.2280	-103.7920
2151	21	277.2020	-102.2750
2152	21	286.7440	-99.9581
2153	21	297.2270	-96.9157
2154	21	308.2170	-93.7406
2155	21	319.3410	-91.3034
2156	21	330.2090	-89.6281
2157	21	340.3960	-88.4840
2158	21	349.7780	-87.7854
2159	21	359.0370	-87.4544
2160	21	368.8620	-87.3549
2161	21	379.5420	-86.9090
2162	21	390.9200	-86.0028
2163	21	402.6590	-84.5719
2204	22	-130.9010	117.6440
2205	22	-129.9980	109.4950
2206	22	-129.7040	101.6060
2207	22	-129.4750	93.2932
2208	22	-129.1840	84.2526
2209	22	-128.7030	74.5496
2210	22	-128.1190	64.4475
2211	22	-127.4800	54.5682
2212	22	-126.4210	45.5835
2213	22	-123.9590	37.8648
2214	22	-120.8300	30.6564
2215	22	-116.7230	23.4898
2216	22	-112.2420	15.9915
2217	22	-106.9460	7.9668
2218	22	-101.2050	0.2467
2219	22	-94.9816	-6.7589
2220	22	-88.8899	-12.8689
2221	22	-84.0776	-18.3057
2222	22	-79.6780	-24.0158
2223	22	-74.9296	-29.8200
2224	22	-69.3241	-35.9566
2225	22	-63.0047	-42.2045
2226	22	-56.1004	-48.6832
2227	22	-49.1594	-55.1559
2228	22	-41.6150	-60.9659
2229	22	-34.2265	-65.2524
2230	22	-25.9455	-67.5596
2231	22	-17.5783	-69.0229
2232	22	-9.2994	-70.5269
2233	22	-0.3798	-72.2463
2234	22	9.1042	-73.7313
2235	22	18.8863	-74.4945
2236	22	28.7591	-74.9741
2237	22	37.5494	-75.7542
2238	22	45.6340	-77.7572
2239	22	53.5223	-80.1256
2240	22	61.4952	-82.4298
2241	22	69.8072	-85.1200
2242	22	78.4434	-88.1315
2243	22	87.6694	-91.2752
2244	22	97.4601	-94.2668
2245	22	107.4760	-96.1533
2246	22	117.1590	-96.2692
2247	22	126.7660	-95.2505
2248	22	136.0890	-94.0899
2249	22	145.2250	-93.3828
2250	22	154.3610	-92.8205
2251	22	164.0030	-91.7673
2252	22	174.2670	-90.3046
2253	22	184.9390	-89.0809
2254	22	194.6240	-89.1544
2255	22	204.3650	-89.8996
2256	22	213.5010	-91.3132
2257	22	222.3100	-92.6168
2258	22	231.6150	-94.4078
2259	22	241.7640	-96.4874
2260	22	251.5460	-98.5189
2261	22	262.2850	-99.8738
2262	22	272.9230	-99.7814
2263	22	283.2640	-98.4015
2264	22	292.8930	-96.8526
2265	22	301.7290	-95.6490
2266	22	310.4100	-94.5856
2267	22	319.1670	-93.2341
2268	22	328.9380	-91.1689
2269	22	339.4050	-88.9802
2270	22	349.5260	-87.8225
2271	22	359.3660	-87.4690
2272	22	368.6080	-87.5801
2273	22	377.4280	-87.6534
2274	22	386.1040	-87.7248
2275	22	394.8350	-87.8364
2276	22	404.0280	-87.8978
2320	23	-118.1350	116.0200
2321	23	-116.7300	106.3730
2322	23	-115.2390	97.4619
2323	23	-113.4790	89.0931
2324	23	-111.0980	80.7585
2325	23	-108.1990	72.0644
2326	23	-104.8220	63.1804
2327	23	-100.9990	54.4712
2328	23	-96.9026	46.1486
2329	23	-92.8769	38.2515
2330	23	-88.9694	30.8545
2331	23	-84.8573	23.9169
2332	23	-81.2489	16.4264
2333	23	-77.5380	8.6689
2334	23	-73.2708	0.8002
2335	23	-68.6250	-7.3005
2336	23	-63.5094	-15.5270
2337	23	-57.1368	-23.3350
2338	23	-50.3182	-29.9082
2339	23	-43.3285	-35.8241
2340	23	-35.9455	-41.3163
2341	23	-28.7968	-46.4652
2342	23	-21.9040	-51.1492
2343	23	-14.8556	-55.5820
2344	23	-7.6908	-59.5701
2345	23	-0.1715	-63.0977
2346	23	7.6142	-66.3837
2347	23	15.3131	-69.9059
2348	23	22.9251	-73.6489
2349	23	30.5217	-77.2097
2350	23	37.9358	-80.8589
2351	23	45.8774	-84.0883
2352	23	54.0349	-87.2263
2353	23	62.5568	-89.6978
2354	23	71.3668	-92.0077
2355	23	80.3540	-93.8065
2356	23	89.4478	-95.2096
2357	23	98.2037	-96.5373
2358	23	106.7940	-97.6751
2359	23	115.3860	-98.6983
2360	23	124.6040	-99.2889
2361	23	133.9240	-99.3301
2362	23	143.4120	-99.4831
2363	23	152.5830	-99.9556
2364	23	161.6310	-100.7350
2365	23	170.3550	-101.5350
2366	23	179.0360	-102.3030
2367	23	188.0260	-103.0850
2368	23	197.2160	-103.6680
2369	23	206.8770	-103.9660
2370	23	216.7680	-104.2730
2371	23	226.5180	-103.8730
2372	23	235.8210	-103.3870
2373	23	244.7270	-102.4440
2374	23	253.0650	-101.5580
2375	23	261.4370	-100.5910
2376	23	270.3440	-99.6665
2377	23	279.7510	-98.7382
2378	23	289.3620	-97.8021
2379	23	298.8080	-97.2261
2380	23	307.7840	-97.2095
2381	23	316.3060	-97.5212
2382	23	324.5370	-97.8042
2383	23	332.9110	-97.8575
2384	23	341.9830	-97.5832
2385	23	351.3850	-96.9546
2386	23	360.8830	-95.9330
2387	23	370.2200	-94.3492
2388	23	378.8100	-92.3131
2389	23	386.5820	-90.0188
2390	23	393.7990	-87.5345
2391	23	401.1250	-84.6962
2426	24	-146.8460	110.7490
2427	24	-145.2430	99.9191
2428	24	-143.5640	89.6146
2429	24	-141.6230	80.2145
2430	24	-139.0470	71.8784
2431	24	-135.6900	63.8765
2432	24	-131.5790	56.1472
2433	24	-126.9430	48.2385
2434	24	-121.9260	40.7201
2435	24	-116.7500	33.1770
2436	24	-111.6090	25.5927
2437	24	-106.7760	18.1750
2438	24	-102.4490	11.5565
2439	24	-98.7119	4.8807
2440	24	-94.9173	-2.1911
2441	24	-90.6816	-9.2986
2442	24	-85.9397	-17.1780
2443	24	-80.4560	-24.7037
2444	24	-74.8843	-32.0976
2445	24	-68.7594	-38.8289
2446	24	-62.1023	-44.5327
2447	24	-54.9246	-48.8543
2448	24	-47.2844	-51.9393
2449	24	-39.5596	-54.6492
2450	24	-31.2268	-57.0047
2451	24	-22.9273	-59.0259
2452	24	-13.7848	-60.8698
2453	24	-3.9432	-62.1524
2454	24	6.6614	-63.4679
2455	24	17.7057	-65.3427
2456	24	28.0598	-67.7236
2457	24	37.4680	-70.3051
2458	24	46.2529	-72.8556
2459	24	54.3086	-75.2300
2460	24	62.0820	-77.5949
2461	24	69.9628	-79.7486
2462	24	78.2390	-81.6570
2463	24	87.0368	-82.5524
2464	24	95.4690	-82.6225
2465	24	104.2560	-81.7864
2466	24	112.3720	-80.8386
2467	24	120.4130	-79.7419
2468	24	128.6020	-78.7366
2469	24	137.2260	-77.3648
2470	24	146.2510	-75.9662
2471	24	156.0480	-74.0466
2472	24	166.2160	-72.5826
2473	24	176.5870	-71.5272
2474	24	185.9700	-70.6653
2475	24	195.2660	-70.3644
2476	24	204.1400	-70.2397
2477	24	212.8140	-70.5430
2478	24	221.9860	-70.9487
2479	24	231.9070	-71.0739
2480	24	242.3830	-71.3085
2481	24	252.7610	-71.1098
2482	24	263.0280	-70.3917
2483	24	272.5500	-69.5657
2484	24	281.5100	-68.8044
2485	24	290.0380	-67.9351
2486	24	298.4650	-66.7186
2487	24	307.6320	-64.9951
2488	24	317.9710	-63.1473
2489	24	328.4800	-61.6599
2490	24	338.6620	-60.6539
2491	24	348.3780	-60.1311
2492	24	357.2600	-59.8489
2493	24	365.6700	-59.6923
2494	24	373.9990	-59.4183
2495	24	382.4320	-58.7650
2496	24	391.3030	-57.8956
2541	25	-146.1330	104.9770
2542	25	-146.8030	94.0848
2543	25	-146.2300	84.9209
2544	25	-144.9140	76.7961
2545	25	-142.8510	68.9700
2546	25	-139.9420	60.9591
2547	25	-136.1690	52.2661
2548	25	-131.3350	42.7049
2549	25	-125.7290	33.0872
2550	25	-119.9440	23.9980
2551	25	-114.6440	16.0105
2552	25	-110.6560	8.7988
2553	25	-107.3440	2.0584
2554	25	-104.0460	-5.1019
2555	25	-100.2130	-13.0120
2556	25	-96.1999	-21.5647
2557	25	-91.4893	-30.7658
2558	25	-86.6742	-39.9135
2559	25	-81.5538	-48.3665
2560	25	-75.9273	-54.8355
2561	25	-69.5237	-59.9568
2562	25	-62.7901	-64.2013
2563	25	-55.4404	-68.4617
2564	25	-47.4919	-72.6980
2565	25	-38.4656	-76.5964
2566	25	-28.9123	-80.0552
2567	25	-19.1305	-82.8136
2568	25	-10.3799	-85.7950
2569	25	-2.5239	-88.8190
2570	25	5.1558	-92.1977
2571	25	12.8822	-95.6779
2572	25	20.8861	-99.3934
2573	25	29.5014	-103.2180
2574	25	38.6918	-107.4980
2575	25	48.5835	-111.0100
2576	25	58.0352	-113.7500
2577	25	67.3441	-115.4090
2578	25	76.4601	-115.8260
2579	25	85.3854	-115.8730
2580	25	94.4346	-115.8710
2581	25	103.8660	-115.6670
2582	25	113.8660	-115.2500
2583	25	124.2090	-114.3500
2584	25	134.6560	-113.2770
2585	25	144.3320	-113.0380
2586	25	153.4080	-113.3220
2587	25	162.2830	-113.9150
2588	25	170.8220	-114.9560
2589	25	179.8250	-116.3670
2590	25	189.3690	-117.8000
2591	25	199.4470	-119.2770
2592	25	209.4800	-120.2020
2593	25	218.9980	-120.3940
2594	25	228.3570	-119.9920
2595	25	237.7520	-118.9570
2596	25	246.6000	-117.9570
2597	25	255.4930	-117.0250
2598	25	264.6390	-115.7350
2599	25	274.1660	-115.7000
2600	25	281.8700	-114.6410
2601	25	291.7590	-112.8900
2602	25	301.4690	-112.0150
2603	25	311.0620	-111.7900
2604	25	320.2530	-111.7240
2605	25	328.9340	-111.8270
2606	25	337.4550	-112.0350
2607	25	346.6090	-112.5030
2608	25	361.6100	-112.8590
2609	25	371.7950	-112.8390
2610	25	381.5470	-112.0180
2611	25	391.3120	-110.3290
2691	26	-187.6560	118.9460
2692	26	-185.8320	110.3280
2693	26	-184.2320	102.5220
2694	26	-182.6060	96.0035
2695	26	-181.2460	89.7028
2696	26	-180.7210	83.2789
2697	26	-180.7530	77.2524
2698	26	-180.5270	71.0344
2699	26	-179.9670	64.5135
2700	26	-178.7160	57.4263
2701	26	-177.0790	49.9257
2702	26	-175.5790	42.3535
2703	26	-174.0660	35.1987
2704	26	-171.9870	27.8677
2705	26	-169.3410	21.0204
2706	26	-165.7750	14.5900
2707	26	-162.1450	7.9246
2708	26	-157.5070	0.9038
2709	26	-152.6400	-5.6812
2710	26	-147.6980	-11.3968
2711	26	-143.2640	-16.4557
2712	26	-139.4010	-21.6100
2713	26	-135.3770	-27.1450
2714	26	-131.9350	-32.3371
2715	26	-127.7490	-37.5304
2716	26	-122.5910	-43.1964
2717	26	-116.8290	-49.3154
2718	26	-110.7160	-55.6994
2719	26	-104.8340	-61.7727
2720	26	-99.1342	-68.0340
2721	26	-92.7569	-73.6277
2722	26	-85.9199	-77.6874
2723	26	-79.0498	-81.4808
2724	26	-72.1348	-85.0682
2725	26	-64.7824	-88.4664
2726	26	-56.9738	-91.2396
2727	26	-48.6492	-93.9856
2728	26	-40.4556	-96.4074
2729	26	-31.8167	-99.8136
2730	26	-23.8444	-103.4360
2731	26	-16.3872	-106.9270
2732	26	-8.7415	-110.0460
2733	26	-0.7679	-113.3070
2734	26	6.8861	-116.6580
2735	26	14.5370	-119.5060
2736	26	22.5340	-121.6800
2737	26	30.5199	-122.9410
2738	26	37.9887	-123.3750
2739	26	45.3034	-123.4430
2740	26	52.6782	-123.7670
2741	26	59.9267	-124.0100
2742	26	67.2502	-124.1930
2743	26	74.6553	-123.9490
2744	26	82.2602	-123.4860
2745	26	90.8400	-123.5030
2746	26	98.9761	-123.8370
2747	26	106.5160	-124.4840
2748	26	113.6680	-125.2550
2749	26	120.6030	-126.0580
2750	26	127.7560	-126.7300
2751	26	135.2650	-127.2650
2752	26	143.0230	-127.7120
2753	26	151.4570	-127.7220
2754	26	159.4670	-126.8590
2755	26	166.8380	-125.9830
2756	26	173.9720	-125.5560
2757	26	181.2960	-125.0300
2758	26	188.6690	-124.2870
2759	26	196.5360	-123.0790
2760	26	204.6230	-121.5140
2761	26	213.5750	-120.6660
2762	26	222.9880	-120.4250
2763	26	231.4520	-120.6690
2764	26	239.0450	-120.8930
2765	26	246.7910	-120.9250
2766	26	254.4120	-121.2530
2767	26	262.4430	-121.6910
2768	26	270.1970	-122.4000
2769	26	278.5580	-122.6970
2770	26	287.2170	-122.1240
2771	26	294.7980	-121.2710
2772	26	301.5920	-120.4630
2773	26	308.1910	-119.4330
2774	26	314.6460	-117.9430
2775	26	322.0020	-115.6800
2776	26	329.7490	-112.8300
2777	26	338.0490	-109.8920
2778	26	347.2990	-107.3470
2779	26	356.1160	-105.2810
2780	26	363.9050	-103.4490
2781	26	370.8690	-101.6210
2782	26	377.7440	-99.8297
2783	26	385.0980	-98.0190
2784	26	392.9940	-96.2353
2785	26	401.3580	-94.2871
2786	26	409.5780	-91.3974
2822	27	-94.0563	119.3100
2823	27	-92.2033	107.6040
2824	27	-90.6543	95.8637
2825	27	-88.9971	84.6725
2826	27	-87.5267	73.9941
2827	27	-84.3544	64.4524
2828	27	-80.4833	55.3003
2829	27	-76.1111	46.1739
2830	27	-71.0735	37.1564
2831	27	-65.6019	28.5080
2832	27	-59.8285	20.2478
2833	27	-54.1838	12.3788
2834	27	-48.4851	4.7023
2835	27	-42.4587	-3.3971
2836	27	-36.2527	-11.7795
2837	27	-29.6686	-20.1173
2838	27	-22.9568	-27.8272
2839	27	-15.5162	-34.5316
2840	27	-7.2998	-40.0244
2841	27	1.1267	-44.8898
2842	27	9.8587	-49.4219
2843	27	19.0093	-53.3391
2844	27	28.6486	-56.6495
2845	27	38.5083	-59.5546
2846	27	48.3303	-62.3402
2847	27	58.1294	-65.4862
2848	27	68.0197	-68.8789
2849	27	77.8569	-72.4150
2850	27	87.8401	-75.9901
2851	27	98.0644	-78.9584
2852	27	108.6850	-80.9971
2853	27	119.1790	-82.1687
2854	27	129.5270	-82.9611
2855	27	139.8470	-83.4427
2856	27	150.2900	-83.3500
2857	27	160.9320	-82.9220
2858	27	171.7270	-82.5919
2859	27	182.4220	-82.6677
2860	27	192.7970	-83.1820
2861	27	202.8200	-84.0079
2862	27	212.6900	-85.2036
2863	27	222.7690	-86.4164
2864	27	233.1580	-87.1708
2865	27	243.9670	-87.1859
2866	27	249.5410	-87.1589
2867	27	259.5710	-86.5740
2868	27	269.0160	-85.7295
2869	27	278.3680	-84.5017
2870	27	288.0440	-83.0427
2871	27	298.1360	-81.6241
2872	27	308.7840	-80.7081
2873	27	318.8830	-80.4055
2874	27	328.3900	-80.4674
2875	27	337.7790	-80.8969
2876	27	347.4190	-81.6116
2877	27	357.2340	-82.2590
2878	27	367.3270	-82.5243
2879	27	377.4940	-82.1736
2880	27	386.9180	-81.7048
2881	27	395.5470	-81.2989
2882	27	403.8380	-80.6966
2883	27	412.6590	-79.7620
2927	28	-91.1072	117.5080
2928	28	-87.6231	106.6780
2929	28	-85.4680	96.1100
2930	28	-83.3665	84.9400
2931	28	-81.1754	73.6803
2932	28	-79.1582	63.1120
2933	28	-76.6600	53.9045
2934	28	-74.0317	44.6689
2935	28	-69.9037	35.4389
2936	28	-63.8571	26.9569
2937	28	-57.3896	19.4397
2938	28	-50.8262	12.5574
2939	28	-44.0240	5.5494
2940	28	-36.7217	-0.7383
2941	28	-29.1315	-6.3173
2942	28	-21.0483	-11.9065
2943	28	-13.6795	-17.9250
2944	28	-6.6860	-24.5183
2945	28	0.3829	-31.7008
2946	28	8.1753	-39.0378
2947	28	15.9585	-45.9488
2948	28	24.1768	-52.1966
2949	28	32.9130	-58.4605
2950	28	42.2111	-63.3031
2951	28	51.9032	-66.9144
2952	28	61.0404	-69.6760
2953	28	70.2477	-72.6902
2954	28	79.9207	-74.4615
2955	28	89.9356	-75.8379
2956	28	100.1050	-76.0879
2957	28	111.2600	-75.9412
2958	28	122.4580	-76.4035
2959	28	132.6680	-77.6654
2960	28	142.1590	-79.7288
2961	28	152.1470	-82.0778
2962	28	162.7640	-83.6483
2963	28	173.8270	-84.7767
2964	28	184.9990	-85.8717
2965	28	196.4940	-86.0450
2966	28	207.3590	-84.4898
2967	28	216.7000	-82.3775
2968	28	225.4230	-80.4356
2969	28	234.5090	-78.9126
2970	28	244.4410	-77.1629
2971	28	255.0180	-75.2435
2972	28	266.2820	-74.4633
2973	28	277.3030	-72.7825
2974	28	283.0930	-73.9720
2975	28	291.1800	-73.4664
2976	28	300.5760	-74.6908
2977	28	309.7910	-74.6394
2978	28	319.5860	-74.2787
2979	28	330.5140	-74.0798
2980	28	341.9090	-73.2070
2981	28	352.3480	-71.4606
2982	28	361.5740	-69.4830
2983	28	370.2660	-68.2889
2984	28	385.1510	-65.2322
2985	28	393.2740	-63.5363
2986	28	402.8850	-60.8269
2987	28	412.7760	-57.3845
