0 1.0 13.449 3.938
10 1.0 12.935 3.938
20 1.0 12.422 3.938
30 1.0 11.919 3.958
40 1.0 11.428 3.998
50 1.0 10.937 4.037
60 1.0 10.467 3.992
70 1.0 10.019 3.861
80 1.0 10.170 4.018
90 1.0 9.384 4.219
100 1.0 8.488 4.591
110 1.0 7.770 4.311
120 1.0 7.194 4.172
130 1.0 8.263 4.115
140 1.0 8.156 3.958
150 1.0 8.022 4.326
160 1.0 6.805 5.212
170 1.0 7.661 4.841
180 1.0 9.665 3.506
190 1.0 8.758 4.300
0 2.0 13.343 4.439
10 2.0 12.825 4.430
20 2.0 12.307 4.421
30 2.0 11.814 4.434
40 2.0 11.360 4.480
50 2.0 10.905 4.526
60 2.0 10.438 4.526
70 2.0 9.945 4.419
80 2.0 10.208 4.225
90 2.0 9.546 5.012
100 2.0 10.033 4.082
110 2.0 9.184 4.492
120 2.0 8.437 4.351
130 2.0 8.118 4.361
140 2.0 8.424 4.477
150 2.0 7.854 4.725
160 2.0 7.221 5.137
170 2.0 7.848 4.298
180 2.0 8.257 4.013
190 2.0 8.703 3.389
0 3.0 11.912 4.439
10 3.0 11.505 4.514
20 3.0 11.097 4.588
30 3.0 10.689 4.663
40 3.0 10.280 4.709
50 3.0 9.871 4.749
60 3.0 9.462 4.789
70 3.0 9.051 4.830
80 3.0 8.090 5.328
90 3.0 8.433 5.189
100 3.0 9.274 5.244
110 3.0 7.971 5.403
120 3.0 8.169 5.914
130 3.0 6.687 6.139
140 3.0 6.510 6.250
150 3.0 5.573 6.828
160 3.0 6.150 7.514
170 3.0 5.380 7.905
180 3.0 4.708 7.736
190 3.0 4.962 8.098
0 4.0 11.828 5.155
10 4.0 11.382 5.211
20 4.0 10.937 5.267
30 4.0 10.491 5.324
40 4.0 10.071 5.346
50 4.0 9.668 5.346
60 4.0 9.265 5.346
70 4.0 8.862 5.346
80 4.0 8.393 5.905
90 4.0 7.465 6.424
100 4.0 8.171 5.976
110 4.0 8.216 6.298
120 4.0 6.419 6.760
130 4.0 6.077 7.462
140 4.0 5.628 7.850
150 4.0 5.930 8.140
160 4.0 5.962 8.179
170 4.0 5.167 8.377
180 4.0 4.855 9.079
190 4.0 3.599 9.423
0 5.0 8.713 4.415
10 5.0 8.361 4.364
20 5.0 8.008 4.312
30 5.0 7.655 4.260
40 5.0 7.301 4.186
50 5.0 6.942 4.060
60 5.0 6.583 3.934
70 5.0 6.224 3.807
80 5.0 5.727 4.304
90 5.0 5.224 4.310
100 5.0 5.585 3.874
110 5.0 5.589 3.771
120 5.0 4.787 3.727
130 5.0 4.490 3.937
140 5.0 4.885 3.375
150 5.0 4.224 3.631
160 5.0 3.809 4.128
170 5.0 2.380 4.149
180 5.0 5.095 3.422
190 5.0 4.678 4.838
0 6.0 8.124 3.461
10 6.0 8.611 3.416
20 6.0 9.097 3.371
30 6.0 9.584 3.326
40 6.0 9.990 3.325
50 6.0 10.376 3.335
60 6.0 10.729 3.399
70 6.0 11.033 3.546
80 6.0 11.070 3.808
90 6.0 11.332 3.454
100 6.0 10.638 3.091
110 6.0 10.697 3.215
120 6.0 11.130 3.475
130 6.0 12.272 2.955
140 6.0 11.975 3.432
150 6.0 11.864 3.316
160 6.0 11.055 3.566
170 6.0 12.427 3.374
180 6.0 11.425 2.984
190 6.0 11.558 2.991
0 8.0 4.336 7.351
10 8.0 4.554 7.274
20 8.0 4.773 7.198
30 8.0 4.955 7.171
40 8.0 5.101 7.194
50 8.0 5.246 7.217
60 8.0 5.391 7.239
70 8.0 5.542 7.259
80 8.0 6.087 6.955
90 8.0 5.738 6.913
100 8.0 6.306 6.429
110 8.0 6.264 6.670
120 8.0 6.489 6.407
130 8.0 7.067 6.344
140 8.0 5.881 6.404
150 8.0 6.201 6.284
160 8.0 6.070 5.866
170 8.0 6.859 5.673
180 8.0 6.571 5.652
190 8.0 7.162 5.259
20 17.0 15.242 3.668
30 17.0 14.666 3.533
40 17.0 14.089 3.398
50 17.0 13.545 3.310
60 17.0 13.048 3.291
70 17.0 12.551 3.272
80 17.0 12.099 3.314
90 17.0 11.652 3.364
100 17.0 11.704 3.320
110 17.0 11.186 3.193
120 17.0 10.704 3.761
130 17.0 10.395 3.499
140 17.0 9.649 3.233
150 17.0 9.896 3.054
160 17.0 10.151 2.930
170 17.0 10.963 2.568
180 17.0 10.610 3.459
190 17.0 9.787 2.796
200 17.0 10.059 2.767
210 17.0 11.620 2.245
120 20.0 0.345 6.983
130 20.0 0.635 6.884
140 20.0 0.925 6.785
150 20.0 1.255 6.689
160 20.0 1.744 6.605
170 20.0 2.233 6.521
180 20.0 2.722 6.437
190 20.0 3.207 6.373
200 20.0 2.156 6.319
210 20.0 2.675 6.035
220 20.0 2.748 6.244
230 20.0 3.156 6.161
240 20.0 4.844 5.251
250 20.0 5.027 5.660
260 20.0 4.562 5.562
270 20.0 3.966 5.577
280 20.0 7.038 4.519
290 20.0 6.976 4.718
300 20.0 6.437 4.705
310 20.0 7.550 4.660
200 9.0 5.286 7.501
210 9.0 5.093 7.534
220 9.0 4.900 7.567
230 9.0 4.707 7.600
240 9.0 4.509 7.598
250 9.0 4.308 7.572
260 9.0 4.107 7.546
270 9.0 3.906 7.520
280 9.0 4.009 7.404
290 9.0 3.683 7.357
300 9.0 3.529 7.563
310 9.0 3.515 7.294
320 9.0 3.053 7.579
330 9.0 3.059 7.337
340 9.0 3.371 7.432
350 9.0 2.959 7.140
360 9.0 2.652 7.137
370 9.0 2.903 7.182
380 9.0 2.827 7.194
390 9.0 3.153 7.406
200 21.0 0.474 7.303
210 21.0 1.000 7.064
220 21.0 1.562 6.883
230 21.0 2.211 6.835
240 21.0 2.859 6.787
250 21.0 3.539 6.631
260 21.0 4.227 6.447
270 21.0 4.915 6.255
280 21.0 4.268 5.715
290 21.0 4.462 5.456
300 21.0 5.448 5.163
310 21.0 4.821 5.007
320 21.0 5.100 4.762
330 21.0 5.352 5.059
340 21.0 5.037 4.342
350 21.0 6.832 3.942
360 21.0 7.087 3.829
370 21.0 9.228 1.927
380 21.0 8.908 2.664
390 21.0 6.794 3.791
220 18.0 5.571 2.959
230 18.0 5.105 2.997
240 18.0 4.638 3.036
250 18.0 4.172 3.075
260 18.0 3.720 3.099
270 18.0 3.270 3.121
280 18.0 2.819 3.143
290 18.0 2.369 3.165
300 18.0 2.237 3.348
310 18.0 2.809 3.550
320 18.0 2.507 3.844
330 18.0 1.337 4.371
340 18.0 1.815 3.688
350 18.0 0.873 4.638
360 18.0 0.746 4.676
370 18.0 -0.911 4.983
380 18.0 -1.477 4.879
390 18.0 0.278 4.990
400 18.0 -1.580 4.895
410 18.0 -2.531 6.578
330 22.0 15.037 3.799
340 22.0 14.501 3.842
350 22.0 13.965 3.886
360 22.0 13.430 3.929
370 22.0 12.870 3.971
380 22.0 12.304 4.012
390 22.0 11.737 4.053
400 22.0 11.207 4.157
410 22.0 10.982 4.209
420 22.0 10.757 4.273
430 22.0 10.940 4.276
440 22.0 10.433 5.039
450 22.0 10.329 5.273
460 22.0 10.216 4.769
470 22.0 9.621 4.957
480 22.0 9.563 5.118
490 22.0 7.890 5.512
500 22.0 7.501 5.930
510 22.0 8.978 5.043
520 22.0 7.791 5.201
330 23.0 14.895 3.245
340 23.0 14.324 3.253
350 23.0 13.752 3.262
360 23.0 13.183 3.271
370 23.0 12.635 3.288
380 23.0 12.086 3.305
390 23.0 11.540 3.360
400 23.0 11.000 3.504
410 23.0 12.474 3.554
420 23.0 12.148 3.688
430 23.0 10.976 3.915
440 23.0 10.697 4.322
450 23.0 11.465 4.324
460 23.0 10.527 4.538
470 23.0 9.776 4.571
480 23.0 9.040 5.273
490 23.0 8.237 5.493
500 23.0 8.663 5.880
510 23.0 8.268 5.286
520 23.0 7.190 5.773
400 10.0 2.523 7.186
410 10.0 2.406 7.138
420 10.0 2.282 7.080
430 10.0 2.159 7.022
440 10.0 2.084 7.023
450 10.0 2.014 7.030
460 10.0 1.943 7.038
470 10.0 1.850 7.026
480 10.0 1.701 7.031
490 10.0 1.735 7.209
500 10.0 1.826 7.006
510 10.0 1.972 6.898
520 10.0 1.675 6.935
530 10.0 1.290 6.971
540 10.0 1.147 7.066
550 10.0 0.716 7.125
560 10.0 0.885 7.408
570 10.0 0.688 7.778
580 10.0 0.799 7.758
590 10.0 -0.159 8.212
420 19.0 1.204 3.306
430 19.0 1.189 3.313
440 19.0 1.174 3.319
450 19.0 1.159 3.326
460 19.0 1.144 3.332
470 19.0 1.129 3.339
480 19.0 1.113 3.345
490 19.0 1.098 3.351
500 19.0 1.158 3.375
510 19.0 1.056 3.359
520 19.0 1.159 3.262
530 19.0 1.169 3.289
540 19.0 1.203 3.277
550 19.0 1.205 3.232
560 19.0 1.262 3.252
570 19.0 1.202 3.225
580 19.0 1.227 3.239
590 19.0 1.183 3.278
600 19.0 1.047 3.208
610 19.0 1.055 3.330
460 24.0 14.690 3.248
470 24.0 14.059 3.313
480 24.0 13.428 3.378
490 24.0 12.799 3.445
500 24.0 12.192 3.529
510 24.0 11.585 3.614
520 24.0 10.979 3.698
530 24.0 10.388 3.844
540 24.0 11.511 3.966
550 24.0 11.325 4.148
560 24.0 10.421 4.543
570 24.0 9.563 5.018
580 24.0 10.691 4.285
590 24.0 9.843 4.526
600 24.0 9.080 4.628
610 24.0 8.089 6.250
620 24.0 9.079 5.715
630 24.0 9.513 5.256
640 24.0 8.520 6.225
650 24.0 8.236 6.297
460 25.0 15.069 4.009
470 25.0 14.455 4.048
480 25.0 13.840 4.086
490 25.0 13.217 4.163
500 25.0 12.586 4.278
510 25.0 11.954 4.394
520 25.0 11.356 4.501
530 25.0 10.808 4.595
540 25.0 10.575 5.177
550 25.0 11.299 5.057
560 25.0 11.094 4.952
570 25.0 10.875 4.624
580 25.0 9.930 4.720
590 25.0 9.475 4.586
600 25.0 8.210 5.068
610 25.0 9.589 4.188
620 25.0 9.615 4.302
630 25.0 10.155 3.510
640 25.0 10.346 4.001
650 25.0 9.106 3.782
490 26.0 0.261 7.244
500 26.0 0.350 7.131
510 26.0 0.439 7.018
520 26.0 0.527 6.905
530 26.0 0.612 6.826
540 26.0 0.687 6.826
550 26.0 0.762 6.826
560 26.0 0.849 6.814
570 26.0 0.693 6.772
580 26.0 0.887 6.667
590 26.0 0.884 6.786
600 26.0 1.033 6.839
610 26.0 0.898 6.856
620 26.0 1.100 6.846
630 26.0 1.013 6.830
640 26.0 1.037 6.667
650 26.0 1.211 6.757
660 26.0 1.450 6.939
670 26.0 1.190 6.729
680 26.0 1.583 6.889
520 28.0 0.218 6.456
530 28.0 0.504 6.342
540 28.0 0.791 6.227
550 28.0 1.022 6.224
560 28.0 1.217 6.294
570 28.0 1.412 6.365
580 28.0 1.560 6.448
590 28.0 1.702 6.533
600 28.0 2.088 6.189
610 28.0 2.039 6.370
620 28.0 2.732 6.011
630 28.0 2.469 5.991
640 28.0 3.205 5.908
650 28.0 2.366 5.999
660 28.0 3.069 5.905
670 28.0 3.522 5.512
680 28.0 3.566 5.899
690 28.0 3.699 6.241
700 28.0 3.494 6.039
710 28.0 3.955 6.048
580 30.0 0.352 6.937
590 30.0 0.409 6.775
600 30.0 0.467 6.612
610 30.0 0.661 6.418
620 30.0 0.942 6.229
630 30.0 1.336 6.110
640 30.0 1.659 6.037
650 30.0 1.934 5.996
660 30.0 1.467 6.039
670 30.0 1.435 5.927
680 30.0 1.644 5.754
690 30.0 2.075 5.444
700 30.0 2.630 5.265
710 30.0 2.762 5.471
720 30.0 2.736 5.363
730 30.0 3.466 4.883
740 30.0 2.966 5.299
750 30.0 3.343 4.871
760 30.0 4.309 4.719
770 30.0 5.101 4.235
600 11.0 1.456 7.383
610 11.0 1.456 7.392
620 11.0 1.457 7.400
630 11.0 1.457 7.408
640 11.0 1.458 7.416
650 11.0 1.458 7.425
660 11.0 1.459 7.433
670 11.0 1.459 7.441
680 11.0 1.456 7.368
690 11.0 1.523 7.358
700 11.0 1.433 7.392
710 11.0 1.435 7.361
720 11.0 1.464 7.279
730 11.0 1.398 7.253
740 11.0 1.422 7.281
750 11.0 1.456 7.250
760 11.0 1.419 7.184
770 11.0 1.407 7.168
780 11.0 1.391 7.102
790 11.0 1.420 7.180
610 31.0 0.271 8.299
620 31.0 0.350 8.097
630 31.0 0.429 7.894
640 31.0 0.508 7.691
650 31.0 0.681 7.488
660 31.0 0.949 7.286
670 31.0 1.217 7.083
680 31.0 1.513 6.909
690 31.0 1.481 7.126
700 31.0 1.581 6.951
710 31.0 2.199 6.587
720 31.0 2.351 6.225
730 31.0 2.762 5.830
740 31.0 3.167 5.572
750 31.0 3.876 4.817
760 31.0 4.007 4.874
770 31.0 5.097 4.335
780 31.0 5.497 3.987
790 31.0 5.612 4.059
800 31.0 6.193 3.502
630 33.0 0.164 6.414
640 33.0 0.439 6.249
650 33.0 0.714 6.084
660 33.0 0.989 5.919
670 33.0 1.115 5.644
680 33.0 1.242 5.370
690 33.0 1.283 5.389
700 33.0 1.324 5.409
710 33.0 1.761 4.914
720 33.0 2.488 4.715
730 33.0 2.242 5.432
740 33.0 2.997 4.915
750 33.0 3.405 4.725
760 33.0 3.473 4.732
770 33.0 4.159 4.135
780 33.0 5.390 3.622
790 33.0 5.645 3.376
800 33.0 5.289 2.922
810 33.0 5.696 3.217
820 33.0 6.564 2.768
690 27.0 3.218 7.225
700 27.0 3.512 7.268
710 27.0 3.805 7.302
720 27.0 4.097 7.294
730 27.0 4.389 7.286
740 27.0 4.683 7.276
750 27.0 5.005 7.243
760 27.0 5.326 7.209
770 27.0 4.789 6.802
780 27.0 5.527 6.978
790 27.0 4.980 6.763
800 27.0 5.292 6.624
810 27.0 5.101 6.521
820 27.0 6.053 6.356
830 27.0 6.452 6.019
840 27.0 6.333 6.162
850 27.0 7.448 5.527
860 27.0 7.020 5.351
870 27.0 6.935 5.375
880 27.0 7.916 5.497
720 29.0 3.996 6.806
730 29.0 4.308 6.721
740 29.0 4.621 6.636
750 29.0 4.927 6.616
760 29.0 5.230 6.623
770 29.0 5.533 6.630
780 29.0 5.839 6.626
790 29.0 6.147 6.596
800 29.0 5.533 6.656
810 29.0 5.632 6.673
820 29.0 5.322 6.291
830 29.0 5.997 6.463
840 29.0 5.791 6.511
850 29.0 5.607 6.236
860 29.0 5.995 6.337
870 29.0 6.513 5.957
880 29.0 6.850 5.862
890 29.0 6.836 6.241
900 29.0 6.731 5.899
910 29.0 6.257 5.480
800 12.0 1.466 7.549
810 12.0 1.467 7.557
820 12.0 1.467 7.566
830 12.0 1.468 7.574
840 12.0 1.468 7.582
850 12.0 1.469 7.591
860 12.0 1.469 7.599
870 12.0 1.470 7.607
880 12.0 1.476 7.625
890 12.0 1.498 7.526
900 12.0 1.476 7.563
910 12.0 1.415 7.637
920 12.0 1.435 7.639
930 12.0 1.412 7.563
940 12.0 1.408 7.526
950 12.0 1.516 7.517
960 12.0 1.482 7.566
970 12.0 1.532 7.527
980 12.0 1.604 7.533
990 12.0 1.606 7.522
810 32.0 5.731 6.722
820 32.0 6.000 6.755
830 32.0 6.260 6.765
840 32.0 6.502 6.720
850 32.0 6.744 6.676
860 32.0 7.012 6.619
870 32.0 7.299 6.553
880 32.0 7.585 6.486
890 32.0 7.789 6.450
900 32.0 8.195 6.208
910 32.0 8.495 5.908
920 32.0 8.499 5.621
930 32.0 9.167 5.650
940 32.0 9.858 5.393
950 32.0 9.562 5.326
960 32.0 10.271 5.397
970 32.0 10.634 4.889
980 32.0 11.390 4.125
990 32.0 10.689 4.404
1000 32.0 10.655 4.079
850 35.0 0.359 8.737
860 35.0 0.468 8.509
870 35.0 0.578 8.281
880 35.0 0.688 8.052
890 35.0 0.798 7.824
900 35.0 1.001 7.531
910 35.0 1.266 7.195
920 35.0 1.531 6.859
930 35.0 0.978 7.088
940 35.0 1.368 6.191
950 35.0 1.335 6.164
960 35.0 0.934 5.536
970 35.0 1.121 4.901
980 35.0 1.292 4.413
990 35.0 1.175 4.498
1000 35.0 1.369 2.531
1010 35.0 1.286 3.349
1020 35.0 1.285 3.158
1030 35.0 1.165 0.760
1040 35.0 1.605 1.167
860 34.0 13.997 10.937
870 34.0 13.946 10.476
880 34.0 13.895 10.016
890 34.0 13.795 9.600
900 34.0 13.646 9.231
910 34.0 13.496 8.861
920 34.0 13.322 8.507
930 34.0 13.112 8.174
940 34.0 13.172 7.601
950 34.0 13.034 7.275
960 34.0 13.022 6.465
970 34.0 13.253 5.334
980 34.0 13.302 5.316
990 34.0 13.178 4.483
1000 34.0 13.164 4.000
1010 34.0 13.529 3.221
1020 34.0 13.701 4.168
1030 34.0 13.296 3.614
1040 34.0 13.293 2.472
1050 34.0 13.484 3.375
1000 13.0 1.251 7.308
1010 13.0 1.212 7.245
1020 13.0 1.174 7.182
1030 13.0 1.135 7.120
1040 13.0 1.126 7.080
1050 13.0 1.147 7.063
1060 13.0 1.168 7.046
1070 13.0 1.190 7.029
1080 13.0 1.097 7.060
1090 13.0 1.034 7.097
1100 13.0 1.003 7.124
1110 13.0 1.057 7.099
1120 13.0 1.062 7.045
1130 13.0 1.039 6.935
1140 13.0 0.974 6.871
1150 13.0 0.867 6.887
1160 13.0 0.956 6.731
1170 13.0 0.980 6.822
1180 13.0 0.985 6.758
1190 13.0 0.987 6.537
1080 36.0 14.863 6.605
1090 36.0 14.400 6.471
1100 36.0 13.937 6.338
1110 36.0 13.410 6.309
1120 36.0 12.877 6.292
1130 36.0 12.352 6.263
1140 36.0 11.905 6.129
1150 36.0 11.457 5.995
1160 36.0 11.949 5.778
1170 36.0 11.217 6.094
1180 36.0 10.307 6.481
1190 36.0 10.752 5.987
1200 36.0 9.997 6.058
1210 36.0 10.045 5.837
1220 36.0 9.971 6.065
1230 36.0 10.189 5.559
1240 36.0 10.956 5.397
1250 36.0 10.062 5.526
1260 36.0 9.474 5.132
1270 36.0 8.723 5.659
1090 37.0 15.313 2.909
1100 37.0 14.756 2.916
1110 37.0 14.200 2.924
1120 37.0 13.643 2.932
1130 37.0 13.099 2.898
1140 37.0 12.567 2.822
1150 37.0 12.035 2.747
1160 37.0 11.504 2.672
1170 37.0 11.895 2.662
1180 37.0 11.585 3.368
1190 37.0 11.229 2.794
1200 37.0 11.055 2.700
1210 37.0 12.493 2.373
1220 37.0 11.134 3.005
1230 37.0 11.447 2.457
1240 37.0 10.294 2.931
1250 37.0 11.276 2.186
1260 37.0 11.755 2.377
1270 37.0 9.481 2.408
1280 37.0 10.664 1.830
1100 38.0 15.048 3.437
1110 38.0 14.438 3.461
1120 38.0 13.828 3.484
1130 38.0 13.217 3.508
1140 38.0 12.654 3.560
1150 38.0 12.091 3.611
1160 38.0 11.528 3.663
1170 38.0 10.980 3.709
1180 38.0 12.956 3.371
1190 38.0 12.521 3.558
1200 38.0 12.268 3.741
1210 38.0 11.469 3.843
1220 38.0 10.473 4.706
1230 38.0 10.218 4.608
1240 38.0 9.277 5.145
1250 38.0 9.451 4.469
1260 38.0 9.424 5.008
1270 38.0 7.859 5.169
1280 38.0 6.999 6.207
1290 38.0 6.861 6.256
1160 39.0 0.411 3.290
1170 39.0 1.010 3.437
1180 39.0 1.609 3.583
1190 39.0 2.171 3.787
1200 39.0 2.716 4.015
1210 39.0 3.294 4.206
1220 39.0 3.904 4.362
1230 39.0 4.480 4.540
1240 39.0 3.512 3.685
1250 39.0 3.410 4.052
1260 39.0 3.845 4.298
1270 39.0 4.638 3.540
1280 39.0 4.406 3.605
1290 39.0 3.755 3.539
1300 39.0 4.668 2.364
1310 39.0 4.659 2.957
1320 39.0 5.902 3.496
1330 39.0 5.176 3.413
1340 39.0 4.458 4.047
1350 39.0 5.694 3.236
1200 14.0 1.465 6.808
1210 14.0 1.600 6.839
1220 14.0 1.810 6.901
1230 14.0 2.020 6.963
1240 14.0 2.269 6.981
1250 14.0 2.521 6.995
1260 14.0 2.774 7.008
1270 14.0 3.019 7.028
1280 14.0 3.406 6.604
1290 14.0 3.538 6.644
1300 14.0 3.424 6.870
1310 14.0 3.746 7.255
1320 14.0 3.663 6.859
1330 14.0 4.005 7.265
1340 14.0 4.271 7.190
1350 14.0 4.178 7.243
1360 14.0 4.174 7.339
1370 14.0 3.799 7.685
1380 14.0 2.990 7.178
1390 14.0 3.736 7.343
1300 40.0 15.227 6.947
1310 40.0 14.676 6.822
1320 40.0 14.124 6.697
1330 40.0 13.560 6.562
1340 40.0 12.984 6.417
1350 40.0 12.392 6.273
1360 40.0 11.738 6.135
1370 40.0 11.092 6.022
1380 40.0 12.519 6.457
1390 40.0 11.565 6.637
1400 40.0 11.681 7.243
1410 40.0 11.430 7.080
1420 40.0 10.652 7.008
1430 40.0 11.081 7.239
1440 40.0 10.745 7.159
1450 40.0 10.394 7.194
1460 40.0 8.844 7.856
1470 40.0 9.554 7.498
1480 40.0 8.761 8.054
1490 40.0 10.116 7.608
1400 15.0 4.860 7.342
1410 15.0 4.805 7.321
1420 15.0 4.749 7.300
1430 15.0 4.693 7.279
1440 15.0 4.536 7.247
1450 15.0 4.378 7.214
1460 15.0 4.220 7.182
1470 15.0 4.062 7.149
1480 15.0 4.064 7.192
1490 15.0 4.083 7.108
1500 15.0 4.206 7.240
1510 15.0 4.025 7.414
1520 15.0 3.995 7.140
1530 15.0 4.078 7.351
1540 15.0 3.836 7.330
1550 15.0 3.915 7.137
1560 15.0 3.799 7.448
1570 15.0 3.756 7.358
1580 15.0 3.405 7.079
1590 15.0 3.545 7.534
1550 41.0 0.117 4.893
1560 41.0 0.631 4.884
1570 41.0 1.144 4.874
1580 41.0 1.650 4.856
1590 41.0 2.146 4.825
1600 41.0 2.642 4.795
1610 41.0 3.145 4.777
1620 41.0 3.665 4.790
1630 41.0 3.188 4.763
1640 41.0 3.785 5.088
1650 41.0 3.900 3.984
1660 41.0 3.173 4.256
1670 41.0 2.282 4.840
1680 41.0 4.064 4.038
1690 41.0 3.261 3.996
1700 41.0 3.871 4.242
1710 41.0 4.878 4.265
1720 41.0 4.703 4.207
1730 41.0 4.240 4.302
1740 41.0 3.961 4.090
1550 42.0 0.119 5.756
1560 42.0 0.612 5.715
1570 42.0 1.105 5.674
1580 42.0 1.598 5.633
1590 42.0 2.097 5.606
1600 42.0 2.606 5.600
1610 42.0 3.114 5.594
1620 42.0 3.622 5.589
1630 42.0 3.349 5.633
1640 42.0 3.367 4.943
1650 42.0 3.795 5.086
1660 42.0 4.113 5.258
1670 42.0 4.236 5.014
1680 42.0 4.750 4.282
1690 42.0 5.698 4.188
1700 42.0 5.573 4.309
1710 42.0 5.043 3.662
1720 42.0 5.595 4.021
1730 42.0 5.238 3.637
1740 42.0 7.002 2.619
1560 43.0 15.010 4.559
1570 43.0 14.343 4.549
1580 43.0 13.677 4.540
1590 43.0 13.036 4.568
1600 43.0 12.422 4.635
1610 43.0 11.807 4.702
1620 43.0 11.193 4.712
1630 43.0 10.579 4.721
1640 43.0 11.312 5.424
1650 43.0 10.651 6.207
1660 43.0 9.852 6.296
1670 43.0 9.508 6.953
1680 43.0 10.501 6.323
1690 43.0 9.424 6.535
1700 43.0 8.546 7.031
1710 43.0 8.674 7.457
1720 43.0 8.512 7.157
1730 43.0 9.327 6.930
1740 43.0 10.062 6.164
1750 43.0 9.013 7.713
1570 44.0 14.612 3.778
1580 44.0 13.943 3.854
1590 44.0 13.274 3.931
1600 44.0 12.623 3.962
1610 44.0 11.984 3.962
1620 44.0 11.345 3.962
1630 44.0 10.720 3.938
1640 44.0 10.096 3.911
1650 44.0 9.963 4.613
1660 44.0 11.269 4.165
1670 44.0 10.357 4.696
1680 44.0 9.723 4.729
1690 44.0 9.336 5.037
1700 44.0 9.503 5.160
1710 44.0 8.078 5.438
1720 44.0 8.386 5.607
1730 44.0 8.409 5.613
1740 44.0 7.091 5.966
1750 44.0 7.399 6.257
1760 44.0 10.968 4.736
1600 16.0 2.254 7.112
1610 16.0 2.162 7.112
1620 16.0 2.069 7.112
1630 16.0 1.976 7.082
1640 16.0 1.882 7.040
1650 16.0 1.789 6.998
1660 16.0 1.696 6.955
1670 16.0 1.625 6.920
1680 16.0 1.595 7.127
1690 16.0 1.492 7.073
1700 16.0 1.494 7.142
1710 16.0 1.513 7.153
1720 16.0 1.254 7.048
1730 16.0 1.431 7.260
1740 16.0 1.048 7.036
1750 16.0 1.032 7.316
1760 16.0 0.668 7.501
1770 16.0 0.249 7.590
1780 16.0 0.288 7.693
1790 16.0 0.750 7.997
1660 45.0 0.039 4.026
1670 45.0 0.540 4.051
1680 45.0 1.041 4.075
1690 45.0 1.541 4.100
1700 45.0 2.029 4.130
1710 45.0 2.513 4.162
1720 45.0 2.997 4.194
1730 45.0 3.374 4.373
1740 45.0 2.427 4.107
1750 45.0 2.181 4.362
1760 45.0 3.361 3.974
1770 45.0 2.369 4.143
1780 45.0 3.470 3.798
1790 45.0 2.539 3.938
1800 45.0 2.993 3.760
1810 45.0 3.294 4.134
1820 45.0 3.426 3.898
1830 45.0 3.597 3.637
1840 45.0 4.921 3.457
1850 45.0 5.299 2.734
1660 47.0 -0.016 4.842
1670 47.0 0.459 4.851
1680 47.0 0.935 4.860
1690 47.0 1.410 4.869
1700 47.0 1.899 4.903
1710 47.0 2.387 4.937
1720 47.0 2.866 4.997
1730 47.0 3.305 5.163
1740 47.0 2.943 5.035
1750 47.0 2.541 4.567
1760 47.0 2.774 4.629
1770 47.0 2.974 5.428
1780 47.0 2.341 4.815
1790 47.0 2.965 4.561
1800 47.0 3.456 4.231
1810 47.0 2.869 4.859
1820 47.0 3.725 4.128
1830 47.0 3.931 4.185
1840 47.0 3.788 4.841
1850 47.0 5.014 3.645
1820 49.0 0.208 7.031
1830 49.0 0.395 6.934
1840 49.0 0.582 6.836
1850 49.0 0.774 6.714
1860 49.0 0.973 6.555
1870 49.0 1.172 6.396
1880 49.0 1.370 6.237
1890 49.0 1.535 6.166
1900 49.0 1.500 6.028
1910 49.0 1.375 6.065
1920 49.0 1.648 5.958
1930 49.0 1.914 5.863
1940 49.0 2.123 5.877
1950 49.0 2.467 5.502
1960 49.0 3.063 5.320
1970 49.0 3.941 4.911
1980 49.0 3.910 4.753
1990 49.0 3.547 4.820
2000 49.0 4.228 4.438
2010 49.0 4.780 4.167
1850 52.0 0.168 5.767
1860 52.0 0.379 5.668
1870 52.0 0.589 5.570
1880 52.0 0.800 5.471
1890 52.0 1.010 5.372
1900 52.0 1.231 5.326
1910 52.0 1.463 5.334
1920 52.0 1.694 5.342
1930 52.0 1.962 5.183
1940 52.0 1.580 5.043
1950 52.0 2.173 4.581
1960 52.0 2.102 4.565
1970 52.0 2.571 4.367
1980 52.0 2.743 4.500
1990 52.0 3.557 3.936
2000 52.0 4.032 3.673
2010 52.0 4.556 3.162
2020 52.0 4.409 3.342
2030 52.0 4.601 2.959
2040 52.0 6.408 2.323
1860 46.0 5.609 4.996
1870 46.0 5.643 5.010
1880 46.0 5.677 5.024
1890 46.0 5.732 5.044
1900 46.0 5.872 5.083
1910 46.0 6.012 5.123
1920 46.0 6.079 5.144
1930 46.0 6.127 5.159
1940 46.0 5.978 5.246
1950 46.0 6.231 5.233
1960 46.0 6.236 5.552
1970 46.0 6.433 5.697
1980 46.0 6.413 5.910
1990 46.0 6.284 5.447
2000 46.0 6.395 5.688
2010 46.0 6.547 5.884
2020 46.0 7.262 5.472
2030 46.0 7.141 5.547
2040 46.0 6.869 5.233
2050 46.0 6.922 5.019
1860 48.0 5.382 5.743
1870 48.0 5.393 5.749
1880 48.0 5.404 5.755
1890 48.0 5.415 5.760
1900 48.0 5.426 5.766
1910 48.0 5.437 5.771
1920 48.0 5.448 5.777
1930 48.0 5.459 5.782
1940 48.0 5.454 5.699
1950 48.0 5.505 5.730
1960 48.0 5.422 5.734
1970 48.0 5.375 5.739
1980 48.0 5.411 5.788
1990 48.0 5.382 5.821
2000 48.0 5.394 5.874
2010 48.0 5.486 5.865
2020 48.0 5.405 5.808
2030 48.0 5.367 5.806
2040 48.0 5.406 5.844
2050 48.0 5.403 5.807
2020 50.0 3.670 6.303
2030 50.0 3.709 6.344
2040 50.0 3.749 6.385
2050 50.0 3.788 6.426
2060 50.0 3.828 6.467
2070 50.0 3.977 6.494
2080 50.0 4.289 6.501
2090 50.0 4.602 6.508
2100 50.0 4.682 6.456
2110 50.0 4.957 6.029
2120 50.0 4.528 6.305
2130 50.0 4.844 6.308
2140 50.0 5.090 6.358
2150 50.0 5.030 6.410
2160 50.0 5.426 6.298
2170 50.0 5.277 6.600
2180 50.0 5.432 6.822
2190 50.0 6.264 6.734
2200 50.0 5.745 6.470
2210 50.0 5.873 6.569
2030 54.0 0.410 5.267
2040 54.0 1.147 5.061
2050 54.0 1.865 4.881
2060 54.0 2.538 4.761
2070 54.0 3.213 4.651
2080 54.0 3.891 4.563
2090 54.0 4.569 4.474
2100 54.0 5.275 4.393
2110 54.0 4.047 4.334
2120 54.0 3.656 4.267
2130 54.0 3.564 4.198
2140 54.0 4.186 4.300
2150 54.0 4.048 4.396
2160 54.0 3.979 4.355
2170 54.0 4.525 4.276
2180 54.0 4.667 3.884
2190 54.0 5.669 3.505
2200 54.0 6.603 3.032
2210 54.0 7.109 2.977
2220 54.0 7.359 1.936
2050 53.0 3.884 5.754
2060 53.0 3.995 5.768
2070 53.0 4.185 5.760
2080 53.0 4.494 5.721
2090 53.0 4.802 5.682
2100 53.0 5.110 5.644
2110 53.0 5.420 5.600
2120 53.0 5.741 5.519
2130 53.0 6.150 5.380
2140 53.0 6.712 5.275
2150 53.0 7.271 4.835
2160 53.0 7.346 4.907
2170 53.0 7.793 4.368
2180 53.0 8.618 4.205
2190 53.0 8.146 4.172
2200 53.0 7.385 4.703
2210 53.0 8.263 4.252
2220 53.0 9.447 3.846
2230 53.0 10.504 4.020
2240 53.0 11.623 3.396
2080 55.0 14.714 4.725
2090 55.0 14.045 4.964
2100 55.0 13.445 5.151
2110 55.0 12.861 5.324
2120 55.0 12.272 5.498
2130 55.0 11.679 5.672
2140 55.0 11.086 5.812
2150 55.0 10.495 5.903
2160 55.0 10.736 6.059
2170 55.0 10.759 6.351
2180 55.0 10.195 6.637
2190 55.0 9.407 6.733
2200 55.0 10.045 6.686
2210 55.0 10.797 6.800
2220 55.0 8.609 7.945
2230 55.0 8.648 7.956
2240 55.0 8.294 8.261
2250 55.0 9.306 7.684
2260 55.0 7.605 9.089
2270 55.0 10.228 8.102
2220 51.0 9.098 5.560
2230 51.0 9.421 5.482
2240 51.0 9.698 5.448
2250 51.0 9.976 5.414
2260 51.0 10.253 5.380
2270 51.0 10.530 5.346
2280 51.0 10.808 5.312
2290 51.0 11.085 5.278
2300 51.0 11.208 4.898
2310 51.0 12.009 4.741
2320 51.0 11.615 4.906
2330 51.0 11.477 5.289
2340 51.0 12.475 4.556
2350 51.0 12.820 4.645
2360 51.0 12.601 4.911
2370 51.0 12.781 5.229
2380 51.0 13.733 4.541
2390 51.0 14.497 4.175
2400 51.0 14.231 3.952
2410 51.0 14.760 3.827
2520 56.0 14.971 4.481
2530 56.0 14.478 4.539
2540 56.0 13.984 4.596
2550 56.0 13.491 4.654
2560 56.0 12.928 4.678
2570 56.0 12.365 4.702
2580 56.0 11.802 4.725
2590 56.0 11.239 4.749
2600 56.0 11.761 5.057
2610 56.0 11.411 5.297
2620 56.0 10.987 5.201
2630 56.0 10.470 5.805
2640 56.0 9.440 6.054
2650 56.0 9.193 6.431
2660 56.0 9.001 6.334
2670 56.0 8.794 6.405
2680 56.0 8.188 7.222
2690 56.0 9.043 7.660
2700 56.0 9.244 6.829
2710 56.0 8.295 7.246
2530 57.0 14.721 5.039
2540 57.0 14.217 5.107
2550 57.0 13.713 5.176
2560 57.0 13.140 5.253
2570 57.0 12.521 5.338
2580 57.0 11.902 5.422
2590 57.0 11.303 5.497
2600 57.0 10.782 5.537
2610 57.0 11.220 5.582
2620 57.0 11.446 5.531
2630 57.0 10.388 6.495
2640 57.0 10.361 6.805
2650 57.0 9.950 6.901
2660 57.0 8.996 7.591
2670 57.0 7.809 7.557
2680 57.0 7.216 8.296
2690 57.0 9.491 7.384
2700 57.0 6.933 8.604
2710 57.0 4.612 10.022
2720 57.0 6.586 8.754
2870 58.0 15.036 3.836
2880 58.0 14.528 3.902
2890 58.0 14.020 3.967
2900 58.0 13.512 4.033
2910 58.0 13.053 4.099
2920 58.0 12.593 4.163
2930 58.0 12.134 4.229
2940 58.0 11.634 4.280
2950 58.0 11.553 4.511
2960 58.0 11.705 4.743
2970 58.0 10.870 4.583
2980 58.0 10.398 4.793
2990 58.0 10.090 5.508
3000 58.0 9.118 5.549
3010 58.0 9.379 5.438
3020 58.0 8.918 5.525
3030 58.0 8.831 5.683
3040 58.0 9.018 5.747
3050 58.0 9.276 5.145
3060 58.0 8.718 6.088
2880 59.0 15.024 4.255
2890 59.0 14.568 4.327
2900 59.0 14.112 4.399
2910 59.0 13.653 4.473
2920 59.0 13.173 4.570
2930 59.0 12.693 4.667
2940 59.0 12.213 4.763
2950 59.0 11.777 4.832
2960 59.0 12.044 4.820
2970 59.0 11.775 5.199
2980 59.0 11.302 5.338
2990 59.0 11.725 5.318
3000 59.0 11.539 5.596
3010 59.0 10.431 5.724
3020 59.0 9.747 6.460
3030 59.0 9.715 6.488
3040 59.0 9.935 6.576
3050 59.0 7.733 7.041
3060 59.0 8.506 7.624
3070 59.0 8.811 7.445
2930 60.0 -0.093 5.761
2940 60.0 0.455 5.737
2950 60.0 1.002 5.714
2960 60.0 1.549 5.690
2970 60.0 2.069 5.697
2980 60.0 2.570 5.725
2990 60.0 3.072 5.753
3000 60.0 3.568 5.777
3010 60.0 2.404 5.637
3020 60.0 2.548 6.340
3030 60.0 3.086 6.428
3040 60.0 2.507 5.892
3050 60.0 3.014 5.903
3060 60.0 2.940 5.440
3070 60.0 3.129 5.928
3080 60.0 2.960 6.197
3090 60.0 2.899 5.448
3100 60.0 3.234 5.656
3110 60.0 3.639 5.373
3120 60.0 3.723 5.125
3030 61.0 14.736 4.602
3040 61.0 14.061 4.651
3050 61.0 13.386 4.701
3060 61.0 12.733 4.686
3070 61.0 12.102 4.606
3080 61.0 11.470 4.527
3090 61.0 10.813 4.504
3100 61.0 10.129 4.538
3110 61.0 11.057 4.730
3120 61.0 11.037 5.125
3130 61.0 10.459 5.064
3140 61.0 10.277 4.979
3150 61.0 10.265 4.956
3160 61.0 7.640 6.331
3170 61.0 9.045 5.154
3180 61.0 8.263 6.131
3190 61.0 9.626 4.986
3200 61.0 8.407 5.368
3210 61.0 8.584 5.284
3220 61.0 8.392 6.148
3040 62.0 0.301 4.866
3050 62.0 0.782 4.840
3060 62.0 1.263 4.815
3070 62.0 1.756 4.782
3080 62.0 2.279 4.731
3090 62.0 2.802 4.681
3100 62.0 3.325 4.630
3110 62.0 3.864 4.574
3120 62.0 3.796 4.341
3130 62.0 3.181 4.116
3140 62.0 4.120 3.935
3150 62.0 3.475 4.225
3160 62.0 4.114 4.084
3170 62.0 3.888 3.359
3180 62.0 5.398 3.105
3190 62.0 3.891 3.089
3200 62.0 5.135 2.689
3210 62.0 4.856 2.946
3220 62.0 5.691 2.290
3230 62.0 5.623 2.319
3040 63.0 0.113 4.163
3050 63.0 0.669 4.061
3060 63.0 1.225 3.958
3070 63.0 1.774 3.864
3080 63.0 2.262 3.844
3090 63.0 2.749 3.823
3100 63.0 3.236 3.803
3110 63.0 3.751 3.762
3120 63.0 3.212 3.756
3130 63.0 3.370 3.353
3140 63.0 3.291 3.660
3150 63.0 3.293 3.844
3160 63.0 4.055 3.605
3170 63.0 3.730 3.709
3180 63.0 3.878 3.547
3190 63.0 3.898 3.754
3200 63.0 3.963 3.183
3210 63.0 5.216 2.492
3220 63.0 5.891 2.697
3230 63.0 5.533 3.668
3130 64.0 0.535 4.003
3140 64.0 1.084 4.045
3150 64.0 1.633 4.088
3160 64.0 2.158 4.146
3170 64.0 2.667 4.216
3180 64.0 3.176 4.285
3190 64.0 3.671 4.317
3200 64.0 4.151 4.311
3210 64.0 3.369 3.725
3220 64.0 3.945 3.927
3230 64.0 3.004 4.442
3240 64.0 3.489 4.289
3250 64.0 3.484 4.458
3260 64.0 4.295 3.988
3270 64.0 3.686 4.420
3280 64.0 3.918 4.096
3290 64.0 3.466 4.658
3300 64.0 4.101 3.464
3310 64.0 5.898 4.028
3320 64.0 4.692 3.459
3130 65.0 0.447 3.272
3140 65.0 0.881 3.337
3150 65.0 1.314 3.402
3160 65.0 1.754 3.461
3170 65.0 2.241 3.461
3180 65.0 2.729 3.461
3190 65.0 3.217 3.461
3200 65.0 3.704 3.461
3210 65.0 2.343 3.568
3220 65.0 2.911 3.742
3230 65.0 3.398 3.277
3240 65.0 3.114 3.450
3250 65.0 2.881 3.623
3260 65.0 3.665 3.680
3270 65.0 3.516 3.954
3280 65.0 3.456 3.892
3290 65.0 3.404 3.978
3300 65.0 3.364 3.440
3310 65.0 2.694 2.998
3320 65.0 2.640 3.009
3190 66.0 0.295 3.437
3200 66.0 0.798 3.394
3210 66.0 1.302 3.351
3220 66.0 1.797 3.316
3230 66.0 2.259 3.309
3240 66.0 2.721 3.303
3250 66.0 3.183 3.296
3260 66.0 3.661 3.286
3270 66.0 2.204 3.473
3280 66.0 2.930 3.490
3290 66.0 3.925 3.398
3300 66.0 4.204 3.579
3310 66.0 3.483 3.572
3320 66.0 4.282 3.522
3330 66.0 4.773 3.091
3340 66.0 3.993 2.635
3350 66.0 5.879 2.503
3360 66.0 4.766 2.966
3370 66.0 3.496 2.497
3380 66.0 4.912 2.600
3210 67.0 14.773 3.586
3220 67.0 14.206 3.687
3230 67.0 13.640 3.788
3240 67.0 13.067 3.912
3250 67.0 12.491 4.045
3260 67.0 11.915 4.179
3270 67.0 11.363 4.312
3280 67.0 10.867 4.447
3290 67.0 10.833 4.899
3300 67.0 10.260 5.549
3310 67.0 10.094 5.783
3320 67.0 9.417 6.117
3330 67.0 10.351 5.728
3340 67.0 9.218 6.443
3350 67.0 7.981 6.623
3360 67.0 7.890 7.405
3370 67.0 7.879 7.433
3380 67.0 7.332 7.567
3390 67.0 9.111 6.924
3400 67.0 6.897 8.122
3210 68.0 14.913 4.469
3220 68.0 14.338 4.621
3230 68.0 13.764 4.773
3240 68.0 13.242 4.844
3250 68.0 12.720 4.915
3260 68.0 12.206 4.999
3270 68.0 11.711 5.115
3280 68.0 11.216 5.231
3290 68.0 11.481 5.218
3300 68.0 11.370 5.533
3310 68.0 9.346 5.902
3320 68.0 10.510 5.930
3330 68.0 8.908 6.906
3340 68.0 9.309 6.224
3350 68.0 8.679 7.191
3360 68.0 8.325 7.195
3370 68.0 6.608 7.082
3380 68.0 8.284 7.371
3390 68.0 7.055 7.710
3400 68.0 9.066 7.628
3340 69.0 0.430 3.242
3350 69.0 1.030 3.233
3360 69.0 1.630 3.225
3370 69.0 2.174 3.196
3380 69.0 2.693 3.158
3390 69.0 3.213 3.121
3400 69.0 3.749 3.077
3410 69.0 4.300 3.025
3420 69.0 2.911 2.483
3430 69.0 2.975 2.135
3440 69.0 3.415 2.062
3450 69.0 4.195 1.569
3460 69.0 3.655 1.502
3470 69.0 4.127 1.120
3480 69.0 4.391 1.146
3490 69.0 5.134 0.908
3500 69.0 5.544 0.698
3510 69.0 5.581 0.506
3520 69.0 6.147 0.443
3530 69.0 6.209 0.019
3370 70.0 0.008 4.074
3380 70.0 0.566 4.032
3390 70.0 1.125 3.991
3400 70.0 1.682 3.946
3410 70.0 2.237 3.896
3420 70.0 2.792 3.845
3430 70.0 3.346 3.795
3440 70.0 3.941 3.759
3450 70.0 3.426 3.636
3460 70.0 3.928 3.565
3470 70.0 4.909 3.270
3480 70.0 4.322 3.181
3490 70.0 5.410 3.182
3500 70.0 4.132 3.891
3510 70.0 5.827 2.730
3520 70.0 4.349 3.232
3530 70.0 6.353 2.710
3540 70.0 6.911 2.770
3550 70.0 4.994 4.030
3560 70.0 5.723 3.865
3370 71.0 0.273 6.794
3380 71.0 0.761 6.689
3390 71.0 1.249 6.584
3400 71.0 1.794 6.556
3410 71.0 2.352 6.547
3420 71.0 2.902 6.533
3430 71.0 3.418 6.502
3440 71.0 3.934 6.471
3450 71.0 3.554 6.420
3460 71.0 2.252 6.537
3470 71.0 2.841 6.624
3480 71.0 2.787 6.488
3490 71.0 2.626 6.502
3500 71.0 3.862 6.387
3510 71.0 3.947 6.539
3520 71.0 3.802 6.203
3530 71.0 4.050 5.963
3540 71.0 4.666 6.002
3550 71.0 4.342 5.419
3560 71.0 4.821 5.428
3570 72.0 15.102 3.915
3580 72.0 14.833 4.030
3590 72.0 14.563 4.144
3600 72.0 14.356 4.256
3610 72.0 14.295 4.364
3620 72.0 14.234 4.472
3630 72.0 14.115 4.564
3640 72.0 13.764 4.594
3650 72.0 13.321 4.898
3660 72.0 12.928 4.938
3670 72.0 12.682 5.186
3680 72.0 12.997 5.292
3690 72.0 12.421 5.940
3700 72.0 11.479 6.352
3710 72.0 11.900 6.259
3720 72.0 11.017 6.490
3730 72.0 10.571 6.719
3740 72.0 10.621 7.106
3750 72.0 10.577 7.006
3760 72.0 10.084 7.294
3580 73.0 15.043 4.673
3590 73.0 14.950 4.505
3600 73.0 14.858 4.337
3610 73.0 14.765 4.168
3620 73.0 14.610 4.003
3630 73.0 14.208 3.851
3640 73.0 13.807 3.699
3650 73.0 13.268 3.737
3660 73.0 13.581 3.557
3670 73.0 13.557 3.736
3680 73.0 13.560 4.022
3690 73.0 13.243 3.807
3700 73.0 13.402 4.087
3710 73.0 13.345 3.787
3720 73.0 12.867 4.273
3730 73.0 12.788 3.920
3740 73.0 12.688 4.057
3750 73.0 12.714 4.148
3760 73.0 13.021 4.187
3770 73.0 13.370 4.264
3580 74.0 0.153 8.464
3590 74.0 0.296 8.127
3600 74.0 0.438 7.790
3610 74.0 0.581 7.453
3620 74.0 0.780 7.140
3630 74.0 1.209 6.919
3640 74.0 1.638 6.698
3650 74.0 2.086 6.538
3660 74.0 2.280 6.220
3670 74.0 2.302 6.087
3680 74.0 2.658 6.317
3690 74.0 3.666 5.106
3700 74.0 2.732 5.607
3710 74.0 3.403 5.471
3720 74.0 4.171 5.282
3730 74.0 4.273 4.894
3740 74.0 4.751 5.145
3750 74.0 4.667 5.832
3760 74.0 5.131 4.867
3770 74.0 5.286 4.498
3630 76.0 14.857 4.746
3640 76.0 14.474 4.930
3650 76.0 14.042 5.111
3660 76.0 13.495 5.283
3670 76.0 12.948 5.455
3680 76.0 12.441 5.551
3690 76.0 11.945 5.627
3700 76.0 11.449 5.704
3710 76.0 11.756 5.381
3720 76.0 10.931 6.037
3730 76.0 9.801 6.964
3740 76.0 9.228 6.825
3750 76.0 8.776 7.325
3760 76.0 8.745 7.621
3770 76.0 9.470 7.644
3780 76.0 8.855 7.729
3790 76.0 7.244 8.969
3800 76.0 5.608 10.164
3810 76.0 9.144 9.182
3820 76.0 8.665 9.895
3650 77.0 14.998 4.387
3660 77.0 14.490 4.584
3670 77.0 13.982 4.780
3680 77.0 13.475 4.977
3690 77.0 12.954 5.074
3700 77.0 12.428 5.128
3710 77.0 11.921 5.174
3720 77.0 11.432 5.212
3730 77.0 12.099 5.644
3740 77.0 11.482 6.051
3750 77.0 10.782 6.093
3760 77.0 10.978 6.116
3770 77.0 9.976 6.478
3780 77.0 10.633 5.867
3790 77.0 9.001 6.537
3800 77.0 8.695 6.486
3810 77.0 7.875 7.570
3820 77.0 8.909 7.022
3830 77.0 7.577 7.790
3840 77.0 6.783 8.027
3660 75.0 0.211 6.311
3670 75.0 0.639 5.941
3680 75.0 1.067 5.571
3690 75.0 1.519 5.237
3700 75.0 2.063 5.048
3710 75.0 2.606 4.859
3720 75.0 3.110 4.579
3730 75.0 3.604 4.276
3740 75.0 3.622 4.199
3750 75.0 4.623 4.014
3760 75.0 4.286 4.007
3770 75.0 4.907 3.866
3780 75.0 5.739 2.818
3790 75.0 5.680 3.406
3800 75.0 5.371 3.586
3810 75.0 7.227 2.357
3820 75.0 5.336 3.385
3830 75.0 6.352 2.679
3840 75.0 7.160 2.205
3850 75.0 4.684 3.057
3760 78.0 0.385 4.076
3770 78.0 0.837 4.049
3780 78.0 1.289 4.023
3790 78.0 1.735 4.009
3800 78.0 2.175 4.009
3810 78.0 2.615 4.009
3820 78.0 3.057 4.006
3830 78.0 3.505 3.991
3840 78.0 3.115 4.207
3850 78.0 3.086 4.304
3860 78.0 3.767 4.073
3870 78.0 3.128 4.054
3880 78.0 3.061 4.186
3890 78.0 3.459 3.706
3900 78.0 4.738 3.885
3910 78.0 5.143 3.096
3920 78.0 5.354 3.338
3930 78.0 4.667 3.525
3940 78.0 4.172 3.747
3950 78.0 5.192 2.540
3760 79.0 0.153 3.566
3770 79.0 0.625 3.533
3780 79.0 1.097 3.500
3790 79.0 1.568 3.467
3800 79.0 2.008 3.436
3810 79.0 2.440 3.404
3820 79.0 2.872 3.373
3830 79.0 3.304 3.341
3840 79.0 2.325 3.359
3850 79.0 2.604 3.355
3860 79.0 3.061 3.533
3870 79.0 3.088 3.561
3880 79.0 3.316 3.244
3890 79.0 3.025 4.106
3900 79.0 4.732 4.083
3910 79.0 4.425 3.672
3920 79.0 4.772 3.507
3930 79.0 4.677 3.636
3940 79.0 3.319 3.377
3950 79.0 4.584 2.800
3760 80.0 0.225 2.904
3770 80.0 0.668 2.930
3780 80.0 1.112 2.955
3790 80.0 1.555 2.981
3800 80.0 2.018 2.909
3810 80.0 2.482 2.827
3820 80.0 2.947 2.745
3830 80.0 3.405 2.745
3840 80.0 3.144 2.666
3850 80.0 2.661 2.916
3860 80.0 2.931 2.720
3870 80.0 2.706 2.797
3880 80.0 3.421 2.593
3890 80.0 2.600 2.936
3900 80.0 3.566 2.728
3910 80.0 4.221 3.156
3920 80.0 4.008 2.290
3930 80.0 4.101 2.355
3940 80.0 5.368 2.830
3950 80.0 4.307 3.117
4010 81.0 12.623 12.343
4020 81.0 12.710 12.011
4030 81.0 12.797 11.679
4040 81.0 12.885 11.347
4050 81.0 12.972 11.016
4060 81.0 13.004 10.734
4070 81.0 13.000 10.486
4080 81.0 12.996 10.237
4090 81.0 13.251 9.777
4100 81.0 13.277 9.321
4110 81.0 13.274 8.840
4120 81.0 13.073 8.479
4130 81.0 12.984 7.731
4140 81.0 12.969 8.155
4150 81.0 12.853 7.172
4160 81.0 13.138 7.446
4170 81.0 13.454 5.296
4180 81.0 13.370 5.326
4190 81.0 13.446 6.116
4200 81.0 13.624 4.186
4010 83.0 13.381 12.284
4020 83.0 13.396 12.068
4030 83.0 13.411 11.851
4040 83.0 13.425 11.635
4050 83.0 13.440 11.418
4060 83.0 13.471 11.166
4070 83.0 13.526 10.860
4080 83.0 13.580 10.554
4090 83.0 13.712 10.414
4100 83.0 13.552 10.182
4110 83.0 13.614 9.648
4120 83.0 13.715 9.486
4130 83.0 13.882 9.383
4140 83.0 13.727 9.234
4150 83.0 13.890 8.651
4160 83.0 13.712 8.707
4170 83.0 13.636 8.269
4180 83.0 13.685 7.864
4190 83.0 13.470 7.923
4200 83.0 13.585 6.570
4210 82.0 12.697 6.826
4220 82.0 12.533 6.587
4230 82.0 12.330 6.380
4240 82.0 12.039 6.247
4250 82.0 11.748 6.113
4260 82.0 11.457 5.980
4270 82.0 11.096 5.978
4280 82.0 10.726 5.991
4290 82.0 11.059 6.226
4300 82.0 10.298 6.295
4310 82.0 10.096 6.175
4320 82.0 9.443 6.366
4330 82.0 9.953 6.298
4340 82.0 8.865 6.517
4350 82.0 8.794 6.939
4360 82.0 7.833 7.312
4370 82.0 9.243 6.624
4380 82.0 7.960 7.423
4390 82.0 8.389 6.927
4400 82.0 7.471 7.361
4210 84.0 13.531 6.819
4220 84.0 13.403 6.512
4230 84.0 13.144 6.227
4240 84.0 12.828 5.952
4250 84.0 12.501 5.694
4260 84.0 12.073 5.594
4270 84.0 11.645 5.494
4280 84.0 11.218 5.394
4290 84.0 11.272 5.158
4300 84.0 11.530 4.712
4310 84.0 11.317 5.240
4320 84.0 10.747 4.972
4330 84.0 11.203 5.133
4340 84.0 11.205 4.380
4350 84.0 11.066 4.131
4360 84.0 10.825 3.729
4370 84.0 10.373 4.076
4380 84.0 9.861 3.949
4390 84.0 10.353 2.598
4400 84.0 10.544 3.456
4310 85.0 15.159 6.899
4320 85.0 14.719 6.813
4330 85.0 14.279 6.726
4340 85.0 13.839 6.639
4350 85.0 13.403 6.514
4360 85.0 12.974 6.333
4370 85.0 12.545 6.152
4380 85.0 12.070 6.050
4390 85.0 12.789 6.462
4400 85.0 13.186 6.144
4410 85.0 13.507 6.548
4420 85.0 13.324 6.383
4430 85.0 13.238 6.299
4440 85.0 12.898 6.651
4450 85.0 12.692 6.672
4460 85.0 12.596 6.829
4470 85.0 12.597 6.849
4480 85.0 12.044 7.412
4490 85.0 11.178 6.948
4500 85.0 11.667 6.992
4350 86.0 0.082 3.933
4360 86.0 0.522 3.985
4370 86.0 0.961 4.036
4380 86.0 1.403 4.047
4390 86.0 1.846 4.030
4400 86.0 2.290 4.013
4410 86.0 2.727 3.990
4420 86.0 3.162 3.965
4430 86.0 2.590 3.441
4440 86.0 3.318 3.105
4450 86.0 3.433 3.165
4460 86.0 4.534 2.451
4470 86.0 3.459 2.880
4480 86.0 2.620 3.004
4490 86.0 3.304 2.806
4500 86.0 3.709 2.141
4510 86.0 4.376 1.998
4520 86.0 4.800 1.761
4530 86.0 5.464 1.721
4540 86.0 5.752 1.844
4360 88.0 0.638 2.784
4370 88.0 1.410 2.816
4380 88.0 2.182 2.848
4390 88.0 2.924 2.887
4400 88.0 3.636 2.933
4410 88.0 4.349 2.979
4420 88.0 5.077 2.983
4430 88.0 5.807 2.983
4440 88.0 5.335 2.051
4450 88.0 5.738 2.012
4460 88.0 5.081 2.460
4470 88.0 4.994 2.241
4480 88.0 4.980 2.269
4490 88.0 5.944 2.188
4500 88.0 6.002 2.178
4510 88.0 6.763 1.043
4520 88.0 5.298 3.070
4530 88.0 6.194 1.103
4540 88.0 7.205 1.493
4550 88.0 8.711 0.596
4460 89.0 5.127 4.551
4470 89.0 5.572 4.537
4480 89.0 6.018 4.523
4490 89.0 6.460 4.511
4500 89.0 6.870 4.518
4510 89.0 7.279 4.524
4520 89.0 7.689 4.531
4530 89.0 8.085 4.546
4540 89.0 7.527 4.445
4550 89.0 7.719 4.167
4560 89.0 7.258 4.323
4570 89.0 7.924 3.910
4580 89.0 8.884 3.393
4590 89.0 7.917 3.818
4600 89.0 8.912 3.462
4610 89.0 9.486 3.789
4620 89.0 8.899 4.488
4630 89.0 9.888 3.481
4640 89.0 10.587 3.679
4650 89.0 9.935 3.756
4550 87.0 8.796 3.925
4560 87.0 9.193 3.904
4570 87.0 9.568 3.903
4580 87.0 9.889 3.945
4590 87.0 10.211 3.987
4600 87.0 10.533 4.029
4610 87.0 10.835 4.158
4620 87.0 11.134 4.296
4630 87.0 11.131 3.847
4640 87.0 11.423 3.585
4650 87.0 11.504 3.814
4660 87.0 11.532 3.851
4670 87.0 12.029 3.843
4680 87.0 12.263 4.183
4690 87.0 11.053 4.349
4700 87.0 12.689 3.808
4710 87.0 12.186 5.152
4720 87.0 12.006 3.746
4730 87.0 12.735 3.601
4740 87.0 12.523 3.464
4670 90.0 0.524 4.111
4680 90.0 1.109 4.171
4690 90.0 1.693 4.230
4700 90.0 2.278 4.290
4710 90.0 2.821 4.201
4720 90.0 3.359 4.096
4730 90.0 3.898 3.991
4740 90.0 4.438 3.955
4750 90.0 3.911 3.588
4760 90.0 4.511 3.220
4770 90.0 4.812 2.989
4780 90.0 5.296 2.593
4790 90.0 5.821 3.101
4800 90.0 4.614 3.568
4810 90.0 4.128 3.403
4820 90.0 4.401 3.470
4830 90.0 5.073 2.912
4840 90.0 5.485 2.954
4850 90.0 6.509 2.457
4860 90.0 6.836 1.618
4750 91.0 14.721 4.652
4760 91.0 14.107 4.600
4770 91.0 13.509 4.541
4780 91.0 12.969 4.453
4790 91.0 12.429 4.366
4800 91.0 11.882 4.321
4810 91.0 11.309 4.447
4820 91.0 10.736 4.573
4830 91.0 11.296 4.860
4840 91.0 10.797 4.992
4850 91.0 10.349 4.785
4860 91.0 9.967 5.176
4870 91.0 8.830 5.324
4880 91.0 8.099 5.318
4890 91.0 9.924 4.806
4900 91.0 9.559 5.324
4910 91.0 7.975 6.639
4920 91.0 9.209 6.181
4930 91.0 9.682 6.022
4940 91.0 8.596 6.576
4750 92.0 15.048 5.179
4760 92.0 14.502 5.209
4770 92.0 13.957 5.239
4780 92.0 13.411 5.268
4790 92.0 12.832 5.299
4800 92.0 12.245 5.331
4810 92.0 11.657 5.362
4820 92.0 11.070 5.394
4830 92.0 11.773 5.641
4840 92.0 12.056 5.773
4850 92.0 10.913 5.862
4860 92.0 10.037 6.082
4870 92.0 10.857 6.391
4880 92.0 9.517 6.068
4890 92.0 10.253 6.257
4900 92.0 9.366 6.580
4910 92.0 8.749 6.491
4920 92.0 7.204 7.570
4930 92.0 8.886 6.440
4940 92.0 6.415 8.559
4820 93.0 15.271 4.353
4830 93.0 14.556 4.449
4840 93.0 13.840 4.544
4850 93.0 13.130 4.644
4860 93.0 12.471 4.779
4870 93.0 11.811 4.914
4880 93.0 11.155 5.047
4890 93.0 10.530 5.159
4900 93.0 11.844 4.934
4910 93.0 11.558 5.203
4920 93.0 11.174 5.714
4930 93.0 10.414 5.606
4940 93.0 10.183 6.202
4950 93.0 9.302 6.517
4960 93.0 8.774 6.565
4970 93.0 7.714 7.347
4980 93.0 7.332 7.314
4990 93.0 9.906 6.747
5000 93.0 8.635 6.801
5010 93.0 5.928 8.703
5000 94.0 15.024 3.889
5010 94.0 14.634 3.896
5020 94.0 14.244 3.904
5030 94.0 13.854 3.910
5040 94.0 13.600 3.903
5050 94.0 13.482 3.880
5060 94.0 13.363 3.858
5070 94.0 13.236 3.842
5080 94.0 12.862 4.045
5090 94.0 12.986 4.093
5100 94.0 12.914 4.064
5110 94.0 12.959 3.960
5120 94.0 13.127 4.026
5130 94.0 13.077 3.912
5140 94.0 12.939 3.713
5150 94.0 12.346 3.699
5160 94.0 12.238 3.689
5170 94.0 10.900 3.780
5180 94.0 12.160 3.701
5190 94.0 12.045 3.570
5030 97.0 14.917 7.485
5040 97.0 14.587 7.163
5050 97.0 14.270 6.855
5060 97.0 14.059 6.665
5070 97.0 13.849 6.476
5080 97.0 13.645 6.292
5090 97.0 13.471 6.128
5100 97.0 13.297 5.964
5110 97.0 13.450 6.083
5120 97.0 13.550 5.810
5130 97.0 13.352 5.769
5140 97.0 13.057 5.683
5150 97.0 12.595 6.576
5160 97.0 12.033 5.683
5170 97.0 12.234 5.327
5180 97.0 11.724 5.152
5190 97.0 11.430 4.772
5200 97.0 11.727 4.917
5210 97.0 11.439 4.857
5220 97.0 11.305 5.366
5040 100.0 15.144 7.370
5050 100.0 14.905 7.023
5060 100.0 14.666 6.676
5070 100.0 14.432 6.345
5080 100.0 14.208 6.037
5090 100.0 13.984 5.729
5100 100.0 13.742 5.462
5110 100.0 13.456 5.291
5120 100.0 13.442 5.278
5130 100.0 13.417 4.999
5140 100.0 12.970 4.613
5150 100.0 13.219 4.727
5160 100.0 12.792 4.548
5170 100.0 13.383 4.253
5180 100.0 12.933 3.492
5190 100.0 12.950 3.277
5200 100.0 12.522 3.722
5210 100.0 12.708 2.933
5220 100.0 12.902 2.736
5230 100.0 12.351 2.511
5060 103.0 0.183 3.930
5070 103.0 0.671 4.007
5080 103.0 1.160 4.084
5090 103.0 1.643 4.150
5100 103.0 2.074 4.126
5110 103.0 2.506 4.103
5120 103.0 2.937 4.079
5130 103.0 3.372 4.050
5140 103.0 2.819 4.089
5150 103.0 3.644 4.283
5160 103.0 3.723 3.653
5170 103.0 3.698 3.768
5180 103.0 4.467 3.377
5190 103.0 5.302 3.249
5200 103.0 5.268 3.104
5210 103.0 5.667 2.414
5220 103.0 5.904 2.332
5230 103.0 5.995 2.448
5240 103.0 6.161 3.499
5250 103.0 6.106 2.661
5090 104.0 0.003 3.856
5100 104.0 0.522 3.941
5110 104.0 1.040 4.026
5120 104.0 1.559 4.112
5130 104.0 2.050 4.163
5140 104.0 2.535 4.207
5150 104.0 3.020 4.250
5160 104.0 3.500 4.278
5170 104.0 3.085 4.017
5180 104.0 3.316 4.158
5190 104.0 3.114 4.069
5200 104.0 3.082 3.919
5210 104.0 3.289 3.840
5220 104.0 4.178 3.345
5230 104.0 2.895 4.162
5240 104.0 4.055 3.713
5250 104.0 4.395 3.326
5260 104.0 4.595 3.499
5270 104.0 4.408 2.751
5280 104.0 5.323 3.186
5090 105.0 15.168 6.987
5100 105.0 14.839 6.927
5110 105.0 14.510 6.867
5120 105.0 14.181 6.808
5130 105.0 13.906 6.744
5140 105.0 13.683 6.676
5150 105.0 13.461 6.608
5160 105.0 13.238 6.539
5170 105.0 13.214 7.179
5180 105.0 13.266 7.195
5190 105.0 13.615 6.883
5200 105.0 13.043 7.119
5210 105.0 12.745 6.804
5220 105.0 12.619 7.022
5230 105.0 12.314 6.933
5240 105.0 12.492 6.907
5250 105.0 11.923 7.013
5260 105.0 11.535 6.989
5270 105.0 11.521 6.766
5280 105.0 10.498 6.704
5100 107.0 15.069 6.110
5110 107.0 14.817 6.126
5120 107.0 14.564 6.141
5130 107.0 14.312 6.157
5140 107.0 14.077 6.028
5150 107.0 13.843 5.898
5160 107.0 13.608 5.769
5170 107.0 13.289 5.630
5180 107.0 13.449 6.004
5190 107.0 13.399 6.009
5200 107.0 13.019 6.022
5210 107.0 12.999 6.034
5220 107.0 12.750 6.131
5230 107.0 12.697 6.046
5240 107.0 12.449 6.288
5250 107.0 12.284 6.102
5260 107.0 11.708 6.549
5270 107.0 11.963 6.486
5280 107.0 10.763 6.841
5290 107.0 10.709 6.873
5120 111.0 0.341 2.907
5130 111.0 0.687 2.899
5140 111.0 1.033 2.890
5150 111.0 1.164 2.893
5160 111.0 1.203 2.900
5170 111.0 1.241 2.908
5180 111.0 1.280 2.915
5190 111.0 1.319 2.922
5200 111.0 1.167 3.088
5210 111.0 1.793 2.758
5220 111.0 2.155 2.874
5230 111.0 2.483 2.555
5240 111.0 2.722 3.181
5250 111.0 3.016 3.062
5260 111.0 3.753 2.358
5270 111.0 3.995 2.653
5280 111.0 3.856 2.851
5290 111.0 2.899 3.177
5300 111.0 3.795 3.064
5310 111.0 2.624 2.959
5130 109.0 0.147 6.730
5140 109.0 0.491 6.452
5150 109.0 0.835 6.173
5160 109.0 1.179 5.895
5170 109.0 1.575 5.790
5180 109.0 1.971 5.684
5190 109.0 2.367 5.579
5200 109.0 2.806 5.443
5210 109.0 2.616 5.587
5220 109.0 2.896 5.874
5230 109.0 2.315 5.499
5240 109.0 3.065 5.383
5250 109.0 3.665 5.103
5260 109.0 4.401 4.925
5270 109.0 5.054 4.291
5280 109.0 5.122 4.601
5290 109.0 6.438 4.075
5300 109.0 4.529 4.681
5310 109.0 6.424 4.036
5320 109.0 5.110 5.440
5150 110.0 0.189 5.799
5160 110.0 0.649 5.587
5170 110.0 1.109 5.375
5180 110.0 1.557 5.212
5190 110.0 1.978 5.162
5200 110.0 2.399 5.113
5210 110.0 2.831 5.000
5220 110.0 3.279 4.793
5230 110.0 4.024 4.194
5240 110.0 3.530 4.458
5250 110.0 4.676 3.545
5260 110.0 4.432 3.134
5270 110.0 6.364 2.296
5280 110.0 5.203 2.415
5290 110.0 7.235 2.163
5300 110.0 5.094 3.135
5310 110.0 6.622 2.186
5320 110.0 5.722 2.552
5330 110.0 7.380 1.970
5340 110.0 7.835 1.682
5200 95.0 10.273 4.101
5210 95.0 9.964 4.152
5220 95.0 9.656 4.203
5230 95.0 9.347 4.254
5240 95.0 9.037 4.304
5250 95.0 8.777 4.378
5260 95.0 8.537 4.461
5270 95.0 8.297 4.545
5280 95.0 7.984 4.728
5290 95.0 7.046 5.090
5300 95.0 6.189 5.339
5310 95.0 7.497 5.327
5320 95.0 6.892 5.218
5330 95.0 6.285 5.340
5340 95.0 5.266 5.882
5350 95.0 5.649 5.532
5360 95.0 4.350 5.960
5370 95.0 4.372 6.052
5380 95.0 4.539 6.492
5390 95.0 2.990 7.229
5230 98.0 10.049 5.719
5240 98.0 9.804 5.773
5250 98.0 9.574 5.819
5260 98.0 9.359 5.857
5270 98.0 9.145 5.895
5280 98.0 8.930 5.933
5290 98.0 8.715 5.971
5300 98.0 8.503 6.072
5310 98.0 8.251 5.603
5320 98.0 7.953 6.208
5330 98.0 7.548 6.660
5340 98.0 7.102 6.363
5350 98.0 6.398 7.088
5360 98.0 6.546 6.902
5370 98.0 5.830 7.086
5380 98.0 4.831 7.554
5390 98.0 5.059 7.634
5400 98.0 4.143 7.882
5410 98.0 4.023 7.264
5420 98.0 3.727 7.962
5240 101.0 9.674 4.994
5250 101.0 9.438 5.043
5260 101.0 9.202 5.091
5270 101.0 8.965 5.140
5280 101.0 8.731 5.198
5290 101.0 8.504 5.295
5300 101.0 8.278 5.391
5310 101.0 8.051 5.487
5320 101.0 7.559 5.198
5330 101.0 7.262 5.608
5340 101.0 7.795 5.842
5350 101.0 6.538 6.224
5360 101.0 6.865 6.189
5370 101.0 6.804 5.990
5380 101.0 6.714 6.484
5390 101.0 6.026 6.657
5400 101.0 6.175 6.805
5410 101.0 5.535 7.172
5420 101.0 4.997 7.706
5430 101.0 3.912 7.759
5290 106.0 9.454 4.790
5300 106.0 9.155 4.809
5310 106.0 8.856 4.828
5320 106.0 8.555 4.837
5330 106.0 8.234 4.762
5340 106.0 7.912 4.687
5350 106.0 7.591 4.611
5360 106.0 7.263 4.565
5370 106.0 7.372 4.828
5380 106.0 7.113 5.388
5390 106.0 6.911 5.293
5400 106.0 6.644 5.588
5410 106.0 6.071 5.696
5420 106.0 5.110 5.798
5430 106.0 5.431 5.406
5440 106.0 5.830 4.768
5450 106.0 4.604 5.399
5460 106.0 4.965 5.143
5470 106.0 3.815 5.357
5480 106.0 3.175 5.781
5290 113.0 0.414 3.612
5300 113.0 0.948 3.629
5310 113.0 1.481 3.646
5320 113.0 1.957 3.616
5330 113.0 2.408 3.565
5340 113.0 2.859 3.513
5350 113.0 3.329 3.469
5360 113.0 3.801 3.426
5370 113.0 2.802 3.220
5380 113.0 3.503 2.927
5390 113.0 2.735 3.525
5400 113.0 3.575 3.013
5410 113.0 3.031 3.427
5420 113.0 3.635 3.074
5430 113.0 4.346 3.164
5440 113.0 4.030 3.524
5450 113.0 4.833 3.308
5460 113.0 5.071 3.278
5470 113.0 5.184 3.196
5480 113.0 6.135 2.443
5300 108.0 9.168 3.893
5310 108.0 8.812 3.906
5320 108.0 8.455 3.919
5330 108.0 8.098 3.933
5340 108.0 7.734 3.924
5350 108.0 7.364 3.901
5360 108.0 6.995 3.877
5370 108.0 6.625 3.854
5380 108.0 7.272 3.868
5390 108.0 6.577 4.307
5400 108.0 6.925 4.235
5410 108.0 6.039 4.515
5420 108.0 6.114 4.438
5430 108.0 4.797 5.318
5440 108.0 3.974 4.977
5450 108.0 4.418 4.531
5460 108.0 3.502 4.810
5470 108.0 4.221 4.519
5480 108.0 3.334 4.453
5490 108.0 3.063 5.117
5320 112.0 3.630 3.116
5330 112.0 4.188 3.058
5340 112.0 4.745 3.000
5350 112.0 5.285 2.973
5360 112.0 5.783 3.016
5370 112.0 6.282 3.061
5380 112.0 6.780 3.104
5390 112.0 7.290 3.123
5400 112.0 6.298 3.206
5410 112.0 6.657 2.636
5420 112.0 7.266 2.619
5430 112.0 7.398 2.577
5440 112.0 8.598 2.268
5450 112.0 8.474 2.361
5460 112.0 8.919 1.981
5470 112.0 8.182 1.856
5480 112.0 8.698 1.947
5490 112.0 9.783 1.885
5500 112.0 8.488 2.574
5510 112.0 7.762 2.244
5320 114.0 0.441 3.751
5330 114.0 0.943 3.758
5340 114.0 1.445 3.766
5350 114.0 1.944 3.762
5360 114.0 2.437 3.740
5370 114.0 2.931 3.717
5380 114.0 3.410 3.678
5390 114.0 3.830 3.574
5400 114.0 3.330 3.548
5410 114.0 3.356 3.582
5420 114.0 3.541 3.729
5430 114.0 3.143 3.963
5440 114.0 4.456 3.598
5450 114.0 4.360 3.764
5460 114.0 4.558 2.986
5470 114.0 4.971 3.642
5480 114.0 4.435 3.462
5490 114.0 4.740 3.341
5500 114.0 4.785 2.767
5510 114.0 5.277 3.976
5320 115.0 0.517 4.335
5330 115.0 1.087 4.366
5340 115.0 1.657 4.397
5350 115.0 2.184 4.399
5360 115.0 2.646 4.360
5370 115.0 3.108 4.320
5380 115.0 3.570 4.280
5390 115.0 3.986 4.147
5400 115.0 2.867 3.713
5410 115.0 3.150 3.381
5420 115.0 3.688 3.200
5430 115.0 3.219 3.155
5440 115.0 3.773 3.074
5450 115.0 4.833 3.097
5460 115.0 3.702 3.309
5470 115.0 3.931 2.927
5480 115.0 3.778 3.119
5490 115.0 5.491 2.816
5500 115.0 6.359 2.018
5510 115.0 5.644 2.352
5320 116.0 14.920 6.824
5330 116.0 14.385 6.694
5340 116.0 13.850 6.565
5350 116.0 13.277 6.400
5360 116.0 12.693 6.227
5370 116.0 12.116 6.093
5380 116.0 11.542 5.986
5390 116.0 10.969 5.879
5400 116.0 11.907 5.915
5410 116.0 11.206 5.882
5420 116.0 10.608 6.831
5430 116.0 10.238 6.829
5440 116.0 10.135 6.199
5450 116.0 10.313 5.872
5460 116.0 10.242 6.777
5470 116.0 10.261 6.247
5480 116.0 9.863 6.405
5490 116.0 8.691 6.312
5500 116.0 8.376 7.412
5510 116.0 7.638 7.315
5340 117.0 12.081 12.386
5350 117.0 12.070 12.148
5360 117.0 12.060 11.909
5370 117.0 12.050 11.670
5380 117.0 12.040 11.432
5390 117.0 12.036 11.288
5400 117.0 12.033 11.155
5410 117.0 12.031 11.022
5420 117.0 12.090 10.827
5430 117.0 12.093 9.601
5440 117.0 12.297 9.126
5450 117.0 11.890 8.923
5460 117.0 12.119 8.633
5470 117.0 12.148 8.061
5480 117.0 12.121 7.085
5490 117.0 12.126 6.478
5500 117.0 12.063 6.405
5510 117.0 11.866 6.083
5520 117.0 11.864 5.194
5530 117.0 11.960 5.768
5370 120.0 15.050 4.230
5380 120.0 14.624 4.291
5390 120.0 14.197 4.352
5400 120.0 13.771 4.413
5410 120.0 13.345 4.475
5420 120.0 12.865 4.562
5430 120.0 12.372 4.656
5440 120.0 11.879 4.751
5450 120.0 12.112 5.041
5460 120.0 12.864 4.861
5470 120.0 11.918 5.356
5480 120.0 11.888 5.067
5490 120.0 11.196 5.107
5500 120.0 10.724 5.435
5510 120.0 10.287 5.492
5520 120.0 9.197 6.047
5530 120.0 9.297 5.761
5540 120.0 8.842 5.296
5550 120.0 8.611 6.937
5560 120.0 7.815 7.465
5370 122.0 15.148 3.094
5380 122.0 14.676 3.202
5390 122.0 14.204 3.311
5400 122.0 13.732 3.419
5410 122.0 13.268 3.505
5420 122.0 12.817 3.556
5430 122.0 12.366 3.607
5440 122.0 11.915 3.658
5450 122.0 12.073 3.821
5460 122.0 11.838 3.656
5470 122.0 11.821 4.165
5480 122.0 11.286 4.615
5490 122.0 10.842 4.727
5500 122.0 10.100 4.583
5510 122.0 10.427 4.775
5520 122.0 11.140 4.822
5530 122.0 9.887 5.285
5540 122.0 9.639 5.312
5550 122.0 7.672 6.401
5560 122.0 8.946 5.700
5380 124.0 15.006 3.842
5390 124.0 14.564 3.834
5400 124.0 14.121 3.826
5410 124.0 13.680 3.831
5420 124.0 13.253 3.953
5430 124.0 12.826 4.076
5440 124.0 12.400 4.199
5450 124.0 11.975 4.291
5460 124.0 12.299 4.060
5470 124.0 12.353 4.307
5480 124.0 11.647 4.703
5490 124.0 12.116 4.622
5500 124.0 10.915 5.075
5510 124.0 10.489 5.058
5520 124.0 9.925 5.344
5530 124.0 8.465 5.708
5540 124.0 8.992 5.341
5550 124.0 8.900 5.393
5560 124.0 9.903 5.100
5570 124.0 8.986 5.360
5400 96.0 5.324 5.492
5410 96.0 5.053 5.573
5420 96.0 4.782 5.654
5430 96.0 4.510 5.735
5440 96.0 4.263 5.796
5450 96.0 4.108 5.780
5460 96.0 3.954 5.764
5470 96.0 3.800 5.749
5480 96.0 3.764 5.984
5490 96.0 3.776 5.656
5500 96.0 3.396 5.821
5510 96.0 3.575 5.659
5520 96.0 3.267 5.553
5530 96.0 3.252 5.953
5540 96.0 2.321 6.017
5550 96.0 2.400 6.382
5560 96.0 2.085 6.562
5570 96.0 1.738 6.930
5580 96.0 1.436 7.151
5590 96.0 1.099 7.448
5410 126.0 14.920 3.331
5420 126.0 14.476 3.467
5430 126.0 14.033 3.604
5440 126.0 13.604 3.736
5450 126.0 13.210 3.859
5460 126.0 12.817 3.983
5470 126.0 12.420 4.099
5480 126.0 12.011 4.188
5490 126.0 11.714 4.432
5500 126.0 12.357 4.166
5510 126.0 11.459 4.843
5520 126.0 11.857 4.405
5530 126.0 11.867 4.521
5540 126.0 10.606 4.951
5550 126.0 9.606 5.347
5560 126.0 9.906 5.339
5570 126.0 9.303 5.833
5580 126.0 8.904 5.783
5590 126.0 9.168 5.986
5600 126.0 7.898 6.571
5420 127.0 14.768 4.157
5430 127.0 14.334 4.262
5440 127.0 13.900 4.366
5450 127.0 13.477 4.465
5460 127.0 13.079 4.551
5470 127.0 12.682 4.637
5480 127.0 12.284 4.724
5490 127.0 11.882 4.820
5500 127.0 11.611 5.074
5510 127.0 10.603 5.677
5520 127.0 10.764 5.855
5530 127.0 10.409 5.923
5540 127.0 9.643 6.081
5550 127.0 8.550 6.611
5560 127.0 7.120 7.213
5570 127.0 8.840 4.776
5580 127.0 9.446 5.612
5590 127.0 9.175 5.093
5600 127.0 7.988 6.561
5610 127.0 8.063 5.667
5430 99.0 5.566 7.165
5440 99.0 5.376 7.199
5450 99.0 5.186 7.234
5460 99.0 4.971 7.279
5470 99.0 4.719 7.339
5480 99.0 4.466 7.398
5490 99.0 4.214 7.458
5500 99.0 3.936 7.510
5510 99.0 3.540 7.429
5520 99.0 3.405 7.696
5530 99.0 3.287 7.708
5540 99.0 2.552 7.728
5550 99.0 2.820 7.336
5560 99.0 2.672 7.981
5570 99.0 2.646 7.939
5580 99.0 2.149 7.964
5590 99.0 1.895 8.728
5600 99.0 1.119 8.729
5610 99.0 0.608 8.819
5620 99.0 0.156 8.768
5430 129.0 0.316 2.630
5440 129.0 0.846 2.653
5450 129.0 1.375 2.676
5460 129.0 1.904 2.697
5470 129.0 2.425 2.697
5480 129.0 2.947 2.697
5490 129.0 3.468 2.697
5500 129.0 3.989 2.697
5510 129.0 3.009 2.628
5520 129.0 3.825 2.081
5530 129.0 3.358 2.259
5540 129.0 4.811 2.557
5550 129.0 4.525 2.347
5560 129.0 4.526 1.797
5570 129.0 5.217 1.783
5580 129.0 5.314 1.929
5590 129.0 5.995 1.113
5600 129.0 6.084 0.875
5610 129.0 6.958 1.276
5620 129.0 6.482 1.021
5430 130.0 0.316 3.580
5440 130.0 0.807 3.553
5450 130.0 1.298 3.527
5460 130.0 1.789 3.500
5470 130.0 2.273 3.479
5480 130.0 2.747 3.466
5490 130.0 3.220 3.453
5500 130.0 3.694 3.439
5510 130.0 2.840 3.365
5520 130.0 3.657 3.198
5530 130.0 3.964 2.914
5540 130.0 4.327 2.973
5550 130.0 4.953 2.677
5560 130.0 4.170 2.389
5570 130.0 5.036 2.329
5580 130.0 5.562 1.766
5590 130.0 4.800 1.918
5600 130.0 5.014 1.604
5610 130.0 5.072 1.612
5620 130.0 5.530 1.396
5440 102.0 5.144 6.550
5450 102.0 4.944 6.613
5460 102.0 4.714 6.629
5470 102.0 4.485 6.645
5480 102.0 4.255 6.661
5490 102.0 4.026 6.678
5500 102.0 3.767 6.700
5510 102.0 3.495 6.725
5520 102.0 3.727 6.715
5530 102.0 3.290 6.747
5540 102.0 2.993 7.229
5550 102.0 3.458 7.076
5560 102.0 2.502 7.362
5570 102.0 1.885 7.509
5580 102.0 2.193 8.080
5590 102.0 1.853 7.927
5600 102.0 2.336 7.702
5610 102.0 1.275 8.163
5620 102.0 0.989 8.156
5630 102.0 0.217 8.822
5540 118.0 12.211 7.818
5550 118.0 12.221 7.494
5560 118.0 12.231 7.170
5570 118.0 12.241 6.846
5580 118.0 12.219 6.551
5590 118.0 12.067 6.369
5600 118.0 11.916 6.188
5610 118.0 11.576 6.076
5620 118.0 11.830 4.985
5630 118.0 11.641 4.671
5640 118.0 11.713 4.139
5650 118.0 11.847 3.100
5660 118.0 11.683 2.446
5670 118.0 11.585 2.094
5680 118.0 11.680 0.980
5690 118.0 11.877 1.147
5700 118.0 11.845 0.395
5710 118.0 11.669 -0.292
5720 118.0 11.397 -0.174
5730 118.0 11.390 -0.096
5570 121.0 6.791 5.064
5580 121.0 6.448 5.020
5590 121.0 6.099 4.983
5600 121.0 5.749 4.945
5610 121.0 5.400 4.907
5620 121.0 5.051 4.869
5630 121.0 4.715 4.901
5640 121.0 4.379 4.933
5650 121.0 4.584 4.748
5660 121.0 3.909 5.080
5670 121.0 4.403 5.183
5680 121.0 4.298 5.264
5690 121.0 3.925 5.491
5700 121.0 3.458 5.520
5710 121.0 3.457 5.438
5720 121.0 2.882 5.500
5730 121.0 2.435 5.282
5740 121.0 1.940 5.578
5750 121.0 2.247 5.367
5760 121.0 1.995 5.882
5570 123.0 7.006 4.334
5580 123.0 6.667 4.255
5590 123.0 6.320 4.126
5600 123.0 5.973 3.997
5610 123.0 5.626 3.868
5620 123.0 5.263 3.755
5630 123.0 4.896 3.646
5640 123.0 4.529 3.537
5650 123.0 5.202 3.959
5660 123.0 5.025 4.212
5670 123.0 4.929 4.316
5680 123.0 4.899 4.196
5690 123.0 5.247 4.380
5700 123.0 4.552 4.415
5710 123.0 3.752 4.569
5720 123.0 3.027 5.327
5730 123.0 3.711 4.738
5740 123.0 3.029 5.042
5750 123.0 3.070 4.771
5760 123.0 2.558 4.909
5580 125.0 7.044 4.940
5590 125.0 6.712 4.940
5600 125.0 6.405 4.894
5610 125.0 6.125 4.803
5620 125.0 5.844 4.711
5630 125.0 5.563 4.619
5640 125.0 5.193 4.511
5650 125.0 4.763 4.391
5660 125.0 5.192 5.020
5670 125.0 4.994 5.072
5680 125.0 4.963 5.228
5690 125.0 5.093 5.580
5700 125.0 4.603 5.766
5710 125.0 4.100 5.932
5720 125.0 3.899 5.615
5730 125.0 3.932 5.691
5740 125.0 3.442 6.584
5750 125.0 2.356 6.635
5760 125.0 2.683 6.864
5770 125.0 1.279 7.260
5620 128.0 6.307 6.732
5630 128.0 5.838 6.784
5640 128.0 5.369 6.827
5650 128.0 4.899 6.870
5660 128.0 4.429 6.913
5670 128.0 3.999 6.930
5680 128.0 3.578 6.941
5690 128.0 3.157 6.952
5700 128.0 3.569 7.415
5710 128.0 2.717 7.904
5720 128.0 1.456 7.996
5730 128.0 2.387 8.084
5740 128.0 2.419 7.532
5750 128.0 1.026 7.591
5760 128.0 0.743 7.691
5770 128.0 1.220 7.536
5780 128.0 -0.797 9.051
5790 128.0 0.487 8.359
5800 128.0 0.233 8.357
5810 128.0 0.315 8.144
5710 131.0 14.964 2.530
5720 131.0 14.486 2.631
5730 131.0 14.008 2.732
5740 131.0 13.529 2.834
5750 131.0 13.062 2.860
5760 131.0 12.600 2.855
5770 131.0 12.138 2.850
5780 131.0 11.676 2.845
5790 131.0 11.732 3.503
5800 131.0 11.503 3.494
5810 131.0 11.370 3.697
5820 131.0 10.484 4.193
5830 131.0 9.425 4.529
5840 131.0 9.029 4.706
5850 131.0 8.486 5.076
5860 131.0 8.714 5.783
5870 131.0 9.648 5.268
5880 131.0 8.151 6.094
5890 131.0 8.858 5.537
5900 131.0 9.129 5.517
5740 119.0 6.765 7.013
5750 119.0 6.391 6.993
5760 119.0 6.017 6.973
5770 119.0 5.643 6.953
5780 119.0 5.285 6.948
5790 119.0 4.937 6.954
5800 119.0 4.590 6.959
5810 119.0 4.242 6.965
5820 119.0 4.583 7.205
5830 119.0 3.561 7.330
5840 119.0 3.547 7.456
5850 119.0 4.156 7.174
5860 119.0 3.910 7.517
5870 119.0 4.476 7.387
5880 119.0 3.991 7.259
5890 119.0 2.885 7.441
5900 119.0 2.542 7.553
5910 119.0 2.435 7.895
5920 119.0 1.472 7.699
5930 119.0 1.102 7.664
5860 132.0 0.479 5.797
5870 132.0 0.888 5.790
5880 132.0 1.297 5.783
5890 132.0 1.706 5.776
5900 132.0 2.105 5.744
5910 132.0 2.503 5.710
5920 132.0 2.901 5.675
5930 132.0 3.299 5.640
5940 132.0 3.825 4.854
5950 132.0 3.717 4.865
5960 132.0 3.830 4.557
5970 132.0 5.026 4.377
5980 132.0 4.773 4.476
5990 132.0 4.571 4.522
6000 132.0 5.847 4.224
6010 132.0 5.417 4.324
6020 132.0 6.036 3.346
6030 132.0 6.356 4.068
6040 132.0 4.969 3.836
6050 132.0 5.900 4.294
5860 133.0 0.262 4.935
5870 133.0 0.623 4.911
5880 133.0 0.985 4.886
5890 133.0 1.346 4.862
5900 133.0 1.733 4.833
5910 133.0 2.178 4.795
5920 133.0 2.623 4.757
5930 133.0 3.068 4.719
5940 133.0 2.872 3.827
5950 133.0 3.086 3.705
5960 133.0 4.038 3.314
5970 133.0 4.061 3.409
5980 133.0 4.986 2.676
5990 133.0 4.462 3.265
6000 133.0 6.156 2.452
6010 133.0 4.054 3.149
6020 133.0 6.932 2.199
6030 133.0 6.406 3.059
6040 133.0 6.841 2.367
6050 133.0 6.683 2.448
5920 134.0 14.562 3.954
5930 134.0 13.843 3.939
5940 134.0 13.123 3.923
5950 134.0 12.416 3.866
5960 134.0 11.730 3.747
5970 134.0 11.043 3.628
5980 134.0 10.356 3.508
5990 134.0 9.645 3.433
6000 134.0 10.137 3.631
6010 134.0 10.093 3.603
6020 134.0 9.281 4.337
6030 134.0 8.978 4.885
6040 134.0 9.935 4.085
6050 134.0 10.175 4.162
6060 134.0 9.737 3.718
6070 134.0 11.378 2.681
6080 134.0 9.183 3.202
6090 134.0 9.100 3.479
6100 134.0 8.935 3.638
6110 134.0 10.976 3.038
5980 135.0 14.685 3.531
5990 135.0 13.875 3.625
6000 135.0 13.065 3.720
6010 135.0 12.281 3.785
6020 135.0 11.597 3.739
6030 135.0 10.913 3.693
6040 135.0 10.229 3.646
6050 135.0 9.537 3.642
6060 135.0 9.843 4.279
6070 135.0 10.340 3.967
6080 135.0 9.727 3.970
6090 135.0 9.958 4.008
6100 135.0 9.622 3.878
6110 135.0 9.160 3.864
6120 135.0 9.362 3.033
6130 135.0 9.373 5.084
6140 135.0 8.595 4.058
6150 135.0 6.899 4.388
6160 135.0 9.099 3.819
6170 135.0 9.287 3.605
6070 136.0 0.132 7.060
6080 136.0 0.500 6.864
6090 136.0 0.868 6.668
6100 136.0 1.250 6.468
6110 136.0 1.749 6.236
6120 136.0 2.248 6.005
6130 136.0 2.747 5.773
6140 136.0 3.246 5.654
6150 136.0 3.657 5.840
6160 136.0 3.878 5.766
6170 136.0 4.985 5.100
6180 136.0 3.971 5.268
6190 136.0 5.129 4.958
6200 136.0 4.855 4.942
6210 136.0 6.340 4.205
6220 136.0 6.246 4.384
6230 136.0 5.677 4.584
6240 136.0 6.903 4.625
6250 136.0 6.012 4.415
6260 136.0 7.750 4.341
6070 137.0 0.363 8.044
6080 137.0 0.730 7.796
6090 137.0 1.096 7.549
6100 137.0 1.477 7.317
6110 137.0 1.916 7.149
6120 137.0 2.356 6.980
6130 137.0 2.795 6.812
6140 137.0 3.279 6.687
6150 137.0 2.781 6.657
6160 137.0 2.420 6.734
6170 137.0 3.374 6.214
6180 137.0 3.849 6.261
6190 137.0 3.103 6.288
6200 137.0 3.908 6.166
6210 137.0 3.488 6.384
6220 137.0 4.280 5.744
6230 137.0 4.581 5.600
6240 137.0 5.180 5.496
6250 137.0 5.532 5.005
6260 137.0 4.835 5.408
6130 138.0 15.153 4.063
6140 138.0 14.522 4.155
6150 138.0 13.891 4.246
6160 138.0 13.262 4.316
6170 138.0 12.641 4.297
6180 138.0 12.021 4.278
6190 138.0 11.400 4.259
6200 138.0 10.772 4.242
6210 138.0 12.300 4.013
6220 138.0 13.027 4.472
6230 138.0 11.351 4.466
6240 138.0 10.082 4.259
6250 138.0 9.518 4.621
6260 138.0 10.195 4.802
6270 138.0 9.639 4.913
6280 138.0 9.710 4.357
6290 138.0 9.905 4.869
6300 138.0 10.064 4.588
6310 138.0 9.130 5.808
6320 138.0 7.300 5.852
6140 139.0 14.785 3.214
6150 139.0 14.125 3.254
6160 139.0 13.466 3.294
6170 139.0 12.817 3.324
6180 139.0 12.186 3.341
6190 139.0 11.555 3.357
6200 139.0 10.923 3.374
6210 139.0 10.293 3.390
6220 139.0 10.428 3.320
6230 139.0 10.497 3.836
6240 139.0 10.654 3.171
6250 139.0 9.931 3.529
6260 139.0 9.605 3.252
6270 139.0 8.967 3.856
6280 139.0 10.861 2.896
6290 139.0 9.661 3.747
6300 139.0 10.604 3.341
6310 139.0 8.764 4.223
6320 139.0 8.371 3.877
6330 139.0 9.204 3.490
6280 140.0 0.142 2.481
6290 140.0 0.721 2.466
6300 140.0 1.300 2.451
6310 140.0 1.878 2.436
6320 140.0 2.412 2.452
6330 140.0 2.940 2.471
6340 140.0 3.468 2.491
6350 140.0 3.997 2.510
6360 140.0 3.073 2.771
6370 140.0 3.396 2.832
6380 140.0 3.946 2.287
6390 140.0 3.498 2.319
6400 140.0 4.809 2.042
6410 140.0 4.545 1.502
6420 140.0 4.740 2.297
6430 140.0 5.155 1.601
6440 140.0 5.134 1.604
6450 140.0 3.974 2.391
6460 140.0 5.551 1.523
6470 140.0 6.817 0.789
6290 141.0 0.223 3.078
6300 141.0 0.766 3.070
6310 141.0 1.309 3.062
6320 141.0 1.852 3.055
6330 141.0 2.406 3.089
6340 141.0 2.960 3.123
6350 141.0 3.514 3.157
6360 141.0 4.069 3.191
6370 141.0 3.129 2.818
6380 141.0 3.889 2.672
6390 141.0 4.683 3.127
6400 141.0 4.021 2.683
6410 141.0 4.829 2.280
6420 141.0 4.271 2.354
6430 141.0 4.832 2.791
6440 141.0 4.959 2.521
6450 141.0 6.496 2.252
6460 141.0 5.345 2.371
6470 141.0 5.978 3.112
6480 141.0 4.761 2.975
6400 142.0 0.448 3.413
6410 142.0 0.937 3.413
6420 142.0 1.426 3.413
6430 142.0 1.920 3.417
6440 142.0 2.425 3.431
6450 142.0 2.931 3.445
6460 142.0 3.436 3.459
6470 142.0 3.942 3.473
6480 142.0 2.646 3.379
6490 142.0 2.897 3.162
6500 142.0 2.909 3.274
6510 142.0 2.687 3.505
6520 142.0 2.928 3.212
6530 142.0 2.556 3.408
6540 142.0 3.045 3.670
6550 142.0 3.262 3.687
6560 142.0 3.060 3.681
6570 142.0 2.659 3.432
6580 142.0 3.023 3.475
6590 142.0 3.229 3.273
6400 143.0 0.399 2.562
6410 143.0 0.919 2.606
6420 143.0 1.440 2.650
6430 143.0 1.961 2.694
6440 143.0 2.475 2.724
6450 143.0 2.981 2.734
6460 143.0 3.487 2.743
6470 143.0 3.993 2.752
6480 143.0 3.503 2.576
6490 143.0 3.264 2.469
6500 143.0 2.853 3.029
6510 143.0 3.281 2.463
6520 143.0 4.030 2.202
6530 143.0 3.513 2.578
6540 143.0 3.779 3.183
6550 143.0 3.469 3.196
6560 143.0 4.034 2.791
6570 143.0 3.630 3.090
6580 143.0 3.980 3.303
6590 143.0 4.550 2.973
6480 144.0 14.943 5.274
6490 144.0 14.486 5.414
6500 144.0 14.029 5.554
6510 144.0 13.577 5.682
6520 144.0 13.176 5.705
6530 144.0 12.775 5.727
6540 144.0 12.373 5.750
6550 144.0 12.144 5.731
6560 144.0 11.762 6.271
6570 144.0 11.618 6.393
6580 144.0 10.921 6.589
6590 144.0 11.114 6.372
6600 144.0 9.786 6.905
6610 144.0 9.918 7.351
6620 144.0 10.868 6.640
6630 144.0 10.233 7.472
6640 144.0 10.172 6.726
6650 144.0 10.097 6.528
6660 144.0 8.553 7.132
6670 144.0 8.532 6.729
6510 145.0 14.877 4.441
6520 145.0 14.449 4.624
6530 145.0 14.021 4.807
6540 145.0 13.558 4.905
6550 145.0 13.041 4.876
6560 145.0 12.525 4.847
6570 145.0 12.013 4.817
6580 145.0 11.549 4.781
6590 145.0 11.693 5.338
6600 145.0 11.797 5.575
6610 145.0 11.795 5.076
6620 145.0 11.312 5.090
6630 145.0 10.334 6.097
6640 145.0 9.614 6.152
6650 145.0 9.165 6.174
6660 145.0 9.202 6.236
6670 145.0 8.864 6.749
6680 145.0 8.116 7.144
6690 145.0 9.176 6.436
6700 145.0 7.311 7.067
6520 146.0 15.009 5.192
6530 146.0 14.615 5.323
6540 146.0 14.221 5.454
6550 146.0 13.828 5.585
6560 146.0 13.386 5.569
6570 146.0 12.944 5.553
6580 146.0 12.502 5.537
6590 146.0 11.968 5.494
6600 146.0 12.975 5.902
6610 146.0 12.930 6.105
6620 146.0 12.164 6.344
6630 146.0 11.120 6.936
6640 146.0 10.552 7.358
6650 146.0 10.742 7.205
6660 146.0 9.998 7.703
6670 146.0 9.334 7.966
6680 146.0 8.240 8.513
6690 146.0 8.188 8.283
6700 146.0 7.167 9.485
6710 146.0 7.930 9.122
6530 147.0 0.316 6.229
6540 147.0 0.751 6.180
6550 147.0 1.187 6.130
6560 147.0 1.624 6.082
6570 147.0 2.079 6.050
6580 147.0 2.534 6.018
6590 147.0 2.989 5.986
6600 147.0 3.445 5.966
6610 147.0 3.156 6.071
6620 147.0 3.245 5.559
6630 147.0 3.238 5.482
6640 147.0 4.598 5.481
6650 147.0 4.500 4.958
6660 147.0 4.058 5.314
6670 147.0 5.472 4.992
6680 147.0 6.282 4.587
6690 147.0 6.378 5.131
6700 147.0 7.159 4.606
6710 147.0 6.656 4.817
6720 147.0 5.060 5.489
6530 148.0 0.210 6.945
6540 148.0 0.760 6.924
6550 148.0 1.308 6.903
6560 148.0 1.827 6.864
6570 148.0 2.332 6.816
6580 148.0 2.837 6.768
6590 148.0 3.293 6.749
6600 148.0 3.726 6.741
6610 148.0 3.433 6.858
6620 148.0 3.266 6.433
6630 148.0 2.929 6.235
6640 148.0 3.268 6.563
6650 148.0 3.928 6.640
6660 148.0 5.240 6.330
6670 148.0 5.226 6.167
6680 148.0 5.523 6.068
6690 148.0 5.727 5.862
6700 148.0 5.517 5.649
6710 148.0 5.189 5.682
6720 148.0 6.536 5.147
6530 149.0 0.274 3.675
6540 149.0 0.695 3.729
6550 149.0 1.115 3.783
6560 149.0 1.536 3.836
6570 149.0 1.957 3.890
6580 149.0 2.384 3.965
6590 149.0 2.811 4.040
6600 149.0 3.238 4.115
6610 149.0 2.965 4.191
6620 149.0 3.186 3.784
6630 149.0 3.010 3.539
6640 149.0 3.346 3.198
6650 149.0 3.132 3.562
6660 149.0 4.057 3.346
6670 149.0 4.716 3.576
6680 149.0 5.087 3.010
6690 149.0 5.385 2.198
6700 149.0 4.300 2.802
6710 149.0 5.670 2.831
6720 149.0 5.336 3.078
6600 150.0 0.527 4.677
6610 150.0 0.953 4.671
6620 150.0 1.379 4.665
6630 150.0 1.805 4.659
6640 150.0 2.234 4.649
6650 150.0 2.687 4.600
6660 150.0 3.141 4.551
6670 150.0 3.594 4.502
6680 150.0 2.716 4.173
6690 150.0 4.399 4.226
6700 150.0 4.795 3.429
6710 150.0 3.036 4.174
6720 150.0 4.685 4.063
6730 150.0 4.658 3.867
6740 150.0 3.805 4.132
6750 150.0 5.194 3.428
6760 150.0 5.354 4.182
6770 150.0 5.067 3.857
6780 150.0 6.556 3.121
6790 150.0 6.006 3.405
6610 151.0 0.556 3.836
6620 151.0 0.996 3.871
6630 151.0 1.436 3.906
6640 151.0 1.878 3.933
6650 151.0 2.345 3.887
6660 151.0 2.812 3.840
6670 151.0 3.279 3.793
6680 151.0 3.746 3.747
6690 151.0 3.129 3.453
6700 151.0 3.163 3.608
6710 151.0 3.646 3.082
6720 151.0 3.399 3.429
6730 151.0 4.962 3.026
6740 151.0 3.919 2.857
6750 151.0 4.688 3.299
6760 151.0 5.495 2.931
6770 151.0 4.892 3.034
6780 151.0 5.443 2.846
6790 151.0 5.357 3.199
6800 151.0 5.399 2.494
6770 152.0 14.987 3.722
6780 152.0 14.372 3.713
6790 152.0 13.758 3.703
6800 152.0 13.162 3.536
6810 152.0 12.578 3.265
6820 152.0 12.021 3.051
6830 152.0 11.505 2.920
6840 152.0 10.971 2.808
6850 152.0 12.286 3.292
6860 152.0 11.708 3.627
6870 152.0 11.113 3.066
6880 152.0 10.412 3.352
6890 152.0 11.088 3.103
6900 152.0 9.957 3.069
6910 152.0 10.458 3.230
6920 152.0 10.259 3.509
6930 152.0 11.178 3.063
6940 152.0 9.323 3.203
6950 152.0 9.835 3.080
6960 152.0 10.217 3.413
6810 153.0 0.708 3.954
6820 153.0 0.965 4.006
6830 153.0 1.221 4.058
6840 153.0 1.496 4.106
6850 153.0 1.930 4.113
6860 153.0 2.365 4.121
6870 153.0 2.799 4.129
6880 153.0 3.220 4.141
6890 153.0 2.253 4.395
6900 153.0 2.849 4.495
6910 153.0 2.859 4.240
6920 153.0 3.823 3.967
6930 153.0 3.872 4.213
6940 153.0 4.226 3.806
6950 153.0 5.085 3.653
6960 153.0 3.897 3.965
6970 153.0 4.383 4.346
6980 153.0 4.753 3.736
6990 153.0 4.887 3.426
7000 153.0 5.706 3.124
6810 154.0 0.160 3.225
6820 154.0 0.548 3.217
6830 154.0 0.937 3.210
6840 154.0 1.325 3.203
6850 154.0 1.762 3.196
6860 154.0 2.275 3.189
6870 154.0 2.788 3.183
6880 154.0 3.301 3.177
6890 154.0 2.865 2.719
6900 154.0 2.695 3.096
6910 154.0 2.921 2.742
6920 154.0 2.955 3.005
6930 154.0 2.984 2.532
6940 154.0 3.525 2.666
6950 154.0 2.666 2.880
6960 154.0 3.051 2.880
6970 154.0 3.155 2.477
6980 154.0 3.441 2.496
6990 154.0 3.975 2.635
7000 154.0 3.717 2.618
6980 155.0 0.232 3.174
6990 155.0 0.737 3.346
7000 155.0 1.242 3.518
7010 155.0 1.743 3.671
7020 155.0 2.241 3.807
7030 155.0 2.740 3.942
7040 155.0 3.241 4.049
7050 155.0 3.744 4.129
7060 155.0 2.553 3.753
7070 155.0 2.366 4.035
7080 155.0 2.593 3.983
7090 155.0 3.016 4.021
7100 155.0 2.624 3.468
7110 155.0 3.249 4.104
7120 155.0 2.767 3.511
7130 155.0 3.314 3.505
7140 155.0 3.748 4.060
7150 155.0 3.419 3.047
7160 155.0 3.835 3.367
7170 155.0 3.977 3.450
6980 156.0 -0.050 4.267
6990 156.0 0.496 4.399
7000 156.0 1.041 4.532
7010 156.0 1.587 4.664
7020 156.0 2.103 4.749
7030 156.0 2.615 4.829
7040 156.0 3.127 4.909
7050 156.0 3.660 4.984
7060 156.0 2.555 4.721
7070 156.0 3.068 4.165
7080 156.0 3.124 4.105
7090 156.0 2.868 4.222
7100 156.0 3.524 4.178
7110 156.0 3.322 4.665
7120 156.0 4.071 3.802
7130 156.0 4.192 4.093
7140 156.0 4.358 3.830
7150 156.0 4.561 4.307
7160 156.0 4.597 3.689
7170 156.0 5.763 3.564
7010 157.0 0.404 3.908
7020 157.0 0.908 3.965
7030 157.0 1.411 4.023
7040 157.0 1.915 4.081
7050 157.0 2.422 4.204
7060 157.0 2.930 4.326
7070 157.0 3.437 4.448
7080 157.0 3.949 4.566
7090 157.0 3.051 4.588
7100 157.0 3.216 4.539
7110 157.0 3.377 4.715
7120 157.0 3.058 4.482
7130 157.0 3.347 4.774
7140 157.0 2.861 4.460
7150 157.0 3.867 4.568
7160 157.0 3.558 4.977
7170 157.0 2.845 4.591
7180 157.0 3.733 4.073
7190 157.0 3.551 4.389
7200 157.0 3.807 4.838
7010 158.0 0.149 3.286
7020 158.0 0.705 3.311
7030 158.0 1.261 3.337
7040 158.0 1.818 3.362
7050 158.0 2.347 3.477
7060 158.0 2.873 3.602
7070 158.0 3.399 3.727
7080 158.0 3.925 3.852
7090 158.0 2.331 3.485
7100 158.0 2.741 3.290
7110 158.0 2.908 3.657
7120 158.0 3.609 3.512
7130 158.0 4.334 3.129
7140 158.0 3.179 3.693
7150 158.0 3.609 2.942
7160 158.0 3.538 3.335
7170 158.0 4.142 2.898
7180 158.0 3.106 3.049
7190 158.0 3.365 3.289
7200 158.0 3.905 3.211
7300 159.0 14.989 5.582
7310 159.0 14.695 5.590
7320 159.0 14.400 5.598
7330 159.0 14.105 5.606
7340 159.0 13.802 5.609
7350 159.0 13.495 5.609
7360 159.0 13.188 5.609
7370 159.0 12.880 5.609
7380 159.0 12.047 6.108
7390 159.0 12.333 5.690
7400 159.0 12.886 5.991
7410 159.0 11.535 6.346
7420 159.0 10.585 6.895
7430 159.0 10.693 6.629
7440 159.0 10.252 6.716
7450 159.0 9.784 7.033
7460 159.0 9.581 7.452
7470 159.0 8.801 7.593
7480 159.0 9.275 7.974
7490 159.0 9.116 7.910
7330 161.0 14.770 3.062
7340 161.0 14.326 3.214
7350 161.0 13.881 3.367
7360 161.0 13.437 3.519
7370 161.0 12.994 3.554
7380 161.0 12.551 3.511
7390 161.0 12.109 3.468
7400 161.0 11.666 3.426
7410 161.0 11.284 3.873
7420 161.0 10.696 4.402
7430 161.0 10.354 4.174
7440 161.0 11.126 4.172
7450 161.0 10.264 4.448
7460 161.0 10.435 4.386
7470 161.0 8.229 5.067
7480 161.0 8.933 4.703
7490 161.0 8.463 4.673
7500 161.0 8.384 5.022
7510 161.0 9.429 4.765
7520 161.0 9.248 5.055
7330 164.0 14.998 5.396
7340 164.0 14.651 5.331
7350 164.0 14.304 5.267
7360 164.0 13.957 5.202
7370 164.0 13.610 5.138
7380 164.0 13.157 5.131
7390 164.0 12.691 5.131
7400 164.0 12.227 5.131
7410 164.0 12.325 4.890
7420 164.0 12.984 4.937
7430 164.0 13.107 4.929
7440 164.0 12.818 5.035
7450 164.0 12.403 5.269
7460 164.0 11.982 5.468
7470 164.0 12.165 5.238
7480 164.0 11.883 5.446
7490 164.0 10.900 5.701
7500 164.0 10.309 5.313
7510 164.0 9.937 5.683
7520 164.0 10.313 5.096
7340 163.0 14.671 4.590
7350 163.0 14.306 4.551
7360 163.0 13.941 4.511
7370 163.0 13.548 4.480
7380 163.0 13.112 4.462
7390 163.0 12.675 4.445
7400 163.0 12.239 4.427
7410 163.0 11.804 4.403
7420 163.0 11.879 4.558
7430 163.0 12.144 4.651
7440 163.0 10.972 5.121
7450 163.0 10.507 5.296
7460 163.0 10.785 5.004
7470 163.0 10.217 4.902
7480 163.0 9.773 5.019
7490 163.0 9.794 5.711
7500 163.0 9.113 5.466
7510 163.0 9.868 5.586
7520 163.0 9.410 5.600
7530 163.0 8.882 5.099
7360 166.0 14.922 4.177
7370 166.0 14.444 4.009
7380 166.0 13.966 3.841
7390 166.0 13.488 3.673
7400 166.0 12.996 3.528
7410 166.0 12.470 3.435
7420 166.0 11.944 3.343
7430 166.0 11.418 3.250
7440 166.0 12.720 3.901
7450 166.0 12.240 3.656
7460 166.0 12.163 3.665
7470 166.0 11.469 3.619
7480 166.0 12.066 3.988
7490 166.0 11.982 4.271
7500 166.0 11.244 4.358
7510 166.0 11.061 4.228
7520 166.0 11.925 4.774
7530 166.0 9.348 5.490
7540 166.0 9.552 4.915
7550 166.0 10.321 4.592
7500 160.0 7.698 6.161
7510 160.0 7.251 6.227
7520 160.0 6.832 6.291
7530 160.0 6.433 6.353
7540 160.0 6.035 6.416
7550 160.0 5.636 6.479
7560 160.0 5.259 6.527
7570 160.0 4.887 6.571
7580 160.0 5.010 6.844
7590 160.0 4.887 6.882
7600 160.0 4.699 7.196
7610 160.0 3.467 7.629
7620 160.0 3.183 7.636
7630 160.0 3.720 7.422
7640 160.0 2.865 8.159
7650 160.0 1.201 8.662
7660 160.0 2.281 8.466
7670 160.0 0.970 9.218
7680 160.0 0.911 9.230
7690 160.0 2.163 9.264
7500 167.0 15.006 4.224
7510 167.0 14.480 4.296
7520 167.0 13.954 4.367
7530 167.0 13.428 4.439
7540 167.0 12.852 4.474
7550 167.0 12.276 4.509
7560 167.0 11.701 4.544
7570 167.0 11.186 4.582
7580 167.0 11.631 3.916
7590 167.0 11.534 4.378
7600 167.0 11.122 4.176
7610 167.0 10.414 4.046
7620 167.0 10.846 3.352
7630 167.0 9.789 3.946
7640 167.0 11.686 3.526
7650 167.0 9.565 3.333
7660 167.0 10.453 2.632
7670 167.0 10.753 3.194
7680 167.0 10.425 3.625
7690 167.0 10.892 3.433
7530 162.0 6.101 3.553
7540 162.0 5.704 3.580
7550 162.0 5.333 3.684
7560 162.0 4.962 3.788
7570 162.0 4.592 3.891
7580 162.0 4.221 3.995
7590 162.0 3.884 4.129
7600 162.0 3.597 4.308
7610 162.0 3.355 4.548
7620 162.0 3.533 4.706
7630 162.0 2.765 4.926
7640 162.0 2.341 4.734
7650 162.0 2.278 4.598
7660 162.0 1.331 5.323
7670 162.0 1.636 5.556
7680 162.0 2.039 4.882
7690 162.0 0.240 5.368
7700 162.0 -0.367 5.895
7710 162.0 0.250 5.968
7720 162.0 -0.552 6.206
7530 165.0 6.677 5.614
7540 165.0 6.325 5.692
7550 165.0 5.973 5.770
7560 165.0 5.620 5.848
7570 165.0 5.263 5.922
7580 165.0 4.860 5.951
7590 165.0 4.456 5.980
7600 165.0 4.052 6.009
7610 165.0 4.476 6.014
7620 165.0 3.806 6.438
7630 165.0 3.123 7.079
7640 165.0 3.126 6.800
7650 165.0 2.348 6.962
7660 165.0 1.648 7.274
7670 165.0 1.627 7.210
7680 165.0 1.490 7.401
7690 165.0 0.899 7.654
7700 165.0 1.109 7.002
7710 165.0 -0.244 8.397
7720 165.0 0.675 7.872
7630 168.0 0.081 3.313
7640 168.0 0.583 3.327
7650 168.0 1.084 3.341
7660 168.0 1.585 3.355
7670 168.0 2.103 3.374
7680 168.0 2.659 3.402
7690 168.0 3.214 3.431
7700 168.0 3.770 3.460
7710 168.0 2.726 3.664
7720 168.0 3.386 3.459
7730 168.0 3.369 3.632
7740 168.0 3.594 3.258
7750 168.0 3.454 3.426
7760 168.0 2.960 3.629
7770 168.0 4.255 3.346
7780 168.0 3.619 4.116
7790 168.0 4.916 3.467
7800 168.0 5.576 3.225
7810 168.0 5.401 3.015
7820 168.0 5.526 2.160
7670 169.0 15.131 4.621
7680 169.0 14.644 4.651
7690 169.0 14.158 4.681
7700 169.0 13.671 4.710
7710 169.0 13.181 4.691
7720 169.0 12.688 4.623
7730 169.0 12.195 4.555
7740 169.0 11.702 4.487
7750 169.0 12.588 4.824
7760 169.0 12.652 5.147
7770 169.0 11.193 5.150
7780 169.0 11.455 5.406
7790 169.0 11.791 5.982
7800 169.0 10.799 5.695
7810 169.0 10.197 6.050
7820 169.0 9.975 6.252
7830 169.0 10.436 6.222
7840 169.0 8.117 6.844
7850 169.0 8.281 6.856
7860 169.0 9.066 7.450
7700 171.0 14.932 3.519
7710 171.0 14.354 3.571
7720 171.0 13.775 3.623
7730 171.0 13.196 3.675
7740 171.0 12.713 3.731
7750 171.0 12.231 3.788
7760 171.0 11.748 3.844
7770 171.0 11.235 3.894
7780 171.0 11.331 4.619
7790 171.0 11.058 4.543
7800 171.0 10.296 4.570
7810 171.0 9.748 5.159
7820 171.0 9.873 4.979
7830 171.0 8.424 5.941
7840 171.0 10.210 5.064
7850 171.0 8.265 6.106
7860 171.0 9.583 5.563
7870 171.0 8.599 6.487
7880 171.0 7.268 6.728
7890 171.0 5.925 7.265
7760 172.0 0.141 2.857
7770 172.0 0.489 2.893
7780 172.0 0.837 2.930
7790 172.0 1.185 2.967
7800 172.0 1.533 3.004
7810 172.0 1.881 3.040
7820 172.0 2.273 3.062
7830 172.0 2.694 3.073
7840 172.0 2.200 3.106
7850 172.0 2.409 3.616
7860 172.0 2.030 3.554
7870 172.0 2.273 3.435
7880 172.0 2.428 3.357
7890 172.0 2.524 2.957
7900 172.0 3.315 3.217
7910 172.0 3.790 2.659
7920 172.0 3.627 3.436
7930 172.0 3.377 2.787
7940 172.0 4.380 2.917
7950 172.0 4.042 2.980
7770 173.0 -0.049 3.810
7780 173.0 0.390 3.831
7790 173.0 0.829 3.851
7800 173.0 1.268 3.872
7810 173.0 1.704 3.891
7820 173.0 2.111 3.901
7830 173.0 2.519 3.911
7840 173.0 2.927 3.921
7850 173.0 3.491 3.674
7860 173.0 2.200 3.758
7870 173.0 2.712 3.608
7880 173.0 3.019 3.581
7890 173.0 3.722 3.760
7900 173.0 3.931 4.053
7910 173.0 2.289 4.190
7920 173.0 3.962 3.807
7930 173.0 2.827 4.365
7940 173.0 2.337 4.010
7950 173.0 3.272 4.046
7960 173.0 3.341 3.807
7870 170.0 6.528 5.487
7880 170.0 6.087 5.644
7890 170.0 5.646 5.800
7900 170.0 5.228 5.956
7910 170.0 4.818 6.110
7920 170.0 4.408 6.265
7930 170.0 3.999 6.420
7940 170.0 3.612 6.517
7950 170.0 3.509 6.829
7960 170.0 2.856 7.257
7970 170.0 2.967 7.304
7980 170.0 2.944 7.055
7990 170.0 1.826 7.682
8000 170.0 1.914 7.931
8010 170.0 1.158 8.919
8020 170.0 1.196 8.837
8030 170.0 0.759 9.085
8040 170.0 0.824 8.844
8050 170.0 -1.194 9.849
8060 170.0 0.106 9.249
8360 174.0 0.245 3.588
8370 174.0 0.796 3.672
8380 174.0 1.348 3.756
8390 174.0 1.900 3.840
8400 174.0 2.447 3.897
8410 174.0 2.989 3.914
8420 174.0 3.530 3.931
8430 174.0 4.071 3.948
8440 174.0 2.569 3.670
8450 174.0 3.126 3.324
8460 174.0 3.590 3.359
8470 174.0 3.260 3.270
8480 174.0 3.769 3.142
8490 174.0 3.758 3.059
8500 174.0 4.131 3.160
8510 174.0 4.297 3.520
8520 174.0 4.809 3.197
8530 174.0 4.963 3.088
8540 174.0 4.930 3.330
8550 174.0 6.383 2.114
8400 175.0 15.225 6.579
8410 175.0 14.637 6.447
8420 175.0 14.049 6.315
8430 175.0 13.461 6.184
8440 175.0 12.850 6.065
8450 175.0 12.233 5.950
8460 175.0 11.616 5.835
8470 175.0 11.009 5.720
8480 175.0 12.147 5.442
8490 175.0 12.653 5.339
8500 175.0 11.081 5.956
8510 175.0 10.642 6.158
8520 175.0 11.361 5.920
8530 175.0 10.045 5.572
8540 175.0 10.014 6.616
8550 175.0 8.642 6.532
8560 175.0 9.280 6.188
8570 175.0 8.555 6.879
8580 175.0 8.726 6.709
8590 175.0 10.759 5.605
8550 183.0 0.462 8.765
8560 183.0 0.574 8.614
8570 183.0 0.686 8.463
8580 183.0 0.798 8.312
8590 183.0 0.846 8.173
8600 183.0 0.878 8.038
8610 183.0 0.910 7.903
8620 183.0 0.942 7.768
8630 183.0 1.018 7.867
8640 183.0 1.047 7.822
8650 183.0 0.873 7.450
8660 183.0 1.008 7.731
8670 183.0 1.210 7.535
8680 183.0 1.286 7.395
8690 183.0 1.233 7.150
8700 183.0 1.171 7.170
8710 183.0 1.310 6.990
8720 183.0 1.817 7.062
8730 183.0 1.996 6.322
8740 183.0 2.146 6.261
8580 176.0 7.183 -0.375
8590 176.0 6.941 0.305
8600 176.0 6.699 0.986
8610 176.0 6.367 1.865
8620 176.0 6.013 2.795
8630 176.0 5.732 3.166
8640 176.0 5.459 3.476
8650 176.0 5.235 3.767
8660 176.0 5.064 2.861
8670 176.0 4.829 3.151
8680 176.0 3.914 3.242
8690 176.0 3.586 2.952
8700 176.0 3.521 3.903
8710 176.0 3.132 4.380
8720 176.0 2.468 4.487
8730 176.0 1.892 4.449
8740 176.0 2.744 4.311
8750 176.0 1.785 3.933
8760 176.0 0.111 5.507
8770 176.0 2.050 4.440
8600 177.0 7.726 -0.290
8610 177.0 7.610 -0.035
8620 177.0 7.494 0.221
8630 177.0 7.378 0.476
8640 177.0 7.053 0.856
8650 177.0 6.705 1.251
8660 177.0 6.351 1.642
8670 177.0 5.985 2.021
8680 177.0 6.265 2.016
8690 177.0 6.161 1.900
8700 177.0 6.014 2.014
8710 177.0 5.936 2.335
8720 177.0 4.938 2.804
8730 177.0 4.507 2.777
8740 177.0 4.468 3.189
8750 177.0 5.044 2.797
8760 177.0 4.323 2.463
8770 177.0 3.194 3.709
8780 177.0 3.246 3.378
8790 177.0 2.530 3.766
8620 178.0 15.186 4.796
8630 178.0 14.727 4.959
8640 178.0 14.268 5.121
8650 178.0 13.799 5.223
8660 178.0 13.319 5.265
8670 178.0 12.840 5.306
8680 178.0 12.371 5.242
8690 178.0 11.908 5.108
8700 178.0 12.622 5.429
8710 178.0 12.186 5.816
8720 178.0 12.042 5.781
8730 178.0 11.938 6.165
8740 178.0 10.889 6.634
8750 178.0 11.089 6.600
8760 178.0 9.519 7.809
8770 178.0 9.865 7.344
8780 178.0 8.696 8.253
8790 178.0 8.307 8.694
8800 178.0 9.301 8.345
8810 178.0 9.396 8.369
8650 179.0 14.926 4.597
8660 179.0 14.527 4.671
8670 179.0 14.128 4.745
8680 179.0 13.707 4.792
8690 179.0 13.235 4.776
8700 179.0 12.764 4.759
8710 179.0 12.327 4.733
8720 179.0 11.942 4.692
8730 179.0 11.449 4.824
8740 179.0 11.397 5.416
8750 179.0 11.659 5.267
8760 179.0 11.350 5.473
8770 179.0 11.749 5.941
8780 179.0 10.160 6.447
8790 179.0 10.272 5.371
8800 179.0 10.192 5.831
8810 179.0 8.756 5.494
8820 179.0 9.589 6.668
8830 179.0 7.424 7.470
8840 179.0 8.387 7.691
8660 180.0 14.863 2.381
8670 180.0 14.247 2.440
8680 180.0 13.631 2.500
8690 180.0 13.021 2.524
8700 180.0 12.417 2.511
8710 180.0 11.813 2.498
8720 180.0 11.210 2.486
8730 180.0 10.603 2.511
8740 180.0 10.859 3.156
8750 180.0 9.999 4.029
8760 180.0 9.385 3.162
8770 180.0 9.578 2.831
8780 180.0 8.535 3.730
8790 180.0 10.354 3.535
8800 180.0 9.030 3.353
8810 180.0 11.971 2.069
8820 180.0 9.576 3.282
8830 180.0 9.540 2.683
8840 180.0 6.844 3.833
8850 180.0 9.751 2.839
8660 181.0 15.027 3.150
8670 181.0 14.444 3.194
8680 181.0 13.860 3.237
8690 181.0 13.233 3.289
8700 181.0 12.596 3.344
8710 181.0 11.959 3.399
8720 181.0 11.324 3.447
8730 181.0 10.698 3.482
8740 181.0 11.826 3.173
8750 181.0 10.883 4.050
8760 181.0 9.414 4.176
8770 181.0 9.433 3.724
8780 181.0 9.538 4.652
8790 181.0 8.333 5.137
8800 181.0 7.638 5.516
8810 181.0 8.560 5.118
8820 181.0 8.225 5.566
8830 181.0 9.994 4.668
8840 181.0 10.024 4.231
8850 181.0 7.030 6.006
8660 182.0 15.060 5.432
8670 182.0 14.519 5.523
8680 182.0 13.978 5.614
8690 182.0 13.527 5.673
8700 182.0 13.099 5.724
8710 182.0 12.670 5.776
8720 182.0 12.207 5.744
8730 182.0 11.744 5.712
8740 182.0 12.027 6.431
8750 182.0 12.415 6.301
8760 182.0 12.138 6.781
8770 182.0 11.694 7.060
8780 182.0 10.743 7.825
8790 182.0 9.790 7.802
8800 182.0 9.356 7.948
8810 182.0 9.730 8.320
8820 182.0 8.703 8.569
8830 182.0 8.754 8.677
8840 182.0 8.964 8.649
8850 182.0 8.180 9.802
8750 184.0 1.453 6.832
8760 184.0 1.440 6.823
8770 184.0 1.427 6.814
8780 184.0 1.414 6.806
8790 184.0 1.401 6.797
8800 184.0 1.388 6.788
8810 184.0 1.375 6.780
8820 184.0 1.362 6.771
8830 184.0 1.464 6.708
8840 184.0 1.465 6.716
8850 184.0 1.427 6.778
8860 184.0 1.394 6.830
8870 184.0 1.398 6.802
8880 184.0 1.414 6.883
8890 184.0 1.380 6.882
8900 184.0 1.296 6.904
8910 184.0 1.274 6.936
8920 184.0 1.269 6.823
8930 184.0 1.301 6.886
8940 184.0 1.293 6.821
