0 1.0 0.295 8.091
10 1.0 1.031 7.852
20 1.0 1.768 7.613
30 1.0 2.515 7.364
40 1.0 3.279 7.099
50 1.0 4.043 6.834
60 1.0 4.851 6.618
70 1.0 5.677 6.424
80 1.0 4.700 6.007
90 1.0 5.092 5.941
100 1.0 7.087 5.195
110 1.0 7.773 4.993
120 1.0 5.430 6.166
130 1.0 6.337 6.109
140 1.0 5.683 6.292
150 1.0 7.262 5.954
160 1.0 8.810 6.463
170 1.0 5.772 7.214
180 1.0 5.382 6.797
190 1.0 7.725 6.257
10 2.0 0.279 9.989
20 2.0 1.064 9.859
30 2.0 1.848 9.729
40 2.0 2.611 9.567
50 2.0 3.363 9.393
60 2.0 4.112 9.202
70 2.0 4.821 8.857
80 2.0 5.531 8.512
90 2.0 5.855 8.584
100 2.0 5.364 8.712
110 2.0 6.246 7.752
120 2.0 7.161 7.554
130 2.0 6.068 7.661
140 2.0 5.243 8.157
150 2.0 6.106 8.072
160 2.0 5.052 7.733
170 2.0 4.854 7.880
180 2.0 6.904 7.573
190 2.0 5.385 7.435
200 2.0 7.659 5.782
230 4.0 15.294 9.097
240 4.0 14.615 9.162
250 4.0 13.936 9.228
260 4.0 13.240 9.338
270 4.0 12.529 9.495
280 4.0 11.818 9.651
290 4.0 11.139 9.851
300 4.0 10.483 10.080
310 4.0 11.211 10.177
320 4.0 10.235 11.088
330 4.0 9.467 10.653
340 4.0 9.375 10.131
350 4.0 10.548 10.003
360 4.0 9.007 11.125
370 4.0 10.711 10.616
380 4.0 9.787 10.930
390 4.0 7.805 11.393
400 4.0 10.740 10.264
410 4.0 8.107 11.716
420 4.0 9.491 11.263
240 5.0 15.042 8.569
250 5.0 14.351 8.580
260 5.0 13.659 8.592
270 5.0 12.948 8.773
280 5.0 12.237 8.954
290 5.0 11.525 9.134
300 5.0 10.804 9.309
310 5.0 10.084 9.483
320 5.0 11.492 9.453
330 5.0 11.305 9.334
340 5.0 11.575 9.803
350 5.0 10.251 10.596
360 5.0 8.896 11.136
370 5.0 9.111 10.616
380 5.0 7.899 11.291
390 5.0 9.755 10.719
400 5.0 10.538 10.511
410 5.0 8.975 12.089
420 5.0 5.327 13.251
430 5.0 9.001 12.440
500 6.0 15.005 9.014
510 6.0 14.576 8.981
520 6.0 14.148 8.946
530 6.0 13.712 8.922
540 6.0 13.265 8.912
550 6.0 12.817 8.902
560 6.0 12.329 9.004
570 6.0 11.840 9.107
580 6.0 12.581 9.010
590 6.0 12.274 9.645
600 6.0 11.968 9.846
610 6.0 11.518 9.805
620 6.0 11.463 10.600
630 6.0 10.826 11.032
640 6.0 10.054 11.183
650 6.0 10.305 10.977
660 6.0 10.127 11.651
670 6.0 9.909 11.574
680 6.0 8.346 12.196
690 6.0 9.427 11.383
610 7.0 11.282 8.098
620 7.0 10.821 8.258
630 7.0 10.393 8.445
640 7.0 10.014 8.676
650 7.0 9.635 8.907
660 7.0 9.253 9.150
670 7.0 8.865 9.411
680 7.0 8.476 9.672
690 7.0 8.116 9.942
700 7.0 7.826 10.039
710 7.0 7.562 10.430
720 7.0 6.266 11.002
730 7.0 6.166 11.522
740 7.0 5.838 10.903
750 7.0 5.236 11.223
760 7.0 4.632 11.840
770 7.0 4.630 11.540
780 7.0 5.074 11.064
790 7.0 2.912 12.113
800 7.0 5.317 10.639
610 8.0 0.183 11.741
620 8.0 0.780 11.617
630 8.0 1.378 11.493
640 8.0 1.969 11.410
650 8.0 2.557 11.344
660 8.0 3.145 11.278
670 8.0 3.740 11.234
680 8.0 4.338 11.196
690 8.0 4.062 11.275
700 8.0 4.288 10.696
710 8.0 5.193 10.959
720 8.0 5.036 10.369
730 8.0 4.858 10.805
740 8.0 4.281 10.754
750 8.0 5.404 10.334
760 8.0 7.799 9.667
770 8.0 4.660 10.534
780 8.0 5.539 10.880
790 8.0 7.104 10.195
800 8.0 5.164 11.616
680 9.0 15.115 9.127
690 9.0 14.450 9.261
700 9.0 13.785 9.395
710 9.0 13.126 9.534
720 9.0 12.479 9.681
730 9.0 11.831 9.827
740 9.0 11.164 9.893
750 9.0 10.493 9.939
760 9.0 11.059 10.086
770 9.0 10.330 9.992
780 9.0 11.317 10.210
790 9.0 10.411 10.638
800 9.0 10.191 10.716
810 9.0 8.003 11.455
820 9.0 9.587 11.054
830 9.0 8.442 11.689
840 9.0 9.877 11.464
850 9.0 9.858 11.086
860 9.0 7.415 12.043
870 9.0 6.795 12.585
680 10.0 15.159 8.389
690 10.0 14.472 8.508
700 10.0 13.784 8.628
710 10.0 13.097 8.747
720 10.0 12.438 8.846
730 10.0 11.784 8.944
740 10.0 11.122 9.037
750 10.0 10.435 9.117
760 10.0 10.882 9.888
770 10.0 10.015 9.828
780 10.0 9.512 10.106
790 10.0 10.144 9.509
800 10.0 8.614 9.843
810 10.0 8.512 9.969
820 10.0 8.322 10.317
830 10.0 6.729 11.395
840 10.0 8.830 10.875
850 10.0 6.209 11.865
860 10.0 8.078 11.932
870 10.0 7.327 10.817
680 12.0 10.430 6.345
690 12.0 10.264 6.005
700 12.0 10.099 5.665
710 12.0 9.933 5.325
720 12.0 9.741 4.920
730 12.0 9.524 4.451
740 12.0 9.306 3.982
750 12.0 9.122 3.556
760 12.0 9.736 3.418
770 12.0 9.719 3.316
780 12.0 9.539 2.713
790 12.0 9.642 2.460
800 12.0 9.529 2.822
810 12.0 9.948 2.531
820 12.0 9.699 2.408
830 12.0 9.663 1.408
840 12.0 9.720 0.777
850 12.0 9.624 -1.092
860 12.0 9.702 -0.922
870 12.0 9.546 -0.469
750 11.0 0.088 7.704
760 11.0 0.636 7.441
770 11.0 1.183 7.179
780 11.0 1.733 6.910
790 11.0 2.297 6.618
800 11.0 2.860 6.325
810 11.0 3.427 6.039
820 11.0 4.023 5.807
830 11.0 4.008 5.734
840 11.0 3.247 5.901
850 11.0 3.421 5.994
860 11.0 3.970 5.540
870 11.0 4.880 5.436
880 11.0 5.389 4.935
890 11.0 5.903 4.355
900 11.0 5.039 4.657
910 11.0 6.662 3.987
920 11.0 6.893 3.886
930 11.0 8.515 3.440
940 11.0 6.140 4.548
890 13.0 15.111 8.759
900 13.0 14.495 8.776
910 13.0 13.879 8.793
920 13.0 13.255 8.833
930 13.0 12.602 8.965
940 13.0 11.949 9.096
950 13.0 11.298 9.246
960 13.0 10.653 9.439
970 13.0 11.654 9.341
980 13.0 11.576 9.061
990 13.0 10.597 10.107
1000 13.0 11.227 9.421
1010 13.0 10.133 9.622
1020 13.0 9.237 10.098
1030 13.0 8.620 10.364
1040 13.0 9.523 10.616
1050 13.0 9.904 10.176
1060 13.0 8.664 11.014
1070 13.0 8.712 11.275
1080 13.0 8.293 11.034
1130 18.0 15.426 8.393
1140 18.0 14.639 8.472
1150 18.0 13.852 8.552
1160 18.0 13.064 8.632
1170 18.0 12.270 8.799
1180 18.0 11.475 8.975
1190 18.0 10.682 9.135
1200 18.0 9.898 9.225
1210 18.0 11.022 9.286
1220 18.0 9.930 9.165
1230 18.0 10.067 9.147
1240 18.0 9.348 9.004
1250 18.0 10.067 8.282
1260 18.0 10.959 8.335
1270 18.0 9.570 8.992
1280 18.0 8.545 9.325
1290 18.0 10.215 9.607
1300 18.0 10.091 9.460
1310 18.0 10.882 9.281
1320 18.0 9.477 9.221
1140 21.0 1.136 7.652
1150 21.0 1.552 7.805
1160 21.0 1.967 7.958
1170 21.0 2.383 8.111
1180 21.0 2.813 8.267
1190 21.0 3.304 8.434
1200 21.0 3.795 8.601
1210 21.0 4.281 8.754
1220 21.0 3.054 8.744
1230 21.0 2.902 8.967
1240 21.0 3.411 8.252
1250 21.0 3.467 8.404
1260 21.0 3.783 8.279
1270 21.0 4.364 8.318
1280 21.0 3.491 8.957
1290 21.0 3.528 7.823
1300 21.0 4.265 8.280
1310 21.0 4.369 8.807
1320 21.0 4.877 8.527
1330 21.0 4.906 8.164
1160 19.0 12.242 7.491
1170 19.0 11.891 7.520
1180 19.0 11.540 7.549
1190 19.0 11.190 7.578
1200 19.0 10.763 7.634
1210 19.0 10.285 7.707
1220 19.0 9.808 7.780
1230 19.0 9.168 7.962
1240 19.0 9.632 7.843
1250 19.0 9.475 7.797
1260 19.0 8.580 8.257
1270 19.0 9.142 8.071
1280 19.0 8.031 8.232
1290 19.0 7.482 8.305
1300 19.0 7.695 9.089
1310 19.0 7.045 8.781
1320 19.0 5.773 9.886
1330 19.0 6.620 9.297
1340 19.0 5.742 10.156
1350 19.0 6.255 9.003
1200 20.0 11.991 8.161
1210 20.0 11.435 8.276
1220 20.0 10.879 8.390
1230 20.0 10.358 8.493
1240 20.0 9.851 8.590
1250 20.0 9.345 8.687
1260 20.0 8.766 8.735
1270 20.0 8.187 8.783
1280 20.0 7.989 9.473
1290 20.0 7.170 9.424
1300 20.0 7.754 9.120
1310 20.0 7.513 9.040
1320 20.0 6.150 10.311
1330 20.0 6.764 9.466
1340 20.0 5.559 10.428
1350 20.0 6.746 10.033
1360 20.0 5.272 9.532
1370 20.0 6.310 9.550
1380 20.0 6.758 9.139
1390 20.0 6.880 10.603
1230 25.0 3.849 4.590
1240 25.0 4.039 4.668
1250 25.0 4.229 4.747
1260 25.0 4.419 4.825
1270 25.0 4.609 4.903
1280 25.0 4.798 4.981
1290 25.0 4.988 5.060
1300 25.0 5.225 5.100
1310 25.0 4.879 5.035
1320 25.0 5.707 5.029
1330 25.0 4.984 4.982
1340 25.0 5.158 4.809
1350 25.0 4.758 5.083
1360 25.0 5.409 5.062
1370 25.0 5.474 4.713
1380 25.0 5.612 4.617
1390 25.0 5.964 4.458
1400 25.0 6.115 4.240
1410 25.0 6.193 4.451
1420 25.0 5.069 4.800
1310 22.0 14.781 5.883
1320 22.0 14.322 5.852
1330 22.0 13.863 5.821
1340 22.0 13.405 5.791
1350 22.0 12.965 5.789
1360 22.0 12.544 5.817
1370 22.0 12.123 5.845
1380 22.0 11.702 5.873
1390 22.0 11.075 6.569
1400 22.0 10.173 6.365
1410 22.0 9.828 6.830
1420 22.0 9.958 6.711
1430 22.0 9.332 7.118
1440 22.0 8.724 7.129
1450 22.0 9.558 6.768
1460 22.0 9.179 7.086
1470 22.0 9.238 7.019
1480 22.0 9.368 5.917
1490 22.0 7.886 6.690
1500 22.0 8.622 6.239
1310 23.0 14.939 5.155
1320 23.0 14.500 5.155
1330 23.0 14.060 5.155
1340 23.0 13.621 5.155
1350 23.0 13.176 5.166
1360 23.0 12.731 5.180
1370 23.0 12.285 5.194
1380 23.0 11.849 5.189
1390 23.0 11.572 6.295
1400 23.0 12.108 5.685
1410 23.0 11.909 5.776
1420 23.0 10.785 6.075
1430 23.0 9.932 5.695
1440 23.0 9.691 6.173
1450 23.0 9.549 5.722
1460 23.0 8.925 5.909
1470 23.0 8.744 6.162
1480 23.0 9.549 5.912
1490 23.0 8.249 6.710
1500 23.0 9.130 5.940
1310 24.0 14.936 4.413
1320 24.0 14.479 4.399
1330 24.0 14.022 4.385
1340 24.0 13.565 4.372
1350 24.0 13.126 4.347
1360 24.0 12.695 4.318
1370 24.0 12.263 4.289
1380 24.0 11.832 4.260
1390 24.0 12.353 4.696
1400 24.0 12.668 4.601
1410 24.0 12.627 4.851
1420 24.0 12.222 5.030
1430 24.0 11.789 4.961
1440 24.0 11.895 5.277
1450 24.0 10.626 5.535
1460 24.0 10.274 5.527
1470 24.0 10.733 5.188
1480 24.0 10.556 5.098
1490 24.0 9.923 5.766
1500 24.0 9.148 5.481
1370 27.0 6.367 0.491
1380 27.0 6.390 1.139
1390 27.0 6.412 1.787
1400 27.0 6.428 2.382
1410 27.0 6.440 2.955
1420 27.0 6.452 3.527
1430 27.0 6.461 4.085
1440 27.0 6.461 4.580
1450 27.0 6.331 4.811
1460 27.0 6.267 4.314
1470 27.0 6.214 4.431
1480 27.0 5.843 4.057
1490 27.0 6.003 4.514
1500 27.0 6.000 5.743
1510 27.0 6.066 6.957
1520 27.0 6.029 7.388
1530 27.0 6.352 8.829
1540 27.0 5.762 7.331
1550 27.0 6.583 8.081
1560 27.0 6.300 8.785
1430 26.0 8.171 6.327
1440 26.0 8.321 6.402
1450 26.0 8.470 6.478
1460 26.0 8.611 6.546
1470 26.0 8.743 6.607
1480 26.0 8.875 6.668
1490 26.0 9.007 6.729
1500 26.0 9.101 6.781
1510 26.0 9.123 6.378
1520 26.0 9.272 6.234
1530 26.0 9.238 6.291
1540 26.0 9.463 6.238
1550 26.0 9.497 6.065
1560 26.0 10.115 5.797
1570 26.0 9.657 6.023
1580 26.0 10.512 5.412
1590 26.0 10.616 5.670
1600 26.0 10.880 5.640
1610 26.0 11.170 5.068
1620 26.0 11.395 5.072
1560 28.0 9.766 9.217
1570 28.0 9.769 9.169
1580 28.0 9.771 9.120
1590 28.0 9.774 9.072
1600 28.0 9.776 9.024
1610 28.0 9.778 8.976
1620 28.0 9.781 8.927
1630 28.0 9.783 8.879
1640 28.0 9.854 8.788
1650 28.0 9.895 8.796
1660 28.0 9.838 8.820
1670 28.0 9.823 8.747
1680 28.0 9.938 8.679
1690 28.0 10.023 8.406
1700 28.0 9.996 8.478
1710 28.0 10.117 8.433
1720 28.0 10.123 8.314
1730 28.0 9.973 8.497
1740 28.0 10.141 8.182
1750 28.0 10.070 8.053
1560 29.0 0.844 7.509
1570 29.0 1.049 7.352
1580 29.0 1.254 7.195
1590 29.0 1.459 7.038
1600 29.0 1.664 6.881
1610 29.0 1.967 6.760
1620 29.0 2.295 6.647
1630 29.0 2.623 6.535
1640 29.0 3.170 6.406
1650 29.0 3.318 6.515
1660 29.0 3.739 6.473
1670 29.0 4.080 6.301
1680 29.0 4.096 5.932
1690 29.0 5.530 5.578
1700 29.0 4.861 5.753
1710 29.0 5.494 5.197
1720 29.0 5.955 5.252
1730 29.0 7.563 4.252
1740 29.0 8.158 3.664
1750 29.0 6.732 4.393
1780 30.0 12.813 9.162
1790 30.0 12.238 9.393
1800 30.0 11.663 9.623
1810 30.0 11.091 9.861
1820 30.0 10.527 10.115
1830 30.0 9.964 10.369
1840 30.0 9.398 10.622
1850 30.0 8.823 10.869
1860 30.0 8.385 10.948
1870 30.0 8.629 11.196
1880 30.0 7.214 11.961
1890 30.0 7.237 12.096
1900 30.0 6.366 12.407
1910 30.0 6.306 12.615
1920 30.0 7.188 12.380
1930 30.0 5.505 12.633
1940 30.0 7.007 11.624
1950 30.0 4.825 12.939
1960 30.0 5.169 13.148
1970 30.0 5.092 13.391
1780 31.0 1.784 11.060
1790 31.0 2.400 10.857
1800 31.0 3.016 10.654
1810 31.0 3.591 10.450
1820 31.0 4.140 10.245
1830 31.0 4.689 10.041
1840 31.0 5.321 9.899
1850 31.0 5.975 9.774
1860 31.0 5.715 9.637
1870 31.0 5.184 9.717
1880 31.0 5.717 9.468
1890 31.0 6.385 9.766
1900 31.0 7.581 8.927
1910 31.0 6.731 9.023
1920 31.0 7.926 8.652
1930 31.0 8.202 8.704
1940 31.0 8.352 8.516
1950 31.0 7.610 9.115
1960 31.0 7.353 9.040
1970 31.0 7.026 8.732
2040 33.0 0.146 10.352
2050 33.0 0.763 10.294
2060 33.0 1.380 10.237
2070 33.0 1.996 10.154
2080 33.0 2.613 9.974
2090 33.0 3.230 9.792
2100 33.0 3.825 9.619
2110 33.0 4.370 9.462
2120 33.0 3.904 9.573
2130 33.0 2.619 9.968
2140 33.0 4.100 9.275
2150 33.0 3.925 9.215
2160 33.0 4.180 9.525
2170 33.0 5.053 8.856
2180 33.0 5.841 8.677
2190 33.0 6.609 8.258
2200 33.0 5.585 8.670
2210 33.0 6.046 8.560
2220 33.0 6.421 8.359
2230 33.0 6.080 7.451
2110 35.0 0.182 8.361
2120 35.0 0.638 8.321
2130 35.0 1.094 8.281
2140 35.0 1.560 8.228
2150 35.0 2.040 8.153
2160 35.0 2.520 8.079
2170 35.0 2.993 8.024
2180 35.0 3.437 8.050
2190 35.0 2.240 8.241
2200 35.0 2.935 8.364
2210 35.0 3.021 8.138
2220 35.0 4.276 7.388
2230 35.0 3.833 7.801
2240 35.0 3.792 7.778
2250 35.0 4.400 7.194
2260 35.0 3.810 7.502
2270 35.0 4.071 7.699
2280 35.0 5.131 7.255
2290 35.0 4.922 6.901
2300 35.0 5.306 7.170
2150 36.0 14.859 6.125
2160 36.0 14.227 6.202
2170 36.0 13.596 6.278
2180 36.0 12.975 6.344
2190 36.0 12.369 6.391
2200 36.0 11.762 6.439
2210 36.0 11.103 6.487
2220 36.0 10.438 6.535
2230 36.0 10.223 6.605
2240 36.0 10.299 6.663
2250 36.0 10.691 6.348
2260 36.0 11.007 6.591
2270 36.0 10.211 6.846
2280 36.0 7.779 7.900
2290 36.0 8.681 7.415
2300 36.0 8.847 7.462
2310 36.0 8.519 7.945
2320 36.0 9.773 7.114
2330 36.0 9.341 6.809
2340 36.0 9.121 6.306
2200 37.0 6.003 12.440
2210 37.0 6.024 12.111
2220 37.0 6.046 11.782
2230 37.0 6.072 11.445
2240 37.0 6.109 11.091
2250 37.0 6.145 10.737
2260 37.0 6.175 10.379
2270 37.0 6.196 10.012
2280 37.0 6.116 9.878
2290 37.0 6.265 9.468
2300 37.0 6.154 8.565
2310 37.0 6.252 8.378
2320 37.0 6.380 7.499
2330 37.0 6.344 7.513
2340 37.0 6.698 6.487
2350 37.0 6.863 6.088
2360 37.0 6.774 5.324
2370 37.0 6.653 4.099
2380 37.0 6.896 5.347
2390 37.0 6.539 6.699
2440 40.0 14.886 6.563
2450 40.0 14.182 6.802
2460 40.0 13.477 7.040
2470 40.0 12.735 7.240
2480 40.0 11.989 7.435
2490 40.0 11.280 7.612
2500 40.0 10.587 7.781
2510 40.0 9.893 7.934
2520 40.0 9.472 7.949
2530 40.0 10.130 8.224
2540 40.0 10.137 8.874
2550 40.0 9.574 8.813
2560 40.0 8.597 9.553
2570 40.0 7.753 10.046
2580 40.0 8.199 9.342
2590 40.0 6.766 10.346
2600 40.0 7.626 10.899
2610 40.0 11.310 8.890
2620 40.0 9.749 10.970
2630 40.0 5.056 12.151
2440 41.0 15.281 9.021
2450 41.0 14.506 9.021
2460 41.0 13.732 9.021
2470 41.0 12.958 9.021
2480 41.0 12.151 9.196
2490 41.0 11.340 9.391
2500 41.0 10.535 9.598
2510 41.0 9.755 9.857
2520 41.0 10.581 9.495
2530 41.0 10.032 9.694
2540 41.0 9.518 10.138
2550 41.0 9.306 10.145
2560 41.0 9.753 9.702
2570 41.0 10.124 9.373
2580 41.0 10.137 9.083
2590 41.0 8.717 10.078
2600 41.0 9.951 10.215
2610 41.0 8.807 10.358
2620 41.0 9.175 10.640
2630 41.0 9.392 10.402
2730 43.0 15.235 9.047
2740 43.0 14.514 9.038
2750 43.0 13.793 9.029
2760 43.0 13.083 9.050
2770 43.0 12.409 9.193
2780 43.0 11.736 9.336
2790 43.0 11.073 9.602
2800 43.0 10.415 9.920
2810 43.0 11.205 10.550
2820 43.0 10.278 10.729
2830 43.0 10.730 10.446
2840 43.0 9.109 11.429
2850 43.0 9.233 11.481
2860 43.0 10.543 11.400
2870 43.0 10.198 11.511
2880 43.0 8.931 12.359
2890 43.0 9.815 11.787
2900 43.0 7.778 12.847
2910 43.0 10.809 11.931
2920 43.0 7.736 13.043
2730 44.0 10.049 6.892
2740 44.0 10.000 7.155
2750 44.0 9.951 7.418
2760 44.0 9.902 7.680
2770 44.0 9.841 7.998
2780 44.0 9.777 8.330
2790 44.0 9.706 8.588
2800 44.0 9.629 8.771
2810 44.0 9.757 9.227
2820 44.0 9.559 9.234
2830 44.0 9.557 9.605
2840 44.0 9.894 9.786
2850 44.0 9.683 10.333
2860 44.0 9.665 10.281
2870 44.0 9.722 10.973
2880 44.0 9.545 11.496
2890 44.0 9.471 11.096
2900 44.0 9.590 11.757
2910 44.0 9.348 12.397
2920 44.0 9.547 12.359
2950 46.0 15.113 7.655
2960 46.0 14.465 7.711
2970 46.0 13.818 7.766
2980 46.0 13.166 7.844
2990 46.0 12.503 7.976
3000 46.0 11.841 8.109
3010 46.0 11.213 8.249
3020 46.0 10.609 8.395
3030 46.0 10.923 8.449
3040 46.0 10.773 8.285
3050 46.0 11.055 8.570
3060 46.0 10.967 8.894
3070 46.0 10.272 9.302
3080 46.0 9.774 8.950
3090 46.0 8.349 9.886
3100 46.0 8.367 10.288
3110 46.0 8.620 9.605
3120 46.0 8.760 9.983
3130 46.0 8.832 9.428
3140 46.0 10.369 9.500
2960 47.0 14.691 8.306
2970 47.0 14.104 8.356
2980 47.0 13.515 8.413
2990 47.0 12.912 8.532
3000 47.0 12.309 8.651
3010 47.0 11.697 8.831
3020 47.0 11.084 9.018
3030 47.0 10.435 9.207
3040 47.0 10.807 9.072
3050 47.0 9.812 9.490
3060 47.0 10.556 9.553
3070 47.0 9.483 9.446
3080 47.0 10.195 9.382
3090 47.0 9.013 9.823
3100 47.0 8.788 9.558
3110 47.0 8.072 10.359
3120 47.0 10.085 9.406
3130 47.0 7.581 9.951
3140 47.0 9.218 10.141
3150 47.0 9.412 10.070
2960 48.0 14.707 9.007
2970 48.0 14.110 8.978
2980 48.0 13.512 8.950
2990 48.0 12.990 9.065
3000 48.0 12.467 9.180
3010 48.0 11.920 9.338
3020 48.0 11.315 9.596
3030 48.0 10.710 9.855
3040 48.0 11.349 9.760
3050 48.0 11.445 9.961
3060 48.0 10.046 10.394
3070 48.0 10.677 10.582
3080 48.0 9.434 10.830
3090 48.0 9.646 10.752
3100 48.0 8.375 11.201
3110 48.0 9.502 10.656
3120 48.0 8.419 11.966
3130 48.0 8.285 11.775
3140 48.0 7.248 12.537
3150 48.0 5.473 12.748
3010 49.0 8.891 8.481
3020 49.0 9.199 8.335
3030 49.0 9.506 8.188
3040 49.0 9.862 8.120
3050 49.0 10.264 8.130
3060 49.0 10.662 8.137
3070 49.0 11.037 8.128
3080 49.0 11.413 8.119
3090 49.0 11.485 7.907
3100 49.0 11.256 7.603
3110 49.0 11.009 7.851
3120 49.0 11.339 7.539
3130 49.0 11.426 7.639
3140 49.0 12.211 7.049
3150 49.0 12.256 7.160
3160 49.0 12.956 7.048
3170 49.0 12.965 7.190
3180 49.0 12.669 7.008
3190 49.0 13.623 6.869
3200 49.0 13.350 6.458
3040 50.0 0.112 10.188
3050 50.0 0.469 9.974
3060 50.0 0.827 9.759
3070 50.0 1.185 9.544
3080 50.0 1.547 9.360
3090 50.0 1.910 9.179
3100 50.0 2.273 8.997
3110 50.0 2.592 8.891
3120 50.0 2.972 8.727
3130 50.0 3.109 8.516
3140 50.0 4.142 7.866
3150 50.0 4.075 7.418
3160 50.0 6.380 6.741
3170 50.0 5.525 6.966
3180 50.0 5.331 6.936
3190 50.0 7.389 6.445
3200 50.0 7.365 6.440
3210 50.0 6.027 6.931
3220 50.0 6.243 6.762
3230 50.0 5.368 6.877
3100 52.0 0.118 12.916
3110 52.0 0.442 12.852
3120 52.0 0.766 12.788
3130 52.0 1.077 12.747
3140 52.0 1.382 12.716
3150 52.0 1.688 12.685
3160 52.0 1.940 12.641
3170 52.0 2.156 12.588
3180 52.0 2.373 12.393
3190 52.0 2.645 12.666
3200 52.0 2.522 12.667
3210 52.0 2.765 12.902
3220 52.0 3.267 12.780
3230 52.0 2.482 12.528
3240 52.0 4.552 12.055
3250 52.0 3.630 12.720
3260 52.0 4.980 13.190
3270 52.0 4.908 12.727
3280 52.0 4.868 12.727
3290 52.0 5.241 12.688
3200 54.0 14.702 9.063
3210 54.0 14.045 9.050
3220 54.0 13.343 9.157
3230 54.0 12.622 9.316
3240 54.0 11.954 9.510
3250 54.0 11.323 9.728
3260 54.0 10.689 9.946
3270 54.0 10.049 10.166
3280 54.0 9.848 10.835
3290 54.0 10.081 10.698
3300 54.0 9.904 9.925
3310 54.0 8.426 10.849
3320 54.0 9.372 11.536
3330 54.0 6.798 12.169
3340 54.0 7.979 12.038
3350 54.0 7.270 12.607
3360 54.0 9.828 11.105
3370 54.0 8.119 11.579
3380 54.0 4.919 13.679
3390 54.0 5.585 13.610
3240 51.0 4.206 8.429
3250 51.0 4.399 8.380
3260 51.0 4.735 8.292
3270 51.0 5.072 8.203
3280 51.0 5.409 8.114
3290 51.0 5.842 7.995
3300 51.0 6.274 7.876
3310 51.0 6.707 7.756
3320 51.0 7.270 7.483
3330 51.0 5.991 7.094
3340 51.0 7.586 6.809
3350 51.0 7.845 6.607
3360 51.0 7.721 6.625
3370 51.0 7.521 6.972
3380 51.0 9.639 6.279
3390 51.0 9.483 6.118
3400 51.0 10.263 5.925
3410 51.0 10.218 5.536
3420 51.0 11.819 5.722
3430 51.0 9.798 6.545
3300 53.0 3.967 10.755
3310 53.0 4.099 10.568
3320 53.0 4.230 10.382
3330 53.0 4.415 10.223
3340 53.0 4.600 10.064
3350 53.0 4.785 9.904
3360 53.0 4.984 9.729
3370 53.0 5.188 9.546
3380 53.0 5.078 9.586
3390 53.0 5.499 9.498
3400 53.0 6.243 9.222
3410 53.0 6.168 9.007
3420 53.0 6.775 8.859
3430 53.0 7.626 8.417
3440 53.0 7.854 7.871
3450 53.0 7.918 8.212
3460 53.0 8.141 7.811
3470 53.0 8.140 7.835
3480 53.0 9.790 6.569
3490 53.0 9.959 6.143
3460 55.0 -0.162 11.055
3470 55.0 0.728 10.958
3480 55.0 1.618 10.860
3490 55.0 2.498 10.782
3500 55.0 3.369 10.725
3510 55.0 4.240 10.667
3520 55.0 5.077 10.617
3530 55.0 5.893 10.573
3540 55.0 4.150 10.763
3550 55.0 4.374 10.630
3560 55.0 4.036 10.776
3570 55.0 5.313 9.360
3580 55.0 3.702 10.579
3590 55.0 5.242 9.849
3600 55.0 4.668 10.601
3610 55.0 4.690 10.266
3620 55.0 5.787 10.657
3630 55.0 6.642 9.815
3640 55.0 5.996 9.578
3650 55.0 7.934 9.506
3520 56.0 0.132 11.040
3530 56.0 0.816 10.938
3540 56.0 1.500 10.835
3550 56.0 2.181 10.742
3560 56.0 2.857 10.670
3570 56.0 3.533 10.597
3580 56.0 4.209 10.525
3590 56.0 4.888 10.440
3600 56.0 3.797 10.061
3610 56.0 4.125 10.429
3620 56.0 4.406 10.245
3630 56.0 4.831 9.323
3640 56.0 4.607 9.496
3650 56.0 5.229 9.321
3660 56.0 5.904 8.834
3670 56.0 5.181 9.121
3680 56.0 5.328 9.347
3690 56.0 5.839 9.154
3700 56.0 6.975 8.815
3710 56.0 4.618 10.569
3970 60.0 14.764 8.080
3980 60.0 14.000 8.292
3990 60.0 13.236 8.504
4000 60.0 12.553 8.806
4010 60.0 11.906 9.145
4020 60.0 11.256 9.497
4030 60.0 10.582 9.955
4040 60.0 9.909 10.413
4050 60.0 10.874 9.922
4060 60.0 10.580 10.098
4070 60.0 10.139 10.290
4080 60.0 10.418 10.668
4090 60.0 8.954 11.540
4100 60.0 8.060 11.864
4110 60.0 8.801 11.565
4120 60.0 9.907 10.561
4130 60.0 8.597 11.776
4140 60.0 5.971 13.064
4150 60.0 5.991 12.883
4160 60.0 11.066 10.434
3990 62.0 3.379 7.155
4000 62.0 3.688 7.436
4010 62.0 3.998 7.717
4020 62.0 4.307 7.998
4030 62.0 4.736 8.278
4040 62.0 5.285 8.559
4050 62.0 5.829 8.830
4060 62.0 6.352 9.069
4070 62.0 5.498 8.870
4080 62.0 5.615 8.066
4090 62.0 5.823 8.565
4100 62.0 5.730 8.251
4110 62.0 6.355 8.022
4120 62.0 6.177 8.065
4130 62.0 5.616 7.813
4140 62.0 5.637 7.950
4150 62.0 6.352 8.061
4160 62.0 6.629 8.013
4170 62.0 6.804 7.949
4180 62.0 7.311 7.981
4220 64.0 2.294 11.340
4230 64.0 2.925 11.140
4240 64.0 3.557 10.939
4250 64.0 4.180 10.707
4260 64.0 4.799 10.453
4270 64.0 5.417 10.200
4280 64.0 6.031 9.908
4290 64.0 6.640 9.558
4300 64.0 5.733 9.838
4310 64.0 6.051 9.828
4320 64.0 6.268 9.462
4330 64.0 6.232 9.227
4340 64.0 6.646 9.481
4350 64.0 5.479 9.296
4360 64.0 7.168 8.683
4370 64.0 8.405 7.953
4380 64.0 7.488 8.249
4390 64.0 7.883 7.985
4400 64.0 7.676 8.792
4410 64.0 7.578 8.650
4220 65.0 6.877 9.056
4230 65.0 6.742 9.588
4240 65.0 6.609 10.119
4250 65.0 6.417 10.683
4260 65.0 6.226 11.247
4270 65.0 6.044 11.685
4280 65.0 5.865 12.092
4290 65.0 5.680 12.478
4300 65.0 5.622 13.013
4310 65.0 5.775 12.593
4320 65.0 5.795 12.979
4330 65.0 5.854 12.772
4340 65.0 5.859 12.575
4350 65.0 5.619 13.197
4360 65.0 6.260 14.478
4370 65.0 5.378 13.475
4380 65.0 6.047 13.914
4390 65.0 5.880 15.979
4400 65.0 5.729 14.345
4410 65.0 5.743 17.619
4270 66.0 11.245 7.967
4280 66.0 10.843 8.112
4290 66.0 10.441 8.256
4300 66.0 10.039 8.401
4310 66.0 9.481 8.750
4320 66.0 8.922 9.098
4330 66.0 8.331 9.327
4340 66.0 7.691 9.375
4350 66.0 7.165 9.801
4360 66.0 7.640 9.289
4370 66.0 6.901 9.376
4380 66.0 5.938 10.108
4390 66.0 4.820 10.243
4400 66.0 5.633 10.002
4410 66.0 4.366 10.599
4420 66.0 4.452 10.382
4430 66.0 3.903 10.959
4440 66.0 4.030 11.262
4450 66.0 4.541 11.331
4460 66.0 4.037 11.471
4280 67.0 15.224 7.173
4290 67.0 14.450 7.106
4300 67.0 13.675 7.040
4310 67.0 12.888 6.993
4320 67.0 12.070 6.993
4330 67.0 11.253 6.993
4340 67.0 10.467 7.062
4350 67.0 9.695 7.162
4360 67.0 10.256 7.175
4370 67.0 10.943 7.403
4380 67.0 10.864 6.945
4390 67.0 9.633 8.247
4400 67.0 9.431 8.247
4410 67.0 8.916 8.667
4420 67.0 10.763 8.126
4430 67.0 9.831 7.782
4440 67.0 8.517 8.477
4450 67.0 11.419 7.762
4460 67.0 7.150 9.745
4470 67.0 9.614 9.748
4310 68.0 10.313 9.618
4320 68.0 9.892 9.484
4330 68.0 9.408 9.272
4340 68.0 8.829 8.944
4350 68.0 8.261 8.699
4360 68.0 7.698 8.478
4370 68.0 7.145 8.270
4380 68.0 6.609 8.067
4390 68.0 6.771 9.053
4400 68.0 6.979 9.197
4410 68.0 5.734 9.439
4420 68.0 5.320 8.877
4430 68.0 4.750 9.522
4440 68.0 5.057 9.280
4450 68.0 5.466 8.707
4460 68.0 5.871 9.269
4470 68.0 5.278 9.463
4480 68.0 6.298 8.542
4490 68.0 5.320 8.498
4500 68.0 4.112 9.071
4510 69.0 9.428 13.047
4520 69.0 9.374 12.790
4530 69.0 9.320 12.533
4540 69.0 9.266 12.276
4550 69.0 9.239 11.989
4560 69.0 9.239 11.670
4570 69.0 9.239 11.352
4580 69.0 9.245 11.037
4590 69.0 9.256 10.713
4600 69.0 9.465 10.908
4610 69.0 9.482 10.576
4620 69.0 9.184 10.095
4630 69.0 9.307 9.904
4640 69.0 9.282 8.686
4650 69.0 9.293 8.280
4660 69.0 9.367 8.600
4670 69.0 9.288 7.498
4680 69.0 9.367 6.792
4690 69.0 9.242 6.726
4700 69.0 9.541 6.580
4510 70.0 10.198 13.383
4520 70.0 10.227 13.070
4530 70.0 10.256 12.758
4540 70.0 10.268 12.460
4550 70.0 10.263 12.179
4560 70.0 10.257 11.897
4570 70.0 10.252 11.616
4580 70.0 10.273 11.304
4590 70.0 10.107 10.727
4600 70.0 10.253 10.460
4610 70.0 9.985 9.615
4620 70.0 10.103 9.002
4630 70.0 10.073 8.904
4640 70.0 9.924 8.122
4650 70.0 10.023 7.718
4660 70.0 9.776 7.710
4670 70.0 9.542 6.523
4680 70.0 9.282 5.391
4690 70.0 9.809 5.493
4700 70.0 9.943 6.457
4600 73.0 0.170 9.853
4610 73.0 0.818 9.816
4620 73.0 1.465 9.780
4630 73.0 2.099 9.725
4640 73.0 2.720 9.654
4650 73.0 3.342 9.558
4660 73.0 3.963 9.439
4670 73.0 4.583 9.318
4680 73.0 2.716 10.056
4690 73.0 2.407 9.658
4700 73.0 3.127 9.158
4710 73.0 3.910 9.756
4720 73.0 3.890 10.133
4730 73.0 3.909 9.937
4740 73.0 4.454 9.334
4750 73.0 5.747 8.168
4760 73.0 5.464 8.059
4770 73.0 6.340 8.454
4780 73.0 7.413 8.267
4790 73.0 5.478 8.371
4610 74.0 0.449 10.200
4620 74.0 1.178 10.123
4630 74.0 1.907 10.047
4640 74.0 2.593 10.002
4650 74.0 3.261 9.971
4660 74.0 3.919 9.920
4670 74.0 4.560 9.841
4680 74.0 5.214 9.762
4690 74.0 4.892 9.195
4700 74.0 4.102 9.331
4710 74.0 5.181 8.762
4720 74.0 4.913 8.674
4730 74.0 6.062 8.701
4740 74.0 7.159 7.541
4750 74.0 6.535 8.102
4760 74.0 5.320 8.443
4770 74.0 4.847 7.955
4780 74.0 7.489 7.236
4790 74.0 7.996 6.627
4800 74.0 8.188 6.424
4640 75.0 -0.100 11.481
4650 75.0 0.466 11.298
4660 75.0 1.033 11.114
4670 75.0 1.600 10.931
4680 75.0 2.176 11.006
4690 75.0 2.765 11.047
4700 75.0 3.458 10.859
4710 75.0 4.109 10.859
4720 75.0 3.721 10.137
4730 75.0 3.250 10.417
4740 75.0 3.689 10.084
4750 75.0 4.076 9.677
4760 75.0 3.937 9.541
4770 75.0 4.123 9.410
4780 75.0 5.423 9.175
4790 75.0 5.666 9.272
4800 75.0 5.549 9.326
4810 75.0 6.945 9.029
4820 75.0 6.194 8.264
4830 75.0 6.940 9.047
4680 76.0 0.328 7.055
4690 76.0 0.899 7.370
4700 76.0 1.470 7.686
4710 76.0 1.929 8.114
4720 76.0 2.340 8.592
4730 76.0 2.668 9.063
4740 76.0 2.940 9.530
4750 76.0 3.241 9.967
4760 76.0 2.433 8.598
4770 76.0 2.226 8.162
4780 76.0 1.940 7.639
4790 76.0 2.661 7.723
4800 76.0 3.053 7.716
4810 76.0 3.036 8.074
4820 76.0 2.559 7.575
4830 76.0 3.077 7.532
4840 76.0 3.329 7.633
4850 76.0 4.040 7.816
4860 76.0 3.280 7.363
4870 76.0 3.207 7.200
4690 77.0 -0.015 9.260
4700 77.0 0.584 9.021
4710 77.0 1.142 8.696
4720 77.0 1.660 8.289
4730 77.0 2.179 7.892
4740 77.0 2.789 7.542
4750 77.0 3.412 7.209
4760 77.0 4.067 6.983
4770 77.0 3.807 6.789
4780 77.0 3.690 6.892
4790 77.0 4.642 6.258
4800 77.0 4.703 5.775
4810 77.0 5.690 5.499
4820 77.0 6.911 5.525
4830 77.0 7.221 3.567
4840 77.0 5.823 4.912
4850 77.0 5.213 5.506
4860 77.0 7.981 3.648
4870 77.0 7.691 3.961
4880 77.0 8.502 4.603
4910 79.0 0.084 8.329
4920 79.0 0.538 8.329
4930 79.0 1.000 8.325
4940 79.0 1.530 8.281
4950 79.0 2.060 8.236
4960 79.0 2.582 8.178
4970 79.0 3.090 8.098
4980 79.0 3.599 8.019
4990 79.0 2.885 8.066
5000 79.0 2.558 8.314
5010 79.0 2.701 8.295
5020 79.0 3.702 7.663
5030 79.0 4.365 7.444
5040 79.0 4.490 7.369
5050 79.0 5.739 7.276
5060 79.0 4.289 7.218
5070 79.0 4.136 7.728
5080 79.0 3.877 8.172
5090 79.0 5.493 7.542
5100 79.0 7.348 7.180
4910 80.0 -0.039 8.821
4920 80.0 0.472 8.867
4930 80.0 0.983 8.912
4940 80.0 1.496 8.946
4950 80.0 2.010 8.975
4960 80.0 2.523 8.974
4970 80.0 3.034 8.854
4980 80.0 3.545 8.735
4990 80.0 2.866 9.136
5000 80.0 2.970 8.861
5010 80.0 3.491 8.452
5020 80.0 4.159 8.414
5030 80.0 3.935 8.780
5040 80.0 3.548 8.489
5050 80.0 4.488 8.481
5060 80.0 4.104 8.364
5070 80.0 4.967 8.401
5080 80.0 4.205 8.772
5090 80.0 4.185 8.415
5100 80.0 5.143 7.893
4960 82.0 14.943 9.930
4970 82.0 14.312 10.060
4980 82.0 13.680 10.189
4990 82.0 13.049 10.319
5000 82.0 12.449 10.435
5010 82.0 11.863 10.546
5020 82.0 11.277 10.657
5030 82.0 10.656 10.764
5040 82.0 10.243 11.088
5050 82.0 10.704 11.174
5060 82.0 10.140 11.802
5070 82.0 10.420 10.982
5080 82.0 10.041 11.552
5090 82.0 9.878 11.927
5100 82.0 11.015 11.155
5110 82.0 7.596 12.539
5120 82.0 7.761 12.298
5130 82.0 4.702 13.654
5140 82.0 11.969 12.702
5150 82.0 8.174 13.630
4960 83.0 15.153 8.933
4970 83.0 14.522 9.018
4980 83.0 13.891 9.103
4990 83.0 13.259 9.188
5000 83.0 12.598 9.299
5010 83.0 11.936 9.410
5020 83.0 11.282 9.541
5030 83.0 10.658 9.755
5040 83.0 11.591 9.940
5050 83.0 11.103 9.896
5060 83.0 10.639 10.671
5070 83.0 9.884 11.465
5080 83.0 9.341 11.785
5090 83.0 10.038 11.213
5100 83.0 9.760 11.742
5110 83.0 9.329 11.669
5120 83.0 7.858 12.676
5130 83.0 9.225 12.260
5140 83.0 8.542 12.729
5150 83.0 6.683 13.853
5010 84.0 0.180 11.602
5020 84.0 0.925 11.393
5030 84.0 1.670 11.184
5040 84.0 2.405 10.949
5050 84.0 3.134 10.701
5060 84.0 3.863 10.454
5070 84.0 4.609 10.200
5080 84.0 5.356 9.945
5090 84.0 4.157 9.946
5100 84.0 4.928 9.568
5110 84.0 4.325 9.629
5120 84.0 5.496 9.007
5130 84.0 6.077 9.065
5140 84.0 6.301 9.154
5150 84.0 6.430 8.552
5160 84.0 6.343 8.490
5170 84.0 5.200 8.655
5180 84.0 9.509 7.081
5190 84.0 9.759 6.608
5200 84.0 5.742 7.969
5230 87.0 5.098 11.218
5240 87.0 5.612 11.156
5250 87.0 6.127 11.094
5260 87.0 6.641 11.032
5270 87.0 7.149 10.932
5280 87.0 7.655 10.828
5290 87.0 8.161 10.723
5300 87.0 8.684 10.636
5310 87.0 7.869 10.087
5320 87.0 8.307 10.288
5330 87.0 9.904 9.607
5340 87.0 10.471 9.012
5350 87.0 10.294 9.769
5360 87.0 9.539 9.739
5370 87.0 9.580 9.521
5380 87.0 10.204 9.403
5390 87.0 10.336 9.591
5400 87.0 11.348 8.976
5410 87.0 11.424 8.870
5420 87.0 10.637 9.096
5240 88.0 14.842 8.292
5250 88.0 14.346 8.360
5260 88.0 13.850 8.428
5270 88.0 13.346 8.547
5280 88.0 12.839 8.688
5290 88.0 12.353 8.774
5300 88.0 11.889 8.804
5310 88.0 11.421 8.844
5320 88.0 10.521 9.651
5330 88.0 10.339 9.749
5340 88.0 10.408 9.609
5350 88.0 9.581 9.916
5360 88.0 8.580 11.353
5370 88.0 7.540 10.886
5380 88.0 8.390 10.572
5390 88.0 7.962 11.679
5400 88.0 8.631 10.510
5410 88.0 8.280 11.735
5420 88.0 8.193 11.953
5430 88.0 7.822 12.029
5240 89.0 14.810 8.876
5250 89.0 14.377 8.919
5260 89.0 13.943 8.963
5270 89.0 13.490 9.026
5280 89.0 12.961 9.171
5290 89.0 12.432 9.316
5300 89.0 11.902 9.460
5310 89.0 11.442 9.626
5320 89.0 11.273 9.878
5330 89.0 12.671 9.924
5340 89.0 11.312 9.981
5350 89.0 11.902 9.821
5360 89.0 10.222 9.952
5370 89.0 9.624 10.289
5380 89.0 9.861 9.616
5390 89.0 9.918 10.278
5400 89.0 9.885 10.299
5410 89.0 9.949 10.135
5420 89.0 9.094 10.822
5430 89.0 8.636 11.338
5270 90.0 15.242 7.443
5280 90.0 14.484 7.577
5290 90.0 13.727 7.711
5300 90.0 12.981 7.850
5310 90.0 12.266 8.003
5320 90.0 11.550 8.155
5330 90.0 10.863 8.333
5340 90.0 10.183 8.517
5350 90.0 10.891 8.465
5360 90.0 11.194 8.317
5370 90.0 10.267 7.931
5380 90.0 9.110 8.762
5390 90.0 9.526 8.407
5400 90.0 9.179 8.655
5410 90.0 8.318 8.770
5420 90.0 6.288 9.323
5430 90.0 8.541 9.476
5440 90.0 8.160 9.122
5450 90.0 7.648 10.104
5460 90.0 8.278 10.392
5300 91.0 2.649 8.875
5310 91.0 3.189 9.009
5320 91.0 3.728 9.144
5330 91.0 4.267 9.278
5340 91.0 4.821 9.395
5350 91.0 5.385 9.500
5360 91.0 5.959 9.599
5370 91.0 6.621 9.650
5380 91.0 5.262 9.077
5390 91.0 4.384 8.897
5400 91.0 4.685 9.444
5410 91.0 5.080 9.793
5420 91.0 4.755 9.179
5430 91.0 4.917 8.932
5440 91.0 4.979 8.760
5450 91.0 6.259 8.535
5460 91.0 5.536 8.702
5470 91.0 6.252 8.428
5480 91.0 6.469 7.901
5490 91.0 6.340 8.475
5410 92.0 0.360 12.524
5420 92.0 1.071 12.424
5430 92.0 1.781 12.325
5440 92.0 2.564 12.144
5450 92.0 3.355 11.955
5460 92.0 4.146 11.766
5470 92.0 4.778 11.570
5480 92.0 5.409 11.374
5490 92.0 4.719 11.353
5500 92.0 4.491 11.119
5510 92.0 5.203 10.612
5520 92.0 5.806 10.154
5530 92.0 5.874 10.027
5540 92.0 7.124 9.885
5550 92.0 6.434 10.061
5560 92.0 6.017 10.415
5570 92.0 5.802 10.293
5580 92.0 7.987 9.698
5590 92.0 7.512 10.433
5600 92.0 8.626 9.759
5410 93.0 0.511 13.619
5420 93.0 1.022 13.432
5430 93.0 1.533 13.244
5440 93.0 2.014 13.107
5450 93.0 2.465 13.022
5460 93.0 2.916 12.937
5470 93.0 3.450 12.828
5480 93.0 4.018 12.709
5490 93.0 3.876 12.833
5500 93.0 5.257 12.852
5510 93.0 5.153 12.855
5520 93.0 4.984 13.068
5530 93.0 4.974 12.879
5540 93.0 4.399 13.089
5550 93.0 3.766 13.390
5560 93.0 4.048 13.702
5570 93.0 4.467 12.774
5580 93.0 5.042 12.616
5590 93.0 4.546 13.713
5600 93.0 5.837 13.035
5480 94.0 0.358 11.885
5490 94.0 0.989 11.838
5500 94.0 1.621 11.790
5510 94.0 2.163 11.739
5520 94.0 2.705 11.679
5530 94.0 3.235 11.526
5540 94.0 3.766 11.374
5550 94.0 4.351 11.232
5560 94.0 3.524 11.161
5570 94.0 3.636 10.913
5580 94.0 4.145 10.759
5590 94.0 4.447 10.755
5600 94.0 4.692 10.495
5610 94.0 5.350 10.478
5620 94.0 5.288 9.999
5630 94.0 6.365 9.537
5640 94.0 6.447 9.983
5650 94.0 5.530 10.083
5660 94.0 6.305 9.590
5670 94.0 7.103 8.917
5660 95.0 0.031 12.330
5670 95.0 0.507 12.135
5680 95.0 0.982 11.941
5690 95.0 1.459 11.752
5700 95.0 1.942 11.610
5710 95.0 2.425 11.469
5720 95.0 2.937 11.326
5730 95.0 3.494 11.181
5740 95.0 4.148 10.863
5750 95.0 4.209 10.702
5760 95.0 4.210 10.448
5770 95.0 5.205 10.025
5780 95.0 5.372 9.931
5790 95.0 4.902 9.920
5800 95.0 6.985 9.411
5810 95.0 6.943 8.790
5820 95.0 7.244 9.014
5830 95.0 7.016 8.824
5840 95.0 6.970 8.058
5850 95.0 7.069 9.186
5670 96.0 0.229 11.467
5680 96.0 0.743 11.286
5690 96.0 1.256 11.104
5700 96.0 1.737 10.927
5710 96.0 2.204 10.750
5720 96.0 2.694 10.593
5730 96.0 3.220 10.466
5740 96.0 3.746 10.339
5750 96.0 3.209 10.249
5760 96.0 3.633 10.105
5770 96.0 3.938 10.049
5780 96.0 5.135 9.764
5790 96.0 5.369 9.486
5800 96.0 5.942 8.994
5810 96.0 6.292 8.792
5820 96.0 6.283 8.951
5830 96.0 6.251 9.008
5840 96.0 7.957 7.695
5850 96.0 7.086 8.781
5860 96.0 6.859 8.784
5970 97.0 14.796 8.119
5980 97.0 14.250 8.223
5990 97.0 13.705 8.328
6000 97.0 13.160 8.426
6010 97.0 12.616 8.511
6020 97.0 12.073 8.596
6030 97.0 11.520 8.698
6040 97.0 10.928 8.869
6050 97.0 11.011 8.667
6060 97.0 11.871 8.356
6070 97.0 10.715 9.164
6080 97.0 9.877 10.191
6090 97.0 9.471 9.738
6100 97.0 8.818 10.091
6110 97.0 8.299 10.210
6120 97.0 8.139 9.799
6130 97.0 7.922 9.911
6140 97.0 8.719 9.702
6150 97.0 8.460 10.086
6160 97.0 12.073 8.344
5970 98.0 14.748 8.769
5980 98.0 14.275 8.836
5990 98.0 13.801 8.903
6000 98.0 13.304 8.988
6010 98.0 12.752 9.115
6020 98.0 12.199 9.241
6030 98.0 11.650 9.369
6040 98.0 11.134 9.499
6050 98.0 11.809 9.847
6060 98.0 12.073 9.493
6070 98.0 11.279 9.690
6080 98.0 11.370 9.838
6090 98.0 11.124 10.046
6100 98.0 10.975 10.955
6110 98.0 10.068 10.745
6120 98.0 8.673 12.018
6130 98.0 9.442 11.494
6140 98.0 8.847 12.193
6150 98.0 8.839 11.825
6160 98.0 9.069 12.424
6040 99.0 14.923 8.732
6050 99.0 14.300 8.834
6060 99.0 13.676 8.936
6070 99.0 13.055 9.022
6080 99.0 12.439 9.084
6090 99.0 11.824 9.146
6100 99.0 11.192 9.235
6110 99.0 10.554 9.337
6120 99.0 10.976 10.038
6130 99.0 9.679 10.439
6140 99.0 9.539 9.802
6150 99.0 9.132 9.894
6160 99.0 8.545 10.905
6170 99.0 9.141 10.380
6180 99.0 9.888 10.156
6190 99.0 9.436 11.068
6200 99.0 9.397 11.258
6210 99.0 8.695 10.912
6220 99.0 5.016 12.993
6230 99.0 7.661 12.006
6290 104.0 0.542 13.766
6300 104.0 1.198 13.670
6310 104.0 1.853 13.575
6320 104.0 2.509 13.480
6330 104.0 3.161 13.386
6340 104.0 3.807 13.299
6350 104.0 4.452 13.211
6360 104.0 5.120 13.120
6370 104.0 4.960 13.405
6380 104.0 3.997 14.014
6390 104.0 4.604 13.606
6400 104.0 4.424 13.462
6410 104.0 5.108 13.630
6420 104.0 4.824 12.634
6430 104.0 5.976 13.196
6440 104.0 6.847 12.667
6450 104.0 5.331 13.330
6460 104.0 7.146 12.198
6470 104.0 5.545 12.789
6480 104.0 7.390 12.744
6360 105.0 -0.063 13.025
6370 105.0 0.358 12.964
6380 105.0 0.779 12.903
6390 105.0 1.200 12.842
6400 105.0 1.621 12.780
6410 105.0 2.076 12.719
6420 105.0 2.540 12.658
6430 105.0 3.004 12.597
6440 105.0 2.373 13.173
6450 105.0 3.373 12.695
6460 105.0 2.859 12.554
6470 105.0 3.643 12.643
6480 105.0 2.452 13.668
6490 105.0 2.578 13.114
6500 105.0 2.510 13.094
6510 105.0 3.127 13.329
6520 105.0 2.807 11.999
6530 105.0 2.540 12.905
6540 105.0 4.165 12.250
6550 105.0 4.665 12.114
6430 106.0 14.985 8.759
6440 106.0 14.404 8.768
6450 106.0 13.823 8.778
6460 106.0 13.237 8.847
6470 106.0 12.646 8.976
6480 106.0 12.056 9.104
6490 106.0 11.515 9.282
6500 106.0 10.980 9.467
6510 106.0 11.240 9.793
6520 106.0 11.290 9.842
6530 106.0 10.560 9.850
6540 106.0 10.736 9.869
6550 106.0 10.571 9.775
6560 106.0 10.370 10.039
6570 106.0 8.780 10.464
6580 106.0 9.176 10.284
6590 106.0 9.671 10.010
6600 106.0 10.173 9.579
6610 106.0 8.384 10.401
6620 106.0 8.947 9.977
6430 107.0 15.256 8.168
6440 107.0 14.633 8.228
6450 107.0 14.011 8.287
6460 107.0 13.388 8.354
6470 107.0 12.764 8.436
6480 107.0 12.139 8.518
6490 107.0 11.526 8.645
6500 107.0 10.927 8.839
6510 107.0 10.943 9.042
6520 107.0 10.467 9.733
6530 107.0 9.950 9.836
6540 107.0 8.962 9.926
6550 107.0 8.934 10.371
6560 107.0 11.512 8.255
6570 107.0 9.296 9.426
6580 107.0 7.858 10.718
6590 107.0 10.351 9.259
6600 107.0 8.766 9.875
6610 107.0 9.345 9.820
6620 107.0 9.478 10.068
6890 112.0 14.822 7.432
6900 112.0 14.138 7.575
6910 112.0 13.454 7.718
6920 112.0 12.808 7.883
6930 112.0 12.166 8.050
6940 112.0 11.499 8.203
6950 112.0 10.829 8.355
6960 112.0 10.210 8.506
6970 112.0 10.986 9.017
6980 112.0 10.467 8.969
6990 112.0 11.057 8.851
7000 112.0 9.551 10.155
7010 112.0 8.417 9.971
7020 112.0 10.328 8.799
7030 112.0 8.933 9.782
7040 112.0 8.383 10.602
7050 112.0 7.749 10.417
7060 112.0 9.080 10.253
7070 112.0 8.680 10.717
7080 112.0 9.511 10.298
6890 113.0 15.008 8.077
6900 113.0 14.358 8.208
6910 113.0 13.707 8.338
6920 113.0 13.098 8.473
6930 113.0 12.507 8.611
6940 113.0 11.917 8.748
6950 113.0 11.329 8.877
6960 113.0 10.742 9.007
6970 113.0 10.690 9.076
6980 113.0 10.840 9.515
6990 113.0 9.978 9.649
7000 113.0 10.019 9.909
7010 113.0 8.411 10.606
7020 113.0 8.969 10.135
7030 113.0 9.370 9.790
7040 113.0 8.799 10.305
7050 113.0 9.271 10.087
7060 113.0 8.176 10.483
7070 113.0 5.536 11.570
7080 113.0 9.051 9.745
7170 116.0 0.084 11.050
7180 116.0 0.602 10.967
7190 116.0 1.120 10.885
7200 116.0 1.610 10.795
7210 116.0 2.056 10.693
7220 116.0 2.503 10.592
7230 116.0 2.956 10.490
7240 116.0 3.470 10.375
7250 116.0 3.053 9.995
7260 116.0 3.861 9.447
7270 116.0 4.003 9.246
7280 116.0 4.643 8.967
7290 116.0 4.046 9.235
7300 116.0 5.663 8.317
7310 116.0 5.067 8.971
7320 116.0 4.898 9.274
7330 116.0 6.336 8.732
7340 116.0 5.905 9.315
7350 116.0 6.485 8.049
7360 116.0 6.332 8.018
7180 117.0 0.255 10.400
7190 117.0 0.755 10.300
7200 117.0 1.255 10.201
7210 117.0 1.765 10.106
7220 117.0 2.276 10.013
7230 117.0 2.792 9.914
7240 117.0 3.347 9.771
7250 117.0 3.903 9.628
7260 117.0 3.178 9.349
7270 117.0 2.631 9.541
7280 117.0 3.909 8.923
7290 117.0 3.970 9.023
7300 117.0 3.308 9.000
7310 117.0 4.023 8.687
7320 117.0 4.033 8.788
7330 117.0 5.335 8.555
7340 117.0 4.516 8.972
7350 117.0 4.801 9.101
7360 117.0 6.162 8.599
7370 117.0 4.808 8.670
