0 32.0 13.493 39.901
12 32.0 13.493 39.751
24 32.0 13.493 39.602
36 32.0 13.493 39.528
48 32.0 13.567 39.453
60 32.0 13.567 39.304
72 32.0 13.567 39.230
84 32.0 13.605 39.155
96 32.0 13.537 38.758
108 32.0 13.583 38.905
120 32.0 13.707 38.816
132 32.0 13.805 37.797
144 32.0 13.791 37.407
156 32.0 13.792 36.617
168 32.0 13.890 36.474
180 32.0 13.901 36.272
192 32.0 14.183 34.854
204 32.0 13.914 33.837
216 32.0 13.959 33.741
228 32.0 14.150 33.566
0 36.0 2.497 -8.815
12 36.0 2.497 -8.815
24 36.0 2.497 -8.815
36 36.0 2.497 -8.815
48 36.0 2.497 -8.815
60 36.0 2.497 -8.815
72 36.0 2.497 -8.815
84 36.0 2.497 -8.815
96 36.0 2.500 -8.830
108 36.0 2.582 -8.869
120 36.0 2.612 -8.799
132 36.0 2.476 -8.822
144 36.0 2.475 -8.869
156 36.0 2.561 -8.799
168 36.0 2.547 -8.821
180 36.0 2.499 -8.774
192 36.0 2.506 -8.713
204 36.0 2.464 -8.744
216 36.0 2.461 -8.756
228 36.0 2.423 -8.780
0 89.0 14.294 38.782
12 89.0 14.294 38.596
24 89.0 14.294 38.596
36 89.0 14.294 38.596
48 89.0 14.294 38.521
60 89.0 14.294 38.521
72 89.0 14.294 38.447
84 89.0 14.294 38.447
96 89.0 14.376 38.557
108 89.0 14.357 38.710
120 89.0 14.425 38.580
132 89.0 14.390 38.480
144 89.0 14.331 38.584
156 89.0 14.293 38.620
168 89.0 14.318 38.539
180 89.0 14.367 38.555
192 89.0 14.297 38.568
204 89.0 14.219 38.348
216 89.0 14.191 38.250
228 89.0 14.176 38.260
0 91.0 -4.380 17.854
12 91.0 -3.895 17.388
24 91.0 -3.261 17.239
36 91.0 -2.665 17.239
48 91.0 -2.031 17.239
60 91.0 -1.360 17.239
72 91.0 -0.727 17.090
84 91.0 -0.242 17.090
96 91.0 -0.670 16.708
108 91.0 -0.992 17.182
120 91.0 -0.403 16.648
132 91.0 0.095 16.840
144 91.0 0.302 16.967
156 91.0 0.682 16.834
168 91.0 0.147 17.165
180 91.0 0.646 17.040
192 91.0 0.224 17.517
204 91.0 -0.088 17.645
216 91.0 -0.188 16.927
228 91.0 1.424 17.299
0 93.0 -7.119 48.268
12 93.0 -7.194 47.802
24 93.0 -7.194 47.355
36 93.0 -7.045 46.889
48 93.0 -6.709 46.274
60 93.0 -6.299 45.827
72 93.0 -5.945 45.342
84 93.0 -5.591 44.746
96 93.0 -5.357 45.050
108 93.0 -5.586 45.258
120 93.0 -4.604 44.822
132 93.0 -4.241 44.763
144 93.0 -4.021 43.805
156 93.0 -2.720 43.074
168 93.0 -1.796 42.096
180 93.0 0.539 41.985
192 93.0 -0.531 42.947
204 93.0 -0.096 41.149
216 93.0 -3.147 44.366
228 93.0 0.779 40.586
0 95.0 -9.915 43.516
12 95.0 -9.579 44.597
24 95.0 -9.244 45.827
36 95.0 -8.834 46.889
48 95.0 -8.424 48.101
60 95.0 -7.939 49.331
72 95.0 -7.455 50.486
84 95.0 -7.045 51.716
96 95.0 -8.467 49.688
108 95.0 -8.559 48.624
120 95.0 -8.174 50.310
132 95.0 -9.018 48.431
144 95.0 -8.532 49.862
156 95.0 -7.958 52.090
168 95.0 -9.140 49.241
180 95.0 -8.487 51.473
192 95.0 -9.119 50.714
204 95.0 -8.513 52.784
216 95.0 -8.258 54.348
228 95.0 -8.645 47.525
24 97.0 -25.867 19.848
36 97.0 -25.047 19.848
48 97.0 -24.283 19.848
60 97.0 -23.463 19.848
72 97.0 -22.718 19.848
84 97.0 -21.898 19.848
96 97.0 -21.134 19.699
108 97.0 -20.388 19.699
120 97.0 -22.101 19.447
132 97.0 -21.638 18.901
144 97.0 -21.161 18.855
156 97.0 -21.832 19.118
168 97.0 -21.915 18.653
180 97.0 -20.849 18.531
192 97.0 -20.257 18.461
204 97.0 -19.913 18.286
216 97.0 -19.189 18.490
228 97.0 -20.514 18.376
240 97.0 -19.111 18.132
252 97.0 -17.850 17.410
180 99.0 -18.413 -13.400
192 99.0 -18.711 -12.952
204 99.0 -18.897 -12.468
216 99.0 -19.121 -12.020
228 99.0 -19.307 -11.424
240 99.0 -19.382 -10.940
252 99.0 -19.382 -10.343
264 99.0 -19.382 -9.877
276 99.0 -19.343 -9.676
288 99.0 -19.347 -9.593
300 99.0 -19.570 -9.103
312 99.0 -19.865 -8.938
324 99.0 -19.924 -8.302
336 99.0 -19.581 -7.348
348 99.0 -19.542 -7.167
360 99.0 -19.451 -7.254
372 99.0 -18.714 -6.997
384 99.0 -19.117 -6.997
396 99.0 -19.700 -3.391
408 99.0 -20.118 -8.524
228 100.0 -18.338 -13.250
240 100.0 -18.636 -12.952
252 100.0 -18.711 -12.486
264 100.0 -18.785 -11.946
276 100.0 -18.841 -11.499
288 100.0 -18.897 -10.940
300 100.0 -18.972 -10.492
312 100.0 -19.009 -10.045
324 100.0 -19.043 -9.987
336 100.0 -19.396 -9.471
348 100.0 -18.889 -8.979
360 100.0 -18.998 -8.760
372 100.0 -19.518 -8.095
384 100.0 -19.370 -8.689
396 100.0 -19.894 -8.744
408 100.0 -19.843 -6.923
420 100.0 -19.258 -8.293
432 100.0 -19.979 -5.152
444 100.0 -20.591 -8.719
456 100.0 -19.981 -7.556
240 33.0 13.847 37.701
252 33.0 13.865 37.701
264 33.0 13.865 37.552
276 33.0 13.865 37.403
288 33.0 13.903 37.310
300 33.0 13.940 37.217
312 33.0 13.940 37.068
324 33.0 13.940 36.993
336 33.0 13.850 36.943
348 33.0 13.820 36.465
360 33.0 13.790 36.100
372 33.0 13.890 35.701
384 33.0 14.091 35.495
396 33.0 13.771 35.081
408 33.0 14.121 34.937
420 33.0 13.839 33.722
432 33.0 13.919 34.139
444 33.0 13.869 33.515
456 33.0 13.940 32.547
468 33.0 14.085 32.526
240 37.0 2.497 -8.815
252 37.0 2.497 -8.815
264 37.0 2.497 -8.815
276 37.0 2.497 -8.815
288 37.0 2.497 -8.815
300 37.0 2.497 -8.815
312 37.0 2.497 -8.815
324 37.0 2.497 -8.815
336 37.0 2.552 -8.847
348 37.0 2.506 -8.859
360 37.0 2.565 -8.873
372 37.0 2.518 -8.890
384 37.0 2.521 -9.052
396 37.0 2.517 -9.066
408 37.0 2.468 -8.866
420 37.0 2.452 -8.917
432 37.0 2.503 -9.026
444 37.0 2.556 -8.958
456 37.0 2.582 -8.913
468 37.0 2.538 -8.916
240 90.0 14.406 38.000
252 90.0 14.406 37.925
264 90.0 14.406 37.925
276 90.0 14.406 37.925
288 90.0 14.406 37.851
300 90.0 14.406 37.851
312 90.0 14.406 37.776
324 90.0 14.425 37.776
336 90.0 14.334 37.787
348 90.0 14.436 37.709
360 90.0 14.407 37.769
372 90.0 14.436 37.753
384 90.0 14.389 37.736
396 90.0 14.426 37.803
408 90.0 14.418 37.715
420 90.0 14.410 37.736
432 90.0 14.451 37.722
444 90.0 14.466 37.829
456 90.0 14.396 37.860
468 90.0 14.365 37.849
240 92.0 6.591 16.942
252 92.0 6.286 16.954
264 92.0 5.981 16.966
276 92.0 5.676 16.978
288 92.0 5.371 16.990
300 92.0 5.066 17.003
312 92.0 4.762 17.015
324 92.0 4.457 17.027
336 92.0 4.058 17.572
348 92.0 4.071 17.858
360 92.0 3.428 17.605
372 92.0 2.739 18.083
384 92.0 2.851 18.120
396 92.0 1.745 18.612
408 92.0 1.219 18.830
420 92.0 0.315 18.947
432 92.0 1.837 18.860
444 92.0 0.230 18.859
456 92.0 1.516 18.954
468 92.0 0.587 20.017
240 94.0 -1.752 48.734
252 94.0 -1.565 49.181
264 94.0 -1.342 49.647
276 94.0 -1.155 50.113
288 94.0 -0.932 50.561
300 94.0 -0.745 51.026
312 94.0 -0.522 51.492
324 94.0 -0.373 51.865
336 94.0 -0.268 51.237
348 94.0 -0.360 51.437
360 94.0 -0.042 52.151
372 94.0 -0.113 51.584
384 94.0 -0.622 52.623
396 94.0 -0.306 53.101
408 94.0 0.190 54.052
420 94.0 0.395 52.595
432 94.0 -0.063 54.363
444 94.0 0.478 53.504
456 94.0 0.561 55.669
468 94.0 -0.155 53.034
240 96.0 -6.814 52.214
252 96.0 -6.812 52.218
264 96.0 -6.810 52.222
276 96.0 -6.808 52.226
288 96.0 -6.806 52.230
300 96.0 -6.804 52.234
312 96.0 -6.802 52.239
324 96.0 -6.800 52.243
336 96.0 -6.848 52.242
348 96.0 -6.907 52.234
360 96.0 -6.894 52.164
372 96.0 -6.873 52.038
384 96.0 -6.858 52.070
396 96.0 -6.797 52.095
408 96.0 -6.783 52.098
420 96.0 -6.772 52.143
432 96.0 -6.741 52.150
444 96.0 -6.725 52.128
456 96.0 -6.688 52.030
468 96.0 -6.678 52.035
264 98.0 -10.157 19.699
276 98.0 -9.411 19.699
288 98.0 -8.591 19.699
300 98.0 -7.827 19.699
312 98.0 -7.007 19.699
324 98.0 -6.243 19.699
336 98.0 -5.423 19.699
348 98.0 -4.473 19.699
360 98.0 -6.215 19.859
372 98.0 -6.506 20.127
384 98.0 -5.563 19.323
396 98.0 -6.923 19.638
408 98.0 -6.473 19.686
420 98.0 -7.161 19.744
432 98.0 -6.395 19.567
444 98.0 -6.365 19.113
456 98.0 -6.729 19.601
468 98.0 -5.325 19.161
480 98.0 -5.984 19.408
492 98.0 -5.127 19.652
276 7.0 -3.988 -13.921
288 7.0 -4.137 -13.474
300 7.0 -4.193 -13.027
312 7.0 -4.324 -12.393
324 7.0 -4.473 -11.946
336 7.0 -4.547 -11.499
348 7.0 -4.678 -11.014
360 7.0 -4.734 -10.567
372 7.0 -4.343 -10.547
384 7.0 -4.627 -9.968
396 7.0 -4.251 -9.575
408 7.0 -4.324 -8.994
420 7.0 -4.729 -8.558
432 7.0 -4.438 -9.403
444 7.0 -4.663 -7.960
456 7.0 -4.352 -7.692
468 7.0 -3.842 -6.574
480 7.0 -4.036 -8.173
492 7.0 -4.889 -7.730
504 7.0 -4.695 -6.034
276 26.0 -5.088 -14.089
288 26.0 -5.144 -13.623
300 26.0 -5.293 -13.250
312 26.0 -5.367 -12.803
324 26.0 -5.442 -12.319
336 26.0 -5.535 -11.871
348 26.0 -5.628 -11.499
360 26.0 -5.703 -11.014
372 26.0 -5.357 -11.236
384 26.0 -5.670 -10.777
396 26.0 -5.655 -10.746
408 26.0 -5.722 -10.681
420 26.0 -5.720 -9.731
432 26.0 -5.764 -9.867
444 26.0 -5.684 -8.689
456 26.0 -5.662 -8.243
468 26.0 -5.831 -8.880
480 26.0 -5.480 -8.729
492 26.0 -5.908 -7.976
504 26.0 -5.854 -6.740
480 34.0 14.760 35.018
492 34.0 14.909 34.869
504 34.0 14.835 34.869
516 34.0 14.667 35.018
528 34.0 14.499 35.241
540 34.0 14.387 35.465
552 34.0 14.220 35.689
564 34.0 14.015 35.856
576 34.0 13.983 36.048
588 34.0 13.506 36.081
600 34.0 13.977 36.001
612 34.0 13.402 36.216
624 34.0 13.116 36.283
636 34.0 12.781 36.426
648 34.0 12.762 36.385
660 34.0 12.896 36.338
672 34.0 12.500 36.766
684 34.0 11.789 36.821
696 34.0 11.646 37.127
708 34.0 10.938 37.598
480 38.0 2.497 -8.815
492 38.0 2.497 -8.815
504 38.0 2.460 -8.890
516 38.0 2.460 -8.890
528 38.0 2.460 -8.890
540 38.0 2.460 -8.890
552 38.0 2.460 -8.890
564 38.0 2.460 -8.890
576 38.0 2.380 -8.826
588 38.0 2.485 -8.844
600 38.0 2.486 -8.813
612 38.0 2.485 -8.827
624 38.0 2.453 -8.858
636 38.0 2.405 -8.892
648 38.0 2.460 -8.923
660 38.0 2.416 -8.885
672 38.0 2.438 -8.857
684 38.0 2.418 -8.859
696 38.0 2.430 -8.825
708 38.0 2.415 -8.792
504 31.0 -20.370 1.062
516 31.0 -20.668 1.547
528 31.0 -21.003 1.994
540 31.0 -21.264 2.441
552 31.0 -21.618 2.926
564 31.0 -21.898 3.373
576 31.0 -22.233 3.820
588 31.0 -22.569 4.156
600 31.0 -22.031 4.017
612 31.0 -22.052 4.093
624 31.0 -22.250 3.649
636 31.0 -22.320 3.628
648 31.0 -23.160 4.375
660 31.0 -22.764 4.838
672 31.0 -23.203 4.644
684 31.0 -23.458 4.875
696 31.0 -23.507 5.584
708 31.0 -23.624 5.615
720 31.0 -22.955 4.990
732 31.0 -24.467 6.507
504 145.0 14.555 36.621
516 145.0 14.220 36.621
528 145.0 13.884 36.621
540 145.0 13.549 36.621
552 145.0 13.195 36.621
564 145.0 12.840 36.621
576 145.0 12.654 36.770
588 145.0 12.430 36.770
600 145.0 12.182 37.015
612 145.0 11.661 36.591
624 145.0 11.439 36.067
636 145.0 11.597 36.359
648 145.0 10.632 36.693
660 145.0 10.943 36.417
672 145.0 9.843 36.518
684 145.0 10.089 37.592
696 145.0 10.090 37.617
708 145.0 9.836 37.544
720 145.0 9.252 36.997
732 145.0 9.322 37.696
516 8.0 -6.299 -4.119
528 8.0 -6.485 -3.597
540 8.0 -6.709 -3.150
552 8.0 -6.933 -2.665
564 8.0 -7.156 -2.143
576 8.0 -7.343 -1.677
588 8.0 -7.678 -1.286
600 8.0 -7.976 -0.988
612 8.0 -8.049 -0.974
624 8.0 -8.588 -0.912
636 8.0 -8.115 0.002
648 8.0 -8.748 0.270
660 8.0 -8.281 0.482
672 8.0 -7.871 0.939
684 8.0 -9.056 1.149
696 8.0 -7.892 0.306
708 8.0 -8.450 1.212
720 8.0 -8.401 1.818
732 8.0 -8.712 2.456
744 8.0 -9.367 1.609
516 27.0 -7.045 -5.200
528 27.0 -7.305 -4.603
540 27.0 -7.529 -4.119
552 27.0 -7.753 -3.671
564 27.0 -8.051 -3.056
576 27.0 -8.237 -2.590
588 27.0 -8.517 -2.143
600 27.0 -8.796 -1.677
612 27.0 -8.941 -1.984
624 27.0 -8.972 -1.708
636 27.0 -9.424 -1.337
648 27.0 -9.699 -0.857
660 27.0 -10.616 -0.096
672 27.0 -10.844 -0.229
684 27.0 -9.790 -0.904
696 27.0 -10.847 0.462
708 27.0 -9.708 0.096
720 27.0 -12.672 2.100
732 27.0 -11.366 0.292
744 27.0 -12.467 2.123
720 35.0 9.970 40.460
732 35.0 9.635 40.609
744 35.0 9.355 40.907
756 35.0 9.001 41.056
768 35.0 8.666 41.205
780 35.0 8.330 41.522
792 35.0 7.920 41.839
804 35.0 7.566 42.137
816 35.0 7.669 42.250
828 35.0 7.553 42.418
840 35.0 7.480 42.454
852 35.0 7.467 42.478
864 35.0 6.416 42.663
876 35.0 5.862 42.905
888 35.0 4.951 43.914
900 35.0 4.629 43.576
912 35.0 3.878 44.025
924 35.0 4.475 43.857
936 35.0 3.551 43.718
948 35.0 3.111 44.165
720 39.0 2.460 -8.964
732 39.0 2.460 -8.964
744 39.0 2.460 -8.964
756 39.0 2.460 -8.964
768 39.0 2.460 -8.964
780 39.0 2.460 -8.964
792 39.0 2.460 -8.964
804 39.0 2.460 -8.964
816 39.0 2.454 -9.021
828 39.0 2.490 -9.059
840 39.0 2.449 -9.151
852 39.0 2.503 -9.203
864 39.0 2.506 -9.202
876 39.0 2.489 -9.174
888 39.0 2.459 -9.148
900 39.0 2.444 -9.132
912 39.0 2.486 -9.120
924 39.0 2.440 -9.189
936 39.0 2.437 -9.254
948 39.0 2.456 -9.087
744 64.0 4.845 14.033
756 64.0 4.510 13.884
768 64.0 4.175 13.716
780 64.0 3.839 13.716
792 64.0 3.504 13.549
804 64.0 3.131 13.400
816 64.0 2.795 13.250
828 64.0 2.535 13.101
840 64.0 3.520 13.314
852 64.0 2.959 13.309
864 64.0 2.324 13.866
876 64.0 2.381 13.363
888 64.0 0.941 13.233
900 64.0 1.626 13.554
912 64.0 1.771 13.506
924 64.0 0.982 13.555
936 64.0 0.980 13.410
948 64.0 1.201 13.101
960 64.0 0.422 12.916
972 64.0 -0.205 13.507
744 146.0 8.051 39.230
756 146.0 7.566 39.528
768 146.0 7.156 39.677
780 146.0 6.802 39.826
792 146.0 6.541 40.143
804 146.0 6.336 40.311
816 146.0 6.057 40.460
828 146.0 5.796 40.609
840 146.0 6.046 40.632
852 146.0 5.157 41.096
864 146.0 4.490 41.443
876 146.0 4.219 41.890
888 146.0 3.914 41.889
900 146.0 2.728 42.528
912 146.0 2.311 42.690
924 146.0 2.375 42.635
936 146.0 2.250 43.034
948 146.0 2.507 43.059
960 146.0 2.247 43.362
972 146.0 3.346 42.380
756 9.0 -12.635 3.448
768 9.0 -13.045 3.746
780 9.0 -13.455 4.063
792 9.0 -13.865 4.380
804 9.0 -14.275 4.827
816 9.0 -14.611 5.125
828 9.0 -15.021 5.442
840 9.0 -15.431 5.759
852 9.0 -16.264 6.158
864 9.0 -16.250 6.074
876 9.0 -16.472 6.494
888 9.0 -17.028 6.893
900 9.0 -17.638 6.945
912 9.0 -17.889 6.903
924 9.0 -18.162 7.346
936 9.0 -19.004 7.335
948 9.0 -19.553 7.816
960 9.0 -19.385 7.592
972 9.0 -19.978 7.807
984 9.0 -18.920 8.443
756 28.0 -13.195 2.609
768 28.0 -13.605 2.926
780 28.0 -13.940 3.224
792 28.0 -14.350 3.522
804 28.0 -14.760 3.820
816 28.0 -15.170 4.156
828 28.0 -15.505 4.454
840 28.0 -15.915 4.752
852 28.0 -16.033 4.416
864 28.0 -16.860 4.974
876 28.0 -17.605 5.519
888 28.0 -18.126 5.586
900 28.0 -17.740 5.513
912 28.0 -19.158 5.991
924 28.0 -18.819 5.803
936 28.0 -18.532 6.198
948 28.0 -20.020 6.691
960 28.0 -19.452 6.441
972 28.0 -20.956 6.711
984 28.0 -18.716 5.650
984 65.0 0.820 9.747
996 65.0 0.820 9.262
1008 65.0 0.783 8.890
1020 65.0 0.783 8.424
1032 65.0 0.745 7.976
1044 65.0 0.745 7.510
1056 65.0 0.745 7.119
1068 65.0 0.708 6.597
1080 65.0 0.691 6.049
1092 65.0 0.561 5.868
1104 65.0 0.340 5.046
1116 65.0 0.475 4.380
1128 65.0 0.519 3.538
1140 65.0 0.050 3.961
1152 65.0 0.339 2.817
1164 65.0 0.257 2.319
1176 65.0 0.332 3.759
1188 65.0 0.539 4.133
1200 65.0 0.330 2.084
1212 65.0 0.706 3.352
984 147.0 4.007 41.839
996 147.0 4.007 41.839
1008 147.0 4.268 41.596
1020 147.0 4.752 41.447
1032 147.0 5.069 41.373
1044 147.0 5.069 41.373
1056 147.0 4.995 41.522
1068 147.0 4.920 41.671
1080 147.0 5.036 41.690
1092 147.0 5.060 41.708
1104 147.0 5.241 41.453
1116 147.0 5.552 41.378
1128 147.0 6.338 41.122
1140 147.0 6.225 41.084
1152 147.0 6.595 41.263
1164 147.0 6.928 41.099
1176 147.0 6.733 41.013
1188 147.0 6.441 40.901
1200 147.0 7.486 40.783
1212 147.0 7.517 40.523
996 101.0 2.963 -5.144
1008 101.0 2.590 -5.889
1020 101.0 2.590 -5.889
1032 101.0 2.590 -5.889
1044 101.0 2.516 -5.889
1056 101.0 2.516 -5.889
1068 101.0 2.516 -5.889
1080 101.0 2.460 -5.889
1092 101.0 2.738 -6.561
1104 101.0 2.717 -6.445
1116 101.0 2.861 -6.980
1128 101.0 2.604 -7.679
1140 101.0 2.578 -7.923
1152 101.0 2.600 -8.988
1164 101.0 2.516 -8.970
1176 101.0 2.540 -9.950
1188 101.0 2.476 -10.184
1200 101.0 2.908 -10.235
1212 101.0 2.835 -11.270
1224 101.0 2.639 -12.290
1188 55.0 -5.367 -14.480
1200 55.0 -5.870 -14.331
1212 55.0 -6.225 -14.015
1224 55.0 -6.560 -13.549
1236 55.0 -6.895 -13.250
1248 55.0 -7.250 -12.952
1260 55.0 -7.604 -12.635
1272 55.0 -7.939 -12.170
1284 55.0 -8.678 -12.217
1296 55.0 -9.088 -11.953
1308 55.0 -9.178 -11.618
1320 55.0 -9.255 -11.462
1332 55.0 -10.130 -11.207
1344 55.0 -10.326 -11.024
1356 55.0 -10.707 -10.733
1368 55.0 -11.691 -10.320
1380 55.0 -11.856 -10.491
1392 55.0 -11.139 -10.735
1404 55.0 -9.299 -10.927
1416 55.0 -10.882 -10.013
1200 50.0 -4.883 -14.089
1212 50.0 -5.218 -13.791
1224 50.0 -5.572 -13.493
1236 50.0 -5.908 -13.157
1248 50.0 -6.262 -13.008
1260 50.0 -6.597 -12.710
1272 50.0 -7.007 -12.412
1284 50.0 -7.343 -12.114
1296 50.0 -7.432 -12.340
1308 50.0 -7.772 -11.633
1320 50.0 -7.678 -11.555
1332 50.0 -8.708 -11.145
1344 50.0 -9.196 -11.098
1356 50.0 -10.025 -10.675
1368 50.0 -9.973 -10.617
1380 50.0 -10.935 -10.145
1392 50.0 -10.483 -10.361
1404 50.0 -11.775 -9.256
1416 50.0 -12.351 -9.117
1428 50.0 -11.263 -10.012
1200 53.0 -5.945 -14.015
1212 53.0 -6.280 -13.716
1224 53.0 -6.635 -13.418
1236 53.0 -6.970 -13.083
1248 53.0 -7.324 -12.785
1260 53.0 -7.660 -12.486
1272 53.0 -7.995 -12.039
1284 53.0 -8.275 -11.704
1296 53.0 -8.641 -11.740
1308 53.0 -8.616 -12.171
1320 53.0 -9.457 -11.354
1332 53.0 -9.549 -11.328
1344 53.0 -10.132 -10.967
1356 53.0 -10.729 -10.734
1368 53.0 -10.776 -10.715
1380 53.0 -10.487 -10.704
1392 53.0 -11.255 -10.588
1404 53.0 -12.983 -9.395
1416 53.0 -12.226 -9.863
1428 53.0 -11.729 -10.420
1224 66.0 -0.075 1.249
1236 66.0 -0.298 0.913
1248 66.0 -0.485 0.615
1260 66.0 -0.634 0.317
1272 66.0 -0.969 -0.130
1284 66.0 -1.249 -0.466
1296 66.0 -1.528 -0.764
1308 66.0 -1.789 -1.062
1320 66.0 -1.898 -1.086
1332 66.0 -1.900 -0.991
1344 66.0 -1.811 -1.225
1356 66.0 -2.730 -1.943
1368 66.0 -2.984 -1.286
1380 66.0 -3.098 -2.114
1392 66.0 -1.706 -1.920
1404 66.0 -3.085 -3.056
1416 66.0 -2.490 -2.326
1428 66.0 -3.141 -3.703
1440 66.0 -2.705 -3.613
1452 66.0 -1.867 -1.291
1224 148.0 4.510 42.752
1236 148.0 4.510 42.752
1248 148.0 4.510 42.752
1260 148.0 4.510 42.752
1272 148.0 4.510 42.752
1284 148.0 4.510 42.752
1296 148.0 4.510 42.752
1308 148.0 4.510 42.752
1320 148.0 4.561 42.721
1332 148.0 4.546 42.692
1344 148.0 4.519 42.715
1356 148.0 4.527 42.679
1368 148.0 4.662 42.603
1380 148.0 4.642 42.679
1392 148.0 4.557 42.615
1404 148.0 4.400 42.643
1416 148.0 4.392 42.655
1428 148.0 4.361 42.738
1440 148.0 4.311 42.761
1452 148.0 4.297 42.742
1236 102.0 2.180 -5.889
1248 102.0 2.180 -5.889
1260 102.0 2.180 -6.038
1272 102.0 2.106 -6.038
1284 102.0 2.106 -6.038
1296 102.0 2.106 -6.038
1308 102.0 2.031 -6.038
1320 102.0 2.031 -6.038
1332 102.0 1.958 -6.218
1344 102.0 2.032 -6.172
1356 102.0 2.029 -6.233
1368 102.0 1.947 -6.094
1380 102.0 1.739 -6.280
1392 102.0 1.818 -6.368
1404 102.0 1.770 -6.489
1416 102.0 1.792 -6.756
1428 102.0 2.035 -7.003
1440 102.0 2.166 -7.047
1452 102.0 2.066 -6.675
1464 102.0 2.041 -6.880
1428 56.0 -12.393 -7.734
1440 56.0 -12.747 -7.436
1452 56.0 -13.083 -6.970
1464 56.0 -13.344 -6.653
1476 56.0 -13.698 -6.206
1488 56.0 -14.033 -5.889
1500 56.0 -14.313 -5.423
1512 56.0 -14.760 -5.125
1524 56.0 -14.897 -5.378
1536 56.0 -15.205 -5.118
1548 56.0 -15.402 -4.812
1560 56.0 -16.064 -4.698
1572 56.0 -16.391 -3.906
1584 56.0 -17.111 -3.846
1596 56.0 -17.667 -3.832
1608 56.0 -17.183 -4.189
1620 56.0 -17.155 -3.861
1632 56.0 -19.392 -3.128
1644 56.0 -19.646 -2.534
1656 56.0 -18.195 -3.614
1440 51.0 -11.815 -6.895
1452 51.0 -12.076 -6.597
1464 51.0 -12.430 -6.113
1476 51.0 -12.840 -5.815
1488 51.0 -13.250 -5.367
1500 51.0 -13.586 -4.883
1512 51.0 -13.940 -4.510
1524 51.0 -14.201 -4.063
1536 51.0 -14.974 -4.069
1548 51.0 -15.221 -3.999
1560 51.0 -15.529 -4.154
1572 51.0 -16.059 -3.825
1584 51.0 -15.742 -3.824
1596 51.0 -17.139 -3.004
1608 51.0 -17.278 -2.837
1620 51.0 -17.461 -2.985
1632 51.0 -18.328 -2.812
1644 51.0 -18.758 -2.596
1656 51.0 -17.789 -2.352
1668 51.0 -17.889 -2.510
1440 54.0 -12.598 -7.417
1452 54.0 -12.952 -6.970
1464 54.0 -13.288 -6.672
1476 54.0 -13.549 -6.336
1488 54.0 -13.903 -6.038
1500 54.0 -14.182 -5.591
1512 54.0 -14.518 -5.218
1524 54.0 -14.853 -4.808
1536 54.0 -14.649 -5.521
1548 54.0 -15.419 -5.195
1560 54.0 -15.226 -5.197
1572 54.0 -15.877 -5.072
1584 54.0 -16.233 -4.493
1596 54.0 -16.531 -4.371
1608 54.0 -16.708 -4.254
1620 54.0 -17.513 -3.890
1632 54.0 -17.277 -3.864
1644 54.0 -18.181 -3.115
1656 54.0 -19.062 -2.868
1668 54.0 -19.071 -3.244
1464 67.0 -5.367 -4.901
1476 67.0 -5.628 -5.050
1488 67.0 -5.908 -5.349
1500 67.0 -6.113 -5.498
1512 67.0 -6.187 -5.572
1524 67.0 -6.187 -5.572
1536 67.0 -6.262 -5.572
1548 67.0 -6.262 -5.572
1560 67.0 -6.260 -6.023
1572 67.0 -6.596 -6.355
1584 67.0 -6.502 -6.258
1596 67.0 -5.900 -7.141
1608 67.0 -6.286 -7.387
1620 67.0 -6.438 -8.288
1632 67.0 -6.027 -7.576
1644 67.0 -6.134 -9.283
1656 67.0 -5.516 -9.096
1668 67.0 -5.933 -9.755
1680 67.0 -5.857 -10.942
1692 67.0 -5.764 -11.507
1464 149.0 4.510 42.752
1476 149.0 4.510 42.752
1488 149.0 4.510 42.752
1500 149.0 4.510 42.752
1512 149.0 4.473 42.752
1524 149.0 4.473 42.826
1536 149.0 4.473 42.976
1548 149.0 4.435 43.050
1560 149.0 4.495 42.865
1572 149.0 4.518 42.846
1584 149.0 4.528 42.923
1596 149.0 4.598 42.917
1608 149.0 4.522 42.936
1620 149.0 4.532 42.890
1632 149.0 4.555 42.924
1644 149.0 4.588 42.861
1656 149.0 4.478 42.832
1668 149.0 4.449 42.872
1680 149.0 4.431 42.890
1692 149.0 4.425 42.854
1476 103.0 1.770 -6.038
1488 103.0 1.770 -6.038
1500 103.0 1.770 -6.038
1512 103.0 1.733 -6.038
1524 103.0 1.733 -6.038
1536 103.0 1.733 -5.964
1548 103.0 1.733 -5.889
1560 103.0 1.733 -5.889
1572 103.0 1.821 -5.792
1584 103.0 1.727 -5.994
1596 103.0 1.663 -6.053
1608 103.0 1.629 -6.016
1620 103.0 1.647 -6.032
1632 103.0 1.681 -5.993
1644 103.0 1.723 -6.034
1656 103.0 1.655 -6.073
1668 103.0 1.595 -6.108
1680 103.0 1.687 -6.111
1692 103.0 1.681 -6.068
1704 103.0 1.690 -6.058
1500 139.0 3.466 44.280
1512 139.0 3.466 44.280
1524 139.0 3.466 44.280
1536 139.0 3.466 44.280
1548 139.0 3.466 44.280
1560 139.0 3.466 44.280
1572 139.0 3.466 44.280
1584 139.0 3.466 44.280
1596 139.0 3.499 44.108
1608 139.0 3.411 44.204
1620 139.0 3.389 44.174
1632 139.0 3.492 44.246
1644 139.0 3.385 44.206
1656 139.0 3.482 44.160
1668 139.0 3.500 44.243
1680 139.0 3.488 44.163
1692 139.0 3.539 44.110
1704 139.0 3.457 44.070
1716 139.0 3.408 44.000
1728 139.0 3.317 43.970
1668 130.0 -25.811 15.915
1680 130.0 -25.588 14.872
1692 130.0 -25.178 14.257
1704 130.0 -24.842 13.791
1716 130.0 -24.432 13.325
1728 130.0 -24.022 12.729
1740 130.0 -23.612 12.263
1752 130.0 -23.277 11.797
1764 130.0 -23.585 12.223
1776 130.0 -23.013 12.017
1788 130.0 -22.580 11.607
1800 130.0 -22.137 11.641
1812 130.0 -23.410 11.631
1824 130.0 -22.258 12.166
1836 130.0 -20.641 9.675
1848 130.0 -21.930 12.487
1860 130.0 -19.024 10.336
1872 130.0 -19.796 10.573
1884 130.0 -20.396 11.438
1896 130.0 -21.280 12.479
1680 52.0 -18.245 1.994
1692 52.0 -18.655 2.292
1704 52.0 -19.028 2.777
1716 52.0 -19.438 3.075
1728 52.0 -19.773 3.522
1740 52.0 -20.183 3.820
1752 52.0 -20.593 4.305
1764 52.0 -20.929 4.603
1776 52.0 -21.566 4.457
1788 52.0 -20.342 4.270
1800 52.0 -20.909 4.743
1812 52.0 -22.048 5.065
1824 52.0 -21.924 5.154
1836 52.0 -22.210 5.276
1848 52.0 -22.712 5.529
1860 52.0 -23.779 6.596
1872 52.0 -24.172 6.728
1884 52.0 -22.699 5.974
1896 52.0 -24.265 7.100
1908 52.0 -24.310 6.741
1704 68.0 -6.597 -5.516
1716 68.0 -6.597 -5.516
1728 68.0 -6.635 -5.516
1740 68.0 -6.672 -5.516
1752 68.0 -6.709 -5.516
1764 68.0 -6.709 -5.516
1776 68.0 -6.746 -5.516
1788 68.0 -6.765 -5.516
1800 68.0 -6.741 -5.544
1812 68.0 -6.746 -5.504
1824 68.0 -6.783 -5.572
1836 68.0 -6.802 -5.540
1848 68.0 -6.774 -5.485
1860 68.0 -6.845 -5.563
1872 68.0 -6.792 -5.560
1884 68.0 -6.851 -5.547
1896 68.0 -6.793 -5.526
1908 68.0 -6.776 -5.554
1920 68.0 -6.770 -5.549
1932 68.0 -6.752 -5.539
1704 150.0 4.417 44.504
1716 150.0 4.417 44.597
1728 150.0 4.454 44.597
1740 150.0 4.454 44.429
1752 150.0 4.454 44.131
1764 150.0 4.454 43.982
1776 150.0 4.454 43.814
1788 150.0 4.529 43.516
1800 150.0 4.254 43.736
1812 150.0 4.343 43.698
1824 150.0 4.231 43.225
1836 150.0 4.238 43.027
1848 150.0 4.228 42.340
1860 150.0 4.312 42.515
1872 150.0 4.054 41.520
1884 150.0 4.562 42.061
1896 150.0 4.610 41.563
1908 150.0 4.402 41.530
1920 150.0 4.386 40.714
1932 150.0 4.441 39.601
1716 104.0 1.696 -5.293
1728 104.0 1.696 -5.144
1740 104.0 1.696 -5.144
1752 104.0 1.696 -5.050
1764 104.0 1.696 -5.050
1776 104.0 1.696 -4.957
1788 104.0 1.696 -4.883
1800 104.0 1.696 -4.883
1812 104.0 1.815 -4.810
1824 104.0 1.782 -4.830
1836 104.0 1.792 -4.705
1848 104.0 1.832 -5.025
1860 104.0 1.892 -4.917
1872 104.0 1.929 -5.020
1884 104.0 1.835 -4.877
1896 104.0 1.942 -4.964
1908 104.0 1.838 -5.035
1920 104.0 1.899 -5.032
1932 104.0 1.761 -5.192
1944 104.0 1.716 -5.138
1740 140.0 3.466 44.280
1752 140.0 3.466 44.280
1764 140.0 3.466 44.280
1776 140.0 3.466 44.280
1788 140.0 3.466 44.280
1800 140.0 3.466 44.280
1812 140.0 3.466 44.280
1824 140.0 3.466 44.280
1836 140.0 3.407 44.253
1848 140.0 3.474 44.283
1860 140.0 3.456 44.318
1872 140.0 3.578 44.330
1884 140.0 3.509 44.241
1896 140.0 3.532 44.146
1908 140.0 3.559 44.191
1920 140.0 3.546 44.162
1932 140.0 3.463 44.212
1944 140.0 3.531 44.293
1956 140.0 3.576 44.244
1968 140.0 3.631 44.251
1908 131.0 -20.798 3.839
1920 131.0 -20.724 3.075
1932 131.0 -20.593 2.460
1944 131.0 -20.519 1.845
1956 131.0 -20.370 1.230
1968 131.0 -20.370 0.615
1980 131.0 -20.314 -0.149
1992 131.0 -20.314 -0.764
2004 131.0 -20.286 -0.441
2016 131.0 -20.496 -2.026
2028 131.0 -19.919 -2.094
2040 131.0 -20.092 -1.999
2052 131.0 -19.952 -3.499
2064 131.0 -20.207 -2.850
2076 131.0 -20.380 -3.006
2088 131.0 -20.204 -3.090
2100 131.0 -20.073 -4.040
2112 131.0 -19.962 -1.706
2124 131.0 -20.374 -4.403
2136 131.0 -19.942 -3.081
1944 151.0 4.585 42.752
1956 151.0 4.585 42.752
1968 151.0 4.585 42.752
1980 151.0 4.585 42.752
1992 151.0 4.585 42.752
2004 151.0 4.529 42.752
2016 151.0 4.454 43.050
2028 151.0 4.380 43.292
2040 151.0 4.272 43.466
2052 151.0 4.470 43.363
2064 151.0 4.336 43.297
2076 151.0 4.298 43.446
2088 151.0 4.220 43.114
2100 151.0 4.187 43.166
2112 151.0 4.300 43.161
2124 151.0 4.399 43.177
2136 151.0 4.195 43.376
2148 151.0 4.141 43.308
2160 151.0 4.379 43.289
2172 151.0 4.161 43.550
1956 105.0 1.659 -4.212
1968 105.0 1.659 -4.212
1980 105.0 1.659 -4.137
1992 105.0 1.659 -4.137
2004 105.0 1.603 -3.988
2016 105.0 1.603 -3.820
2028 105.0 1.528 -3.522
2040 105.0 1.472 -3.355
2052 105.0 1.490 -3.207
2064 105.0 1.382 -3.222
2076 105.0 1.415 -3.074
2088 105.0 1.307 -3.029
2100 105.0 1.322 -3.220
2112 105.0 1.386 -2.720
2124 105.0 1.596 -3.057
2136 105.0 1.444 -2.483
2148 105.0 1.555 -1.993
2160 105.0 1.284 -1.802
2172 105.0 1.312 -1.845
2184 105.0 1.080 -1.745
1980 141.0 3.466 44.280
1992 141.0 3.466 44.280
2004 141.0 3.429 44.280
2016 141.0 3.429 44.280
2028 141.0 3.429 44.280
2040 141.0 3.429 44.280
2052 141.0 3.429 44.280
2064 141.0 3.429 44.280
2076 141.0 3.324 44.287
2088 141.0 3.381 44.271
2100 141.0 3.347 44.339
2112 141.0 3.397 44.312
2124 141.0 3.368 44.327
2136 141.0 3.367 44.317
2148 141.0 3.342 44.283
2160 141.0 3.381 44.279
2172 141.0 3.461 44.242
2184 141.0 3.537 44.228
2196 141.0 3.463 44.160
2208 141.0 3.402 44.157
2052 21.0 -18.264 -13.250
2064 21.0 -18.394 -12.635
2076 21.0 -18.450 -12.020
2088 21.0 -18.525 -11.405
2100 21.0 -18.599 -10.790
2112 21.0 -18.674 -10.194
2124 21.0 -18.748 -9.560
2136 21.0 -18.804 -8.964
2148 21.0 -18.790 -9.122
2160 21.0 -18.679 -9.209
2172 21.0 -19.156 -8.275
2184 21.0 -18.643 -7.209
2196 21.0 -18.738 -6.879
2208 21.0 -18.854 -5.962
2220 21.0 -18.847 -6.986
2232 21.0 -18.573 -6.560
2244 21.0 -19.520 -8.715
2256 21.0 -18.373 -5.713
2268 21.0 -19.299 -6.408
2280 21.0 -18.490 -5.303
2148 132.0 -19.866 -8.722
2160 132.0 -19.829 -9.411
2172 132.0 -19.792 -10.026
2184 132.0 -19.755 -10.641
2196 132.0 -19.717 -11.256
2208 132.0 -19.699 -11.871
2220 132.0 -19.680 -12.486
2232 132.0 -19.680 -13.101
2244 132.0 -19.603 -12.580
2256 132.0 -19.509 -13.805
2268 132.0 -19.301 -13.962
2280 132.0 -19.379 -14.985
2292 132.0 -19.610 -15.312
2304 132.0 -19.116 -15.566
2316 132.0 -19.026 -16.495
2328 132.0 -19.392 -14.523
2340 132.0 -19.340 -15.288
2352 132.0 -19.068 -16.676
2364 132.0 -19.810 -17.620
2376 132.0 -19.100 -17.519
2160 137.0 2.367 15.021
2172 137.0 1.659 14.723
2184 137.0 0.988 14.723
2196 137.0 0.298 14.723
2208 137.0 -0.391 14.723
2220 137.0 -1.006 14.723
2232 137.0 -1.696 14.723
2244 137.0 -2.367 14.723
2256 137.0 -1.830 14.885
2268 137.0 -1.774 14.846
2280 137.0 -0.768 14.602
2292 137.0 -1.535 14.638
2304 137.0 -2.324 14.278
2316 137.0 -2.195 14.042
2328 137.0 -1.438 14.492
2340 137.0 -1.228 13.968
2352 137.0 -2.554 14.186
2364 137.0 -0.637 14.239
2376 137.0 -0.162 14.010
2388 137.0 -0.542 14.399
2184 152.0 3.858 45.342
2196 152.0 3.858 45.342
2208 152.0 3.783 45.510
2220 152.0 3.783 45.510
2232 152.0 3.783 45.510
2244 152.0 3.783 45.510
2256 152.0 3.727 45.659
2268 152.0 3.727 45.659
2280 152.0 3.759 45.571
2292 152.0 3.830 45.524
2304 152.0 3.800 45.414
2316 152.0 3.817 45.396
2328 152.0 3.891 45.369
2340 152.0 3.757 45.346
2352 152.0 3.875 45.323
2364 152.0 3.850 45.305
2376 152.0 3.906 45.295
2388 152.0 3.841 45.253
2400 152.0 3.893 45.317
2412 152.0 3.920 45.323
2196 106.0 -1.006 -3.746
2208 106.0 -1.211 -4.063
2220 106.0 -1.416 -4.212
2232 106.0 -1.547 -4.361
2244 106.0 -1.770 -4.659
2256 106.0 -1.957 -4.808
2268 106.0 -2.180 -5.125
2280 106.0 -2.236 -5.442
2292 106.0 -2.387 -5.623
2304 106.0 -1.895 -5.815
2316 106.0 -1.645 -6.765
2328 106.0 -1.934 -7.563
2340 106.0 -1.800 -7.946
2352 106.0 -1.772 -8.413
2364 106.0 -1.551 -8.748
2376 106.0 -1.366 -8.889
2388 106.0 -1.273 -10.097
2400 106.0 -0.959 -10.348
2412 106.0 -1.290 -10.746
2424 106.0 -1.334 -11.867
2220 142.0 3.429 44.280
2232 142.0 3.429 44.280
2244 142.0 3.429 44.280
2256 142.0 3.448 44.280
2268 142.0 3.448 44.280
2280 142.0 3.448 44.280
2292 142.0 3.448 44.280
2304 142.0 3.448 44.280
2316 142.0 3.464 44.253
2328 142.0 3.436 44.217
2340 142.0 3.353 44.170
2352 142.0 3.313 44.156
2364 142.0 3.338 44.097
2376 142.0 3.359 44.086
2388 142.0 3.469 44.178
2400 142.0 3.425 44.139
2412 142.0 3.444 44.178
2424 142.0 3.493 44.184
2436 142.0 3.423 44.157
2448 142.0 3.448 44.191
2388 133.0 -19.540 -13.335
2400 133.0 -19.534 -13.316
2412 133.0 -19.529 -13.297
2424 133.0 -19.523 -13.278
2436 133.0 -19.517 -13.259
2448 133.0 -19.511 -13.240
2460 133.0 -19.505 -13.222
2472 133.0 -19.500 -13.203
2484 133.0 -19.433 -13.315
2496 133.0 -19.476 -13.339
2508 133.0 -19.398 -13.340
2520 133.0 -19.394 -13.298
2532 133.0 -19.356 -13.303
2544 133.0 -19.306 -13.432
2556 133.0 -19.093 -13.493
2568 133.0 -19.112 -13.611
2580 133.0 -19.045 -13.625
2592 133.0 -19.113 -13.669
2604 133.0 -18.898 -13.785
2616 133.0 -18.874 -13.803
2400 138.0 -10.940 14.872
2412 138.0 -11.648 14.872
2424 138.0 -12.319 14.872
2436 138.0 -12.952 15.021
2448 138.0 -13.623 15.021
2460 138.0 -14.257 15.021
2472 138.0 -14.928 15.021
2484 138.0 -15.617 15.021
2496 138.0 -13.846 15.629
2508 138.0 -14.424 16.229
2520 138.0 -15.252 16.019
2532 138.0 -15.722 16.388
2544 138.0 -16.584 16.934
2556 138.0 -15.853 16.724
2568 138.0 -16.865 16.947
2580 138.0 -17.191 17.470
2592 138.0 -16.222 17.536
2604 138.0 -17.609 17.393
2616 138.0 -17.376 17.717
2628 138.0 -17.782 17.923
2424 153.0 3.727 45.827
2436 153.0 3.727 45.827
2448 153.0 3.727 45.827
2460 153.0 3.727 45.827
2472 153.0 3.727 45.827
2484 153.0 3.727 45.827
2496 153.0 3.727 45.827
2508 153.0 3.690 45.659
2520 153.0 3.723 45.739
2532 153.0 3.702 45.720
2544 153.0 3.732 45.668
2556 153.0 3.702 45.628
2568 153.0 3.722 45.586
2580 153.0 3.696 45.600
2592 153.0 3.703 45.688
2604 153.0 3.620 45.453
2616 153.0 3.650 45.690
2628 153.0 3.609 45.790
2640 153.0 3.631 45.753
2652 153.0 3.536 45.702
2436 107.0 -3.541 -10.641
2448 107.0 -3.671 -10.958
2460 107.0 -3.820 -11.405
2472 107.0 -3.951 -11.704
2484 107.0 -4.081 -12.188
2496 107.0 -4.230 -12.635
2508 107.0 -4.342 -12.934
2520 107.0 -4.435 -13.325
2532 107.0 -3.477 -13.637
2544 107.0 -3.505 -13.601
2556 107.0 -3.535 -14.497
2568 107.0 -3.740 -15.595
2580 107.0 -3.818 -16.638
2592 107.0 -3.663 -16.892
2604 107.0 -3.556 -18.065
2616 107.0 -3.755 -19.055
2628 107.0 -3.718 -18.553
2640 107.0 -3.802 -17.991
2652 107.0 -4.124 -19.576
2664 107.0 -4.032 -18.292
2460 143.0 3.448 44.280
2472 143.0 3.448 44.280
2484 143.0 3.448 44.280
2496 143.0 3.448 44.280
2508 143.0 3.448 44.206
2520 143.0 3.448 44.206
2532 143.0 3.448 44.206
2544 143.0 3.448 44.206
2556 143.0 3.506 44.173
2568 143.0 3.510 44.235
2580 143.0 3.471 44.251
2592 143.0 3.441 44.273
2604 143.0 3.495 44.236
2616 143.0 3.528 44.265
2628 143.0 3.512 44.214
2640 143.0 3.451 44.232
2652 143.0 3.436 44.231
2664 143.0 3.378 44.232
2676 143.0 3.353 44.219
2688 143.0 3.355 44.182
2496 155.0 -7.715 -5.423
2508 155.0 -7.715 -5.423
2520 155.0 -7.715 -5.423
2532 155.0 -7.715 -5.423
2544 155.0 -7.715 -5.423
2556 155.0 -7.715 -5.423
2568 155.0 -7.715 -5.423
2580 155.0 -7.715 -5.423
2592 155.0 -7.737 -5.362
2604 155.0 -7.729 -5.390
2616 155.0 -7.884 -5.355
2628 155.0 -7.922 -5.376
2640 155.0 -7.892 -5.401
2652 155.0 -7.869 -5.507
2664 155.0 -7.765 -5.465
2676 155.0 -7.823 -5.498
2688 155.0 -7.684 -5.585
2700 155.0 -7.718 -5.574
2712 155.0 -7.803 -5.584
2724 155.0 -7.775 -5.617
2628 134.0 -19.424 -12.956
2640 134.0 -19.418 -12.937
2652 134.0 -19.412 -12.918
2664 134.0 -19.407 -12.899
2676 134.0 -19.401 -12.880
2688 134.0 -19.395 -12.861
2700 134.0 -19.389 -12.842
2712 134.0 -19.383 -12.823
2724 134.0 -19.453 -12.786
2736 134.0 -19.240 -12.755
2748 134.0 -19.329 -12.947
2760 134.0 -19.324 -12.994
2772 134.0 -19.356 -12.973
2784 134.0 -19.522 -12.932
2796 134.0 -19.457 -12.938
2808 134.0 -19.484 -12.964
2820 134.0 -19.498 -12.898
2832 134.0 -19.491 -12.914
2844 134.0 -19.447 -12.987
2856 134.0 -19.431 -12.934
2664 154.0 3.653 45.659
2676 154.0 3.653 45.659
2688 154.0 3.615 45.659
2700 154.0 3.615 45.659
2712 154.0 3.615 45.659
2724 154.0 3.615 45.659
2736 154.0 3.615 45.659
2748 154.0 3.615 45.659
2760 154.0 3.531 45.762
2772 154.0 3.574 45.752
2784 154.0 3.558 45.770
2796 154.0 3.532 45.742
2808 154.0 3.548 45.747
2820 154.0 3.552 45.738
2832 154.0 3.650 45.727
2844 154.0 3.683 45.771
2856 154.0 3.689 45.739
2868 154.0 3.645 45.671
2880 154.0 3.550 45.629
2892 154.0 3.557 45.602
2676 108.0 -4.845 -13.400
2688 108.0 -4.845 -13.101
2700 108.0 -4.845 -12.952
2712 108.0 -4.845 -12.635
2724 108.0 -4.920 -12.468
2736 108.0 -4.920 -12.020
2748 108.0 -4.995 -11.573
2760 108.0 -4.995 -11.089
2772 108.0 -5.130 -11.533
2784 108.0 -5.053 -11.634
2796 108.0 -4.880 -11.072
2808 108.0 -5.248 -11.019
2820 108.0 -5.237 -11.131
2832 108.0 -5.107 -10.298
2844 108.0 -5.017 -9.616
2856 108.0 -5.008 -9.701
2868 108.0 -5.241 -9.105
2880 108.0 -5.129 -9.064
2892 108.0 -5.117 -8.896
2904 108.0 -5.194 -8.053
2700 144.0 3.485 44.131
2712 144.0 3.485 44.131
2724 144.0 3.485 44.131
2736 144.0 3.485 44.131
2748 144.0 3.485 44.131
2760 144.0 3.485 44.131
2772 144.0 3.485 44.038
2784 144.0 3.485 44.038
2796 144.0 3.488 44.017
2808 144.0 3.537 44.072
2820 144.0 3.571 44.016
2832 144.0 3.580 44.128
2844 144.0 3.721 44.058
2856 144.0 3.658 44.089
2868 144.0 3.519 44.153
2880 144.0 3.564 44.137
2892 144.0 3.516 44.142
2904 144.0 3.522 44.191
2916 144.0 3.563 44.178
2928 144.0 3.595 44.163
2736 156.0 -7.715 -5.423
2748 156.0 -7.715 -5.423
2760 156.0 -7.715 -5.423
2772 156.0 -7.715 -5.423
2784 156.0 -7.715 -5.423
2796 156.0 -7.715 -5.423
2808 156.0 -7.715 -5.423
2820 156.0 -7.715 -5.423
2832 156.0 -7.706 -5.465
2844 156.0 -7.620 -5.469
2856 156.0 -7.563 -5.489
2868 156.0 -7.649 -5.482
2880 156.0 -7.659 -5.527
2892 156.0 -7.722 -5.539
2904 156.0 -7.676 -5.466
2916 156.0 -7.728 -5.534
2928 156.0 -7.717 -5.564
2940 156.0 -7.645 -5.596
2952 156.0 -7.671 -5.665
2964 156.0 -7.711 -5.528
2844 58.0 1.062 15.245
2856 58.0 0.578 15.245
2868 58.0 0.093 15.245
2880 58.0 -0.391 15.095
2892 58.0 -0.876 15.095
2904 58.0 -1.286 14.946
2916 58.0 -1.770 14.946
2928 58.0 -2.236 14.946
2940 58.0 -1.870 15.385
2952 58.0 -2.319 14.951
2964 58.0 -2.367 15.323
2976 58.0 -2.874 14.980
2988 58.0 -3.657 15.250
3000 58.0 -2.714 15.117
3012 58.0 -3.222 15.545
3024 58.0 -2.805 15.264
3036 58.0 -4.107 15.627
3048 58.0 -2.730 15.698
3060 58.0 -2.829 15.739
3072 58.0 -3.808 14.959
2844 136.0 -18.357 -13.623
2856 136.0 -18.357 -13.027
2868 136.0 -18.394 -12.393
2880 136.0 -18.469 -11.797
2892 136.0 -18.506 -11.163
2904 136.0 -18.543 -10.567
2916 136.0 -18.580 -9.970
2928 136.0 -18.599 -9.411
2940 136.0 -18.297 -8.642
2952 136.0 -18.323 -8.552
2964 136.0 -18.058 -6.804
2976 136.0 -18.324 -6.925
2988 136.0 -18.661 -6.885
3000 136.0 -17.821 -8.298
3012 136.0 -18.706 -5.446
3024 136.0 -19.022 -7.648
3036 136.0 -19.435 -6.906
3048 136.0 -18.631 -7.372
3060 136.0 -18.719 -2.231
3072 136.0 -19.271 -3.827
2868 135.0 -19.587 -11.014
2880 135.0 -19.661 -10.492
2892 135.0 -19.699 -9.877
2904 135.0 -19.792 -9.337
2916 135.0 -19.866 -8.815
2928 135.0 -19.941 -8.256
2940 135.0 -20.053 -7.734
2952 135.0 -20.090 -7.194
2964 135.0 -19.631 -7.191
2976 135.0 -20.125 -7.226
2988 135.0 -19.906 -6.720
3000 135.0 -20.018 -6.504
3012 135.0 -20.144 -5.430
3024 135.0 -19.790 -6.825
3036 135.0 -20.335 -3.288
3048 135.0 -20.611 -5.253
3060 135.0 -20.760 -3.067
3072 135.0 -20.505 -3.981
3084 135.0 -19.647 -3.580
3096 135.0 -20.644 -4.033
2916 109.0 -5.982 -5.647
2928 109.0 -6.094 -5.274
2940 109.0 -6.187 -4.901
2952 109.0 -6.243 -4.454
2964 109.0 -6.430 -4.119
2976 109.0 -6.765 -3.671
2988 109.0 -7.100 -3.224
3000 109.0 -7.380 -2.740
3012 109.0 -7.655 -2.609
3024 109.0 -7.797 -2.455
3036 109.0 -7.910 -2.640
3048 109.0 -7.740 -2.842
3060 109.0 -8.431 -2.515
3072 109.0 -8.521 -2.671
3084 109.0 -8.523 -2.013
3096 109.0 -8.455 -1.998
3108 109.0 -8.260 -2.287
3120 109.0 -7.965 -2.215
3132 109.0 -10.321 -0.745
3144 109.0 -9.937 -0.551
3084 59.0 -10.101 14.630
3096 59.0 -10.641 14.630
3108 59.0 -11.182 14.630
3120 59.0 -11.741 14.630
3132 59.0 -12.300 14.630
3144 59.0 -12.840 14.630
3156 59.0 -13.381 14.630
3168 59.0 -13.940 14.630
3180 59.0 -13.732 14.529
3192 59.0 -14.002 14.651
3204 59.0 -13.689 14.263
3216 59.0 -14.015 14.316
3228 59.0 -13.016 14.169
3240 59.0 -15.285 15.087
3252 59.0 -14.113 14.638
3264 59.0 -14.805 14.288
3276 59.0 -15.328 14.958
3288 59.0 -14.258 15.132
3300 59.0 -16.468 15.416
3312 59.0 -15.917 15.776
3084 119.0 3.522 13.474
3096 119.0 3.112 13.027
3108 119.0 2.628 12.580
3120 119.0 2.218 12.095
3132 119.0 1.733 11.797
3144 119.0 1.267 11.350
3156 119.0 0.988 10.716
3168 119.0 0.783 10.269
3180 119.0 0.912 10.506
3192 119.0 1.646 10.509
3204 119.0 2.097 10.052
3216 119.0 1.458 8.614
3228 119.0 1.325 8.046
3240 119.0 1.739 6.298
3252 119.0 1.605 6.664
3264 119.0 2.794 3.721
3276 119.0 3.717 7.657
3288 119.0 1.486 6.525
3300 119.0 3.119 14.538
3312 119.0 2.141 5.737
3156 110.0 -11.871 1.472
3168 110.0 -12.225 1.770
3180 110.0 -12.635 2.069
3192 110.0 -13.045 2.218
3204 110.0 -13.455 2.535
3216 110.0 -13.865 2.702
3228 110.0 -14.275 3.000
3240 110.0 -14.685 3.299
3252 110.0 -14.416 3.163
3264 110.0 -15.451 3.792
3276 110.0 -15.212 3.657
3288 110.0 -15.701 3.845
3300 110.0 -15.914 4.283
3312 110.0 -16.213 4.339
3324 110.0 -17.078 4.538
3336 110.0 -17.137 5.054
3348 110.0 -18.160 4.866
3360 110.0 -18.482 5.638
3372 110.0 -18.712 5.298
3384 110.0 -18.924 5.790
3168 123.0 -3.839 -14.480
3180 123.0 -3.727 -14.015
3192 123.0 -3.653 -13.716
3204 123.0 -3.578 -13.400
3216 123.0 -3.429 -12.934
3228 123.0 -3.373 -12.635
3240 123.0 -3.243 -12.337
3252 123.0 -3.168 -12.020
3264 123.0 -3.500 -12.382
3276 123.0 -3.316 -12.208
3288 123.0 -3.330 -12.075
3300 123.0 -2.946 -11.694
3312 123.0 -2.819 -11.511
3324 123.0 -2.998 -11.677
3336 123.0 -2.470 -10.907
3348 123.0 -2.222 -10.913
3360 123.0 -2.749 -11.046
3372 123.0 -1.776 -8.769
3384 123.0 -2.084 -9.349
3396 123.0 -2.331 -8.479
3264 126.0 -16.586 -14.257
3276 126.0 -17.145 -13.921
3288 126.0 -17.369 -13.325
3300 126.0 -17.630 -12.878
3312 126.0 -17.854 -12.244
3324 126.0 -18.040 -11.648
3336 126.0 -18.264 -11.014
3348 126.0 -18.394 -10.567
3360 126.0 -18.431 -11.081
3372 126.0 -18.690 -11.119
3384 126.0 -18.230 -11.644
3396 126.0 -18.151 -11.193
3408 126.0 -18.316 -11.008
3420 126.0 -19.262 -10.404
3432 126.0 -19.492 -10.496
3444 126.0 -18.882 -11.019
3456 126.0 -21.116 -8.897
3468 126.0 -20.056 -9.325
3480 126.0 -21.862 -7.782
3492 126.0 -20.499 -9.504
3324 60.0 -21.208 14.630
3336 60.0 -21.767 14.630
3348 60.0 -22.308 14.630
3360 60.0 -22.848 14.630
3372 60.0 -23.538 14.630
3384 60.0 -24.227 14.630
3396 60.0 -24.898 14.779
3408 60.0 -25.662 14.779
3420 60.0 -25.313 14.681
3432 60.0 -24.903 14.357
3444 60.0 -25.291 14.134
3456 60.0 -25.023 14.259
3468 60.0 -25.724 14.532
3480 60.0 -25.340 15.056
3492 60.0 -25.344 15.042
3504 60.0 -27.355 15.469
3516 60.0 -28.597 15.910
3528 60.0 -27.944 14.765
3540 60.0 -29.184 15.404
3552 60.0 -28.746 16.269
3324 120.0 -1.975 3.522
3336 120.0 -2.236 3.075
3348 120.0 -2.590 2.777
3360 120.0 -2.926 2.292
3372 120.0 -3.280 1.845
3384 120.0 -3.820 1.547
3396 120.0 -4.305 1.155
3408 120.0 -4.845 0.764
3420 120.0 -4.054 2.031
3432 120.0 -3.708 1.521
3444 120.0 -3.217 2.053
3456 120.0 -3.009 1.868
3468 120.0 -3.246 1.837
3480 120.0 -3.417 1.164
3492 120.0 -3.662 0.293
3504 120.0 -3.711 0.105
3516 120.0 -2.764 0.878
3528 120.0 -3.106 -0.402
3540 120.0 -3.286 -2.226
3552 120.0 -3.011 -2.791
3396 111.0 -20.388 5.908
3408 111.0 -20.798 6.057
3420 111.0 -21.134 6.355
3432 111.0 -21.544 6.653
3444 111.0 -21.898 6.989
3456 111.0 -22.308 7.138
3468 111.0 -22.718 7.436
3480 111.0 -23.128 7.734
3492 111.0 -23.208 7.490
3504 111.0 -23.747 7.827
3516 111.0 -23.920 7.851
3528 111.0 -24.568 8.333
3540 111.0 -25.140 8.619
3552 111.0 -25.673 8.995
3564 111.0 -26.492 9.599
3576 111.0 -26.407 9.672
3588 111.0 -26.834 9.679
3600 111.0 -27.419 10.377
3612 111.0 -28.263 10.869
3624 111.0 -27.333 9.924
3408 124.0 -1.528 -4.361
3420 124.0 -1.379 -3.746
3432 124.0 -1.305 -3.131
3444 124.0 -1.174 -2.516
3456 124.0 -1.044 -1.901
3468 124.0 -0.969 -1.137
3480 124.0 -0.839 -0.522
3492 124.0 -0.764 0.242
3504 124.0 -0.543 -0.621
3516 124.0 -0.589 -0.343
3528 124.0 -0.584 0.868
3540 124.0 -0.181 0.145
3552 124.0 -0.114 0.560
3564 124.0 -0.285 1.615
3576 124.0 -0.346 2.567
3588 124.0 -0.339 2.832
3600 124.0 -0.323 1.317
3612 124.0 -0.400 1.692
3624 124.0 -0.355 1.252
3636 124.0 -0.137 0.984
3504 78.0 3.560 45.212
3516 78.0 3.560 45.212
3528 78.0 3.560 45.212
3540 78.0 3.560 45.212
3552 78.0 3.560 45.212
3564 78.0 3.560 45.212
3576 78.0 3.560 45.212
3588 78.0 3.560 45.212
3600 78.0 3.570 45.133
3612 78.0 3.578 45.140
3624 78.0 3.576 45.133
3636 78.0 3.561 45.142
3648 78.0 3.544 45.168
3660 78.0 3.510 45.152
3672 78.0 3.514 45.184
3684 78.0 3.495 45.194
3696 78.0 3.416 45.170
3708 78.0 3.418 45.152
3720 78.0 3.351 45.136
3732 78.0 3.412 45.176
3504 117.0 -7.548 -5.125
3516 117.0 -7.548 -5.125
3528 117.0 -7.548 -5.125
3540 117.0 -7.548 -5.125
3552 117.0 -7.548 -5.125
3564 117.0 -7.548 -5.125
3576 117.0 -7.548 -5.125
3588 117.0 -7.548 -5.125
3600 117.0 -7.648 -5.177
3612 117.0 -7.497 -5.168
3624 117.0 -7.517 -5.235
3636 117.0 -7.625 -5.198
3648 117.0 -7.626 -5.230
3660 117.0 -7.561 -5.190
3672 117.0 -7.601 -5.176
3684 117.0 -7.638 -5.193
3696 117.0 -7.616 -5.293
3708 117.0 -7.560 -5.248
3720 117.0 -7.605 -5.277
3732 117.0 -7.604 -5.321
3504 127.0 -20.519 -3.224
3516 127.0 -20.649 -2.665
3528 127.0 -20.761 -2.069
3540 127.0 -20.891 -1.603
3552 127.0 -21.040 -0.988
3564 127.0 -21.171 -0.447
3576 127.0 -21.283 0.168
3588 127.0 -21.413 0.690
3600 127.0 -21.020 -0.019
3612 127.0 -21.440 -0.164
3624 127.0 -21.205 -0.140
3636 127.0 -21.401 0.595
3648 127.0 -21.038 -0.051
3660 127.0 -21.229 0.600
3672 127.0 -20.831 0.949
3684 127.0 -21.008 1.800
3696 127.0 -20.935 2.729
3708 127.0 -21.356 1.745
3720 127.0 -21.392 0.848
3732 127.0 -21.330 4.154
3564 61.0 -25.878 14.492
3576 61.0 -25.862 14.469
3588 61.0 -25.846 14.445
3600 61.0 -25.830 14.422
3612 61.0 -25.815 14.399
3624 61.0 -25.799 14.376
3636 61.0 -25.783 14.353
3648 61.0 -25.768 14.330
3660 61.0 -25.795 14.426
3672 61.0 -25.877 14.344
3684 61.0 -25.872 14.302
3696 61.0 -25.927 14.360
3708 61.0 -25.891 14.391
3720 61.0 -25.886 14.359
3732 61.0 -25.859 14.382
3744 61.0 -25.892 14.343
3756 61.0 -25.875 14.272
3768 61.0 -25.922 14.320
3780 61.0 -25.964 14.383
3792 61.0 -25.935 14.382
3564 121.0 -11.200 -3.373
3576 121.0 -11.629 -3.671
3588 121.0 -12.114 -3.970
3600 121.0 -12.561 -4.286
3612 121.0 -12.840 -4.752
3624 121.0 -13.120 -5.349
3636 121.0 -13.381 -5.982
3648 121.0 -13.716 -6.430
3660 121.0 -13.261 -6.002
3672 121.0 -13.124 -6.572
3684 121.0 -12.806 -7.326
3696 121.0 -13.225 -8.496
3708 121.0 -13.367 -6.958
3720 121.0 -12.320 -8.262
3732 121.0 -11.976 -9.105
3744 121.0 -12.023 -8.626
3756 121.0 -12.151 -5.336
3768 121.0 -11.569 -6.728
3780 121.0 -12.275 -9.510
3792 121.0 -11.976 -9.089
3600 10.0 -17.593 -12.785
3612 10.0 -17.742 -12.188
3624 10.0 -17.947 -11.704
3636 10.0 -18.077 -11.256
3648 10.0 -18.226 -10.641
3660 10.0 -18.357 -10.175
3672 10.0 -18.562 -9.728
3684 10.0 -18.711 -9.113
3696 10.0 -18.584 -9.257
3708 10.0 -19.168 -9.066
3720 10.0 -18.707 -8.923
3732 10.0 -18.957 -8.271
3744 10.0 -18.710 -6.958
3756 10.0 -19.380 -6.311
3768 10.0 -18.573 -5.684
3780 10.0 -17.716 -5.588
3792 10.0 -19.202 -9.510
3804 10.0 -18.186 -5.899
3816 10.0 -18.311 -3.678
3828 10.0 -18.538 -7.831
3636 112.0 -25.426 9.832
3648 112.0 -25.427 9.858
3660 112.0 -25.428 9.884
3672 112.0 -25.429 9.910
3684 112.0 -25.430 9.937
3696 112.0 -25.431 9.963
3708 112.0 -25.432 9.989
3720 112.0 -25.433 10.015
3732 112.0 -25.416 10.088
3744 112.0 -25.414 9.988
3756 112.0 -25.456 10.165
3768 112.0 -25.419 10.089
3780 112.0 -25.327 10.055
3792 112.0 -25.432 10.006
3804 112.0 -25.452 9.926
3816 112.0 -25.467 9.994
3828 112.0 -25.454 10.009
3840 112.0 -25.451 10.010
3852 112.0 -25.546 10.039
3864 112.0 -25.360 9.923
3648 125.0 0.988 7.045
3660 125.0 1.118 7.827
3672 125.0 1.323 8.424
3684 125.0 1.528 9.057
3696 125.0 1.733 9.654
3708 125.0 1.938 10.101
3720 125.0 2.069 10.735
3732 125.0 2.292 11.331
3744 125.0 1.669 11.023
3756 125.0 2.292 12.478
3768 125.0 2.386 11.713
3780 125.0 2.316 12.131
3792 125.0 2.347 11.909
3804 125.0 2.343 13.481
3816 125.0 2.600 13.450
3828 125.0 2.161 12.850
3840 125.0 1.409 13.745
3852 125.0 2.009 12.510
3864 125.0 1.846 13.403
3876 125.0 1.533 12.816
3744 79.0 3.560 45.212
3756 79.0 3.560 45.212
3768 79.0 3.560 45.212
3780 79.0 3.560 45.212
3792 79.0 3.560 45.212
3804 79.0 3.560 45.212
3816 79.0 3.560 45.212
3828 79.0 3.560 45.212
3840 79.0 3.554 45.211
3852 79.0 3.496 45.206
3864 79.0 3.503 45.195
3876 79.0 3.615 45.116
3888 79.0 3.591 45.158
3900 79.0 3.550 45.196
3912 79.0 3.613 45.219
3924 79.0 3.538 45.208
3936 79.0 3.622 45.199
3948 79.0 3.653 45.228
3960 79.0 3.637 45.200
3972 79.0 3.744 45.236
3744 118.0 -7.548 -5.125
3756 118.0 -7.548 -5.125
3768 118.0 -7.548 -5.125
3780 118.0 -7.548 -5.125
3792 118.0 -7.548 -5.125
3804 118.0 -7.548 -5.125
3816 118.0 -7.548 -5.125
3828 118.0 -7.548 -5.125
3840 118.0 -7.560 -5.187
3852 118.0 -7.560 -5.171
3864 118.0 -7.529 -5.184
3876 118.0 -7.539 -5.153
3888 118.0 -7.544 -5.232
3900 118.0 -7.541 -5.259
3912 118.0 -7.603 -5.361
3924 118.0 -7.507 -5.240
3936 118.0 -7.511 -5.223
3948 118.0 -7.443 -5.204
3960 118.0 -7.434 -5.257
3972 118.0 -7.616 -5.231
3804 62.0 -22.028 9.970
3816 62.0 -21.823 9.505
3828 62.0 -21.544 9.039
3840 62.0 -21.134 8.591
3852 62.0 -20.798 7.976
3864 62.0 -20.388 7.361
3876 62.0 -19.978 6.746
3888 62.0 -19.643 6.280
3900 62.0 -19.947 6.084
3912 62.0 -19.478 5.274
3924 62.0 -19.171 5.667
3936 62.0 -19.540 5.297
3948 62.0 -18.467 3.121
3960 62.0 -17.210 1.706
3972 62.0 -17.806 3.850
3984 62.0 -17.438 2.913
3996 62.0 -18.796 4.361
4008 62.0 -17.019 0.609
4020 62.0 -16.880 1.028
4032 62.0 -17.139 3.051
3804 122.0 -16.885 -13.623
3816 122.0 -17.034 -13.940
3828 122.0 -17.034 -13.940
3840 122.0 -17.034 -13.940
3852 122.0 -17.034 -13.940
3864 122.0 -17.034 -13.940
3876 122.0 -17.034 -13.940
3888 122.0 -17.034 -13.940
3900 122.0 -17.190 -13.972
3912 122.0 -17.018 -14.114
3924 122.0 -17.069 -13.967
3936 122.0 -17.042 -14.146
3948 122.0 -17.200 -14.495
3960 122.0 -17.255 -14.237
3972 122.0 -17.443 -14.135
3984 122.0 -17.239 -14.220
3996 122.0 -17.525 -14.227
4008 122.0 -17.418 -14.450
4020 122.0 -17.607 -14.319
4032 122.0 -17.394 -14.532
3840 11.0 -20.351 -2.050
3852 11.0 -20.481 -1.454
3864 11.0 -20.686 -0.988
3876 11.0 -20.910 -0.522
3888 11.0 -21.096 0.075
3900 11.0 -21.245 0.540
3912 11.0 -21.450 1.006
3924 11.0 -21.655 1.603
3936 11.0 -21.890 1.247
3948 11.0 -22.012 1.872
3960 11.0 -22.230 1.824
3972 11.0 -22.590 2.265
3984 11.0 -22.902 2.913
3996 11.0 -23.481 3.420
4008 11.0 -23.404 4.017
4020 11.0 -23.994 3.544
4032 11.0 -23.782 4.183
4044 11.0 -24.643 5.493
4056 11.0 -22.343 4.830
4068 11.0 -23.493 5.774
3876 12.0 -15.897 34.869
3888 12.0 -15.412 35.018
3900 12.0 -14.853 35.316
3912 12.0 -14.313 35.465
3924 12.0 -13.772 35.782
3936 12.0 -13.139 35.931
3948 12.0 -12.598 36.248
3960 12.0 -12.114 36.695
3972 12.0 -12.937 35.263
3984 12.0 -13.485 35.712
3996 12.0 -12.951 35.321
4008 12.0 -13.247 35.792
4020 12.0 -13.332 35.269
4032 12.0 -14.286 35.344
4044 12.0 -13.712 34.763
4056 12.0 -13.479 35.092
4068 12.0 -12.482 34.705
4080 12.0 -12.866 34.717
4092 12.0 -12.131 34.115
4104 12.0 -13.561 34.616
3876 113.0 -25.445 10.355
3888 113.0 -25.445 10.381
3900 113.0 -25.447 10.407
3912 113.0 -25.447 10.433
3924 113.0 -25.448 10.459
3936 113.0 -25.449 10.485
3948 113.0 -25.450 10.511
3960 113.0 -25.451 10.537
3972 113.0 -25.456 10.421
3984 113.0 -25.574 10.449
3996 113.0 -25.556 10.447
4008 113.0 -25.581 10.534
4020 113.0 -25.728 10.497
4032 113.0 -25.713 10.523
4044 113.0 -25.690 10.533
4056 113.0 -25.826 10.467
4068 113.0 -25.798 10.561
4080 113.0 -25.925 10.525
4092 113.0 -25.934 10.512
4104 113.0 -25.925 10.630
3984 80.0 3.560 45.212
3996 80.0 3.560 45.212
4008 80.0 3.522 45.137
4020 80.0 3.522 45.137
4032 80.0 3.522 45.137
4044 80.0 3.522 45.137
4056 80.0 3.522 45.137
4068 80.0 3.522 45.212
4080 80.0 3.462 45.238
4092 80.0 3.454 45.278
4104 80.0 3.409 45.223
4116 80.0 3.407 45.183
4128 80.0 3.440 45.197
4140 80.0 3.481 45.158
4152 80.0 3.513 45.144
4164 80.0 3.574 45.192
4176 80.0 3.523 45.236
4188 80.0 3.473 45.194
4200 80.0 3.504 45.184
4212 80.0 3.468 45.186
3996 14.0 3.429 43.963
4008 14.0 3.429 43.963
4020 14.0 3.429 43.963
4032 14.0 3.429 43.963
4044 14.0 3.429 43.963
4056 14.0 3.429 43.963
4068 14.0 3.429 43.963
4080 14.0 3.429 43.963
4092 14.0 3.472 43.914
4104 14.0 3.395 43.962
4116 14.0 3.283 43.966
4128 14.0 3.321 43.941
4140 14.0 3.274 43.963
4152 14.0 3.356 44.024
4164 14.0 3.349 43.966
4176 14.0 3.406 43.950
4188 14.0 3.409 43.923
4200 14.0 3.409 43.932
4212 14.0 3.409 43.896
4224 14.0 3.472 43.897
4044 63.0 -17.816 -0.540
4056 63.0 -17.779 -1.137
4068 63.0 -17.686 -1.603
4080 63.0 -17.611 -2.218
4092 63.0 -17.574 -2.740
4104 63.0 -17.500 -3.224
4116 63.0 -17.425 -3.820
4128 63.0 -17.388 -4.361
4140 63.0 -17.285 -4.617
4152 63.0 -17.305 -4.776
4164 63.0 -17.103 -4.437
4176 63.0 -17.010 -6.068
4188 63.0 -17.216 -6.014
4200 63.0 -17.340 -7.339
4212 63.0 -17.395 -7.173
4224 63.0 -17.576 -7.757
4236 63.0 -17.298 -6.616
4248 63.0 -17.514 -8.397
4260 63.0 -17.648 -7.390
4272 63.0 -17.398 -9.239
4116 13.0 -5.535 41.839
4128 13.0 -5.181 42.286
4140 13.0 -4.845 42.901
4152 13.0 -4.566 43.367
4164 13.0 -4.230 43.982
4176 13.0 -3.876 44.429
4188 13.0 -3.541 45.044
4200 13.0 -3.205 45.510
4212 13.0 -3.838 44.705
4224 13.0 -3.730 45.194
4236 13.0 -3.937 44.343
4248 13.0 -4.213 44.624
4260 13.0 -4.409 44.780
4272 13.0 -4.271 46.795
4284 13.0 -3.634 46.599
4296 13.0 -2.612 48.082
4308 13.0 -3.253 46.238
4320 13.0 -3.500 47.057
4332 13.0 -3.780 46.542
4344 13.0 -3.635 47.304
4116 114.0 -23.743 8.442
4128 114.0 -23.407 7.958
4140 114.0 -23.128 7.660
4152 114.0 -22.848 7.361
4164 114.0 -22.587 6.895
4176 114.0 -22.289 6.579
4188 114.0 -22.103 6.131
4200 114.0 -22.028 5.684
4212 114.0 -21.809 6.104
4224 114.0 -21.286 4.986
4236 114.0 -21.105 5.510
4248 114.0 -20.264 5.409
4260 114.0 -19.367 4.664
4272 114.0 -19.290 4.741
4284 114.0 -19.464 4.644
4296 114.0 -18.056 3.930
4308 114.0 -18.184 3.933
4320 114.0 -18.662 3.694
4332 114.0 -18.437 4.105
4344 114.0 -20.745 5.210
4224 81.0 3.522 45.286
4236 81.0 3.522 45.286
4248 81.0 3.522 45.286
4260 81.0 3.485 45.361
4272 81.0 3.485 45.361
4284 81.0 3.485 45.361
4296 81.0 3.485 45.361
4308 81.0 3.485 45.361
4320 81.0 3.579 45.288
4332 81.0 3.668 45.265
4344 81.0 3.586 45.280
4356 81.0 3.498 45.195
4368 81.0 3.482 45.179
4380 81.0 3.498 45.202
4392 81.0 3.601 45.186
4404 81.0 3.706 45.147
4416 81.0 3.537 45.250
4428 81.0 3.576 45.253
4440 81.0 3.569 45.204
4452 81.0 3.619 45.142
4236 15.0 3.429 43.963
4248 15.0 3.429 43.963
4260 15.0 3.429 43.963
4272 15.0 3.429 43.963
4284 15.0 3.429 43.963
4296 15.0 3.429 43.963
4308 15.0 3.429 43.963
4320 15.0 3.429 43.963
4332 15.0 3.467 43.967
4344 15.0 3.442 43.970
4356 15.0 3.433 43.947
4368 15.0 3.474 43.843
4380 15.0 3.559 43.880
4392 15.0 3.534 43.924
4404 15.0 3.414 44.034
4416 15.0 3.466 43.965
4428 15.0 3.505 43.920
4440 15.0 3.573 43.947
4452 15.0 3.582 43.988
4464 15.0 3.480 43.938
4356 115.0 -20.947 -0.149
4368 115.0 -20.873 -0.466
4380 115.0 -20.798 -0.913
4392 115.0 -20.649 -1.360
4404 115.0 -20.575 -1.845
4416 115.0 -20.519 -2.292
4428 115.0 -20.463 -2.740
4440 115.0 -20.388 -3.224
4452 115.0 -20.811 -2.953
4464 115.0 -20.835 -3.578
4476 115.0 -20.888 -2.929
4488 115.0 -20.687 -4.020
4500 115.0 -20.713 -4.017
4512 115.0 -20.679 -5.262
4524 115.0 -20.497 -4.692
4536 115.0 -20.394 -6.425
4548 115.0 -20.454 -6.586
4560 115.0 -20.391 -7.188
4572 115.0 -20.464 -6.907
4584 115.0 -20.298 -7.243
4464 82.0 3.485 45.510
4476 82.0 3.485 45.510
4488 82.0 3.485 45.510
4500 82.0 3.485 45.585
4512 82.0 3.448 45.510
4524 82.0 3.448 45.510
4536 82.0 3.448 45.436
4548 82.0 3.448 45.436
4560 82.0 3.467 45.456
4572 82.0 3.438 45.455
4584 82.0 3.333 45.436
4596 82.0 3.389 45.415
4608 82.0 3.433 45.477
4620 82.0 3.575 45.367
4632 82.0 3.574 45.416
4644 82.0 3.572 45.381
4656 82.0 3.497 45.366
4668 82.0 3.474 45.396
4680 82.0 3.518 45.382
4692 82.0 3.551 45.256
4596 116.0 -19.661 -9.579
4608 116.0 -19.624 -10.026
4620 116.0 -19.568 -10.492
4632 116.0 -19.494 -10.958
4644 116.0 -19.494 -11.405
4656 116.0 -19.419 -11.778
4668 116.0 -19.382 -12.188
4680 116.0 -19.345 -12.635
4692 116.0 -19.293 -13.503
4704 116.0 -19.036 -14.092
4716 116.0 -18.915 -15.086
4728 116.0 -19.050 -14.149
4740 116.0 -19.045 -14.849
4752 116.0 -19.206 -15.337
4764 116.0 -19.334 -16.274
4776 116.0 -19.354 -15.907
4788 116.0 -19.352 -16.782
4800 116.0 -19.292 -17.582
4812 116.0 -19.586 -19.019
4824 116.0 -18.952 -18.405
4704 83.0 3.448 45.137
4716 83.0 3.448 45.063
4728 83.0 3.448 45.063
4740 83.0 3.448 45.063
4752 83.0 3.485 45.063
4764 83.0 3.485 45.063
4776 83.0 3.485 45.063
4788 83.0 3.485 44.970
4800 83.0 3.445 45.077
4812 83.0 3.421 45.036
4824 83.0 3.424 44.991
4836 83.0 3.357 44.876
4848 83.0 3.366 44.859
4860 83.0 3.463 44.801
4872 83.0 3.407 44.893
4884 83.0 3.336 44.754
4896 83.0 3.388 44.623
4908 83.0 3.576 44.675
4920 83.0 3.406 44.830
4932 83.0 3.311 44.925
4836 74.0 4.883 14.220
4848 74.0 4.249 13.250
4860 74.0 3.690 12.654
4872 74.0 3.131 12.170
4884 74.0 2.609 11.573
4896 74.0 2.385 11.126
4908 74.0 2.385 10.790
4920 74.0 2.255 10.343
4932 74.0 2.569 11.546
4944 74.0 2.307 9.974
4956 74.0 3.258 10.492
4968 74.0 2.142 9.060
4980 74.0 2.925 6.741
4992 74.0 3.235 8.660
5004 74.0 3.400 6.190
5016 74.0 3.366 6.706
5028 74.0 3.642 4.803
5040 74.0 3.966 6.263
5052 74.0 4.621 9.213
5064 74.0 3.913 3.085
4848 29.0 4.547 16.232
4860 29.0 4.286 15.487
4872 29.0 3.988 14.853
4884 29.0 3.727 14.257
4896 29.0 3.466 13.474
4908 29.0 3.168 12.878
4920 29.0 2.907 12.263
4932 29.0 2.758 11.648
4944 29.0 3.139 11.221
4956 29.0 3.697 11.137
4968 29.0 4.232 10.746
4980 29.0 4.028 9.243
4992 29.0 3.753 11.122
5004 29.0 3.367 9.055
5016 29.0 4.090 6.560
5028 29.0 2.686 6.383
5040 29.0 3.544 14.262
5052 29.0 3.581 10.303
5064 29.0 2.786 8.421
5076 29.0 3.404 10.612
4944 84.0 3.485 44.671
4956 84.0 3.485 44.671
4968 84.0 3.485 44.597
4980 84.0 3.485 44.597
4992 84.0 3.485 44.597
5004 84.0 3.485 44.597
5016 84.0 3.485 44.597
5028 84.0 3.485 44.597
5040 84.0 3.495 44.591
5052 84.0 3.490 44.576
5064 84.0 3.399 44.554
5076 84.0 3.461 44.643
5088 84.0 3.505 44.625
5100 84.0 3.543 44.581
5112 84.0 3.471 44.641
5124 84.0 3.451 44.632
5136 84.0 3.481 44.622
5148 84.0 3.374 44.690
5160 84.0 3.486 44.608
5172 84.0 3.433 44.588
5004 24.0 3.615 43.665
5016 24.0 3.615 43.665
5028 24.0 3.615 43.665
5040 24.0 3.615 43.665
5052 24.0 3.615 43.665
5064 24.0 3.615 43.665
5076 24.0 3.615 43.665
5088 24.0 3.615 43.665
5100 24.0 3.656 43.632
5112 24.0 3.608 43.576
5124 24.0 3.599 43.604
5136 24.0 3.574 43.628
5148 24.0 3.524 43.624
5160 24.0 3.596 43.665
5172 24.0 3.565 43.601
5184 24.0 3.509 43.589
5196 24.0 3.539 43.635
5208 24.0 3.568 43.633
5220 24.0 3.639 43.642
5232 24.0 3.661 43.648
5076 75.0 0.149 3.224
5088 75.0 0.019 2.684
5100 75.0 -0.112 2.162
5112 75.0 -0.317 1.603
5124 75.0 -0.447 1.081
5136 75.0 -0.596 0.540
5148 75.0 -0.764 0.000
5160 75.0 -0.895 -0.522
5172 75.0 -0.333 -0.250
5184 75.0 -0.002 -1.080
5196 75.0 -0.030 -2.336
5208 75.0 -0.294 -2.696
5220 75.0 -0.399 -2.852
5232 75.0 -0.275 -5.144
5244 75.0 -0.671 -2.436
5256 75.0 -0.351 -4.629
5268 75.0 -0.590 -3.743
5280 75.0 -0.481 -2.036
5292 75.0 -0.052 -1.664
5304 75.0 -0.518 -2.861
5088 30.0 0.373 4.603
5100 30.0 0.149 4.137
5112 30.0 -0.112 3.597
5124 30.0 -0.391 3.150
5136 30.0 -0.671 2.609
5148 30.0 -0.895 2.143
5160 30.0 -1.174 1.621
5172 30.0 -1.454 1.155
5184 30.0 -0.826 1.584
5196 30.0 -0.526 1.271
5208 30.0 -0.758 0.499
5220 30.0 -0.132 1.065
5232 30.0 -0.696 -0.537
5244 30.0 -0.120 0.887
5256 30.0 -0.856 -2.999
5268 30.0 -0.039 0.119
5280 30.0 -0.411 -1.598
5292 30.0 -0.611 -0.695
5304 30.0 -0.451 -6.295
5316 30.0 -1.067 -4.694
5088 72.0 -18.860 -12.337
5100 72.0 -19.158 -12.020
5112 72.0 -19.233 -11.405
5124 72.0 -19.345 -10.958
5136 72.0 -19.419 -10.343
5148 72.0 -19.494 -9.877
5160 72.0 -19.643 -9.262
5172 72.0 -19.699 -8.796
5184 72.0 -19.530 -8.057
5196 72.0 -19.665 -7.917
5208 72.0 -19.435 -6.938
5220 72.0 -19.582 -6.695
5232 72.0 -19.496 -5.835
5244 72.0 -19.074 -4.144
5256 72.0 -19.447 -7.208
5268 72.0 -19.176 -4.998
5280 72.0 -19.725 -5.567
5292 72.0 -19.588 -4.897
5304 72.0 -19.589 -3.459
5316 72.0 -19.991 -8.206
5184 85.0 3.410 44.970
5196 85.0 3.410 44.970
5208 85.0 3.410 45.063
5220 85.0 3.410 45.063
5232 85.0 3.410 45.063
5244 85.0 3.410 45.137
5256 85.0 3.373 45.137
5268 85.0 3.373 45.212
5280 85.0 3.358 45.040
5292 85.0 3.412 44.962
5304 85.0 3.404 44.968
5316 85.0 3.382 44.906
5328 85.0 3.336 44.976
5340 85.0 3.267 44.938
5352 85.0 3.318 44.996
5364 85.0 3.338 44.980
5376 85.0 3.360 45.001
5388 85.0 3.372 45.021
5400 85.0 3.317 45.007
5412 85.0 3.361 44.976
5208 18.0 1.025 52.014
5220 18.0 0.857 51.250
5232 18.0 0.783 50.784
5244 18.0 0.708 50.337
5256 18.0 0.634 49.722
5268 18.0 0.559 49.256
5280 18.0 0.503 48.809
5292 18.0 0.447 48.343
5304 18.0 0.683 47.452
5316 18.0 1.092 47.355
5328 18.0 1.029 46.665
5340 18.0 0.894 45.005
5352 18.0 0.737 43.382
5364 18.0 0.659 44.958
5376 18.0 1.081 45.143
5388 18.0 0.547 42.001
5400 18.0 1.048 43.259
5412 18.0 0.684 39.271
5424 18.0 0.535 45.606
5436 18.0 0.821 41.932
5244 25.0 3.615 43.665
5256 25.0 3.615 43.665
5268 25.0 3.615 43.665
5280 25.0 3.615 43.665
5292 25.0 3.615 43.665
5304 25.0 3.615 43.665
5316 25.0 3.615 43.665
5328 25.0 3.615 43.665
5340 25.0 3.619 43.636
5352 25.0 3.578 43.575
5364 25.0 3.545 43.604
5376 25.0 3.515 43.655
5388 25.0 3.512 43.631
5400 25.0 3.407 43.605
5412 25.0 3.375 43.589
5424 25.0 3.228 43.625
5436 25.0 3.286 43.540
5448 25.0 3.281 43.576
5460 25.0 3.222 43.642
5472 25.0 3.177 43.759
5244 69.0 4.622 13.493
5256 69.0 4.063 13.176
5268 69.0 3.522 12.878
5280 69.0 2.982 12.729
5292 69.0 2.497 12.412
5304 69.0 1.938 12.114
5316 69.0 1.398 11.797
5328 69.0 0.857 11.648
5340 69.0 2.719 12.765
5352 69.0 2.253 12.714
5364 69.0 2.038 12.790
5376 69.0 1.944 12.687
5388 69.0 1.538 12.316
5400 69.0 0.930 12.822
5412 69.0 1.980 13.086
5424 69.0 0.169 12.265
5436 69.0 1.114 12.854
5448 69.0 0.538 12.806
5460 69.0 1.637 13.256
5472 69.0 0.370 13.033
5316 76.0 -1.864 -4.044
5328 76.0 -1.864 -4.361
5340 76.0 -1.994 -4.827
5352 76.0 -2.199 -5.125
5364 76.0 -2.348 -5.572
5376 76.0 -2.479 -5.908
5388 76.0 -2.684 -6.355
5400 76.0 -2.833 -6.802
5412 76.0 -2.422 -6.089
5424 76.0 -2.387 -6.888
5436 76.0 -2.439 -7.362
5448 76.0 -2.351 -8.159
5460 76.0 -2.287 -8.645
5472 76.0 -2.057 -9.263
5484 76.0 -2.036 -9.627
5496 76.0 -1.810 -10.583
5508 76.0 -2.257 -11.025
5520 76.0 -2.318 -12.134
5532 76.0 -2.315 -10.925
5544 76.0 -2.033 -11.054
5424 86.0 3.299 45.510
5436 86.0 3.299 45.585
5448 86.0 3.299 45.585
5460 86.0 3.299 45.585
5472 86.0 3.299 45.659
5484 86.0 3.299 45.659
5496 86.0 3.299 45.659
5508 86.0 3.336 45.659
5520 86.0 3.256 45.656
5532 86.0 3.297 45.719
5544 86.0 3.313 45.646
5556 86.0 3.372 45.596
5568 86.0 3.389 45.647
5580 86.0 3.408 45.667
5592 86.0 3.439 45.600
5604 86.0 3.493 45.604
5616 86.0 3.436 45.653
5628 86.0 3.395 45.612
5640 86.0 3.293 45.546
5652 86.0 3.287 45.542
5484 70.0 -5.740 7.212
5496 70.0 -6.150 6.746
5508 70.0 -6.560 6.206
5520 70.0 -6.840 5.740
5532 70.0 -7.175 5.293
5544 70.0 -7.455 4.752
5556 70.0 -7.790 4.286
5568 70.0 -8.107 3.914
5580 70.0 -7.904 4.854
5592 70.0 -8.446 4.589
5604 70.0 -8.297 4.220
5616 70.0 -8.760 4.983
5628 70.0 -8.628 4.888
5640 70.0 -8.691 5.119
5652 70.0 -9.225 4.854
5664 70.0 -9.183 3.211
5676 70.0 -9.580 4.637
5688 70.0 -8.132 5.769
5700 70.0 -9.054 4.415
5712 70.0 -9.168 4.721
5556 77.0 -3.522 -9.877
5568 77.0 -3.522 -9.877
5580 77.0 -3.485 -9.877
5592 77.0 -3.522 -10.026
5604 77.0 -3.522 -10.026
5616 77.0 -3.522 -10.101
5628 77.0 -3.541 -10.101
5640 77.0 -3.541 -10.175
5652 77.0 -3.506 -10.216
5664 77.0 -3.574 -10.322
5676 77.0 -3.540 -10.277
5688 77.0 -3.515 -10.272
5700 77.0 -3.513 -10.391
5712 77.0 -3.605 -10.673
5724 77.0 -3.646 -10.861
5736 77.0 -3.731 -10.982
5748 77.0 -3.774 -11.338
5760 77.0 -3.603 -11.508
5772 77.0 -3.715 -10.800
5784 77.0 -3.840 -11.309
5604 73.0 4.510 12.952
5616 73.0 3.970 12.952
5628 73.0 3.410 12.952
5640 73.0 2.870 12.803
5652 73.0 2.330 12.803
5664 73.0 1.770 12.635
5676 73.0 1.230 12.635
5688 73.0 0.671 12.635
5700 73.0 0.785 12.800
5712 73.0 0.271 12.983
5724 73.0 1.122 13.336
5736 73.0 0.950 13.053
5748 73.0 0.574 13.114
5760 73.0 -0.273 12.795
5772 73.0 1.340 12.467
5784 73.0 0.699 12.825
5796 73.0 0.530 13.078
5808 73.0 0.618 13.052
5820 73.0 -0.790 12.639
5832 73.0 -2.276 13.673
5664 87.0 3.373 45.436
5676 87.0 3.373 45.436
5688 87.0 3.410 45.436
5700 87.0 3.410 45.436
5712 87.0 3.410 45.436
5724 87.0 3.410 45.361
5736 87.0 3.410 45.361
5748 87.0 3.410 45.361
5760 87.0 3.390 45.415
5772 87.0 3.452 45.358
5784 87.0 3.399 45.329
5796 87.0 3.403 45.324
5808 87.0 3.411 45.382
5820 87.0 3.332 45.333
5832 87.0 3.302 45.375
5844 87.0 3.322 45.376
5856 87.0 3.350 45.324
5868 87.0 3.382 45.309
5880 87.0 3.361 45.326
5892 87.0 3.270 45.351
5724 71.0 -12.151 -2.218
5736 71.0 -12.430 -2.833
5748 71.0 -12.710 -3.280
5760 71.0 -12.971 -3.895
5772 71.0 -13.250 -4.361
5784 71.0 -13.530 -4.827
5796 71.0 -13.791 -5.442
5808 71.0 -14.070 -5.889
5820 71.0 -13.863 -7.622
5832 71.0 -13.933 -8.097
5844 71.0 -14.181 -7.030
5856 71.0 -12.754 -8.108
5868 71.0 -13.510 -10.514
5880 71.0 -14.042 -12.136
5892 71.0 -14.141 -10.986
5904 71.0 -12.991 -12.232
5916 71.0 -13.966 -6.973
5928 71.0 -14.721 -6.551
5940 71.0 -14.131 -1.634
5952 71.0 -13.526 -6.066
6336 42.0 1.770 15.245
6348 42.0 1.062 15.245
6360 42.0 0.429 15.245
6372 42.0 -0.112 15.245
6384 42.0 -0.727 15.245
6396 42.0 -1.286 15.394
6408 42.0 -1.901 15.394
6420 42.0 -2.441 15.394
6432 42.0 -1.857 15.254
6444 42.0 -1.696 15.545
6456 42.0 -2.348 15.865
6468 42.0 -3.422 15.481
6480 42.0 -1.988 16.208
6492 42.0 -2.275 16.396
6504 42.0 -2.446 16.578
6516 42.0 -2.547 16.211
6528 42.0 -2.142 16.404
6540 42.0 -2.849 16.552
6552 42.0 -4.653 17.593
6564 42.0 -4.545 17.485
6504 40.0 3.765 44.206
6516 40.0 3.765 44.206
6528 40.0 3.765 44.206
6540 40.0 3.765 44.206
6552 40.0 3.765 44.206
6564 40.0 3.765 44.206
6576 40.0 3.765 44.206
6588 40.0 3.765 44.206
6600 40.0 3.698 44.184
6612 40.0 3.669 44.183
6624 40.0 3.698 44.153
6636 40.0 3.687 44.165
6648 40.0 3.681 44.150
6660 40.0 3.755 44.147
6672 40.0 3.725 44.113
6684 40.0 3.765 44.066
6696 40.0 3.685 44.052
6708 40.0 3.671 44.067
6720 40.0 3.634 44.185
6732 40.0 3.621 44.135
6504 44.0 -20.407 19.326
6516 44.0 -19.810 19.326
6528 44.0 -19.177 19.326
6540 44.0 -18.506 19.326
6552 44.0 -17.872 19.326
6564 44.0 -17.257 19.326
6576 44.0 -16.568 19.326
6588 44.0 -15.971 19.326
6600 44.0 -16.697 19.086
6612 44.0 -15.625 18.639
6624 44.0 -16.925 19.323
6636 44.0 -16.762 18.981
6648 44.0 -17.100 18.862
6660 44.0 -16.454 19.047
6672 44.0 -16.192 18.872
6684 44.0 -15.948 18.905
6696 44.0 -16.096 18.637
6708 44.0 -15.367 18.485
6720 44.0 -16.751 18.483
6732 44.0 -16.796 18.716
6504 46.0 -7.492 -5.367
6516 46.0 -7.492 -5.367
6528 46.0 -7.492 -5.367
6540 46.0 -7.492 -5.367
6552 46.0 -7.492 -5.367
6564 46.0 -7.492 -5.367
6576 46.0 -7.492 -5.367
6588 46.0 -7.492 -5.367
6600 46.0 -7.348 -5.350
6612 46.0 -7.454 -5.388
6624 46.0 -7.530 -5.387
6636 46.0 -7.559 -5.431
6648 46.0 -7.524 -5.393
6660 46.0 -7.518 -5.387
6672 46.0 -7.468 -5.361
6684 46.0 -7.440 -5.403
6696 46.0 -7.407 -5.477
6708 46.0 -7.501 -5.458
6720 46.0 -7.547 -5.451
6732 46.0 -7.552 -5.464
6576 43.0 -10.604 16.251
6588 43.0 -11.014 16.251
6600 43.0 -11.499 16.251
6612 43.0 -11.983 16.251
6624 43.0 -12.468 16.251
6636 43.0 -13.008 16.251
6648 43.0 -13.549 16.251
6660 43.0 -14.108 16.400
6672 43.0 -13.271 16.740
6684 43.0 -13.718 17.346
6696 43.0 -14.361 17.256
6708 43.0 -14.774 17.215
6720 43.0 -14.881 17.957
6732 43.0 -15.217 17.843
6744 43.0 -16.359 18.283
6756 43.0 -15.816 18.406
6768 43.0 -18.073 19.169
6780 43.0 -16.746 19.339
6792 43.0 -17.373 19.487
6804 43.0 -15.523 19.073
6744 41.0 3.765 44.206
6756 41.0 3.765 44.206
6768 41.0 3.765 44.206
6780 41.0 3.765 44.206
6792 41.0 3.765 44.206
6804 41.0 3.765 44.206
6816 41.0 3.765 44.206
6828 41.0 3.765 44.206
6840 41.0 3.775 44.186
6852 41.0 3.760 44.205
6864 41.0 3.775 44.243
6876 41.0 3.707 44.258
6888 41.0 3.682 44.247
6900 41.0 3.768 44.232
6912 41.0 3.774 44.218
6924 41.0 3.740 44.222
6936 41.0 3.615 44.249
6948 41.0 3.685 44.211
6960 41.0 3.732 44.209
6972 41.0 3.755 44.229
6744 45.0 -7.734 19.475
6756 45.0 -7.100 19.475
6768 45.0 -6.430 19.475
6780 45.0 -5.796 19.475
6792 45.0 -5.200 19.475
6804 45.0 -4.566 19.475
6816 45.0 -3.951 19.475
6828 45.0 -3.261 19.475
6840 45.0 -4.984 19.441
6852 45.0 -5.115 19.230
6864 45.0 -4.753 19.636
6876 45.0 -4.769 19.865
6888 45.0 -4.927 19.595
6900 45.0 -5.241 19.800
6912 45.0 -4.992 20.006
6924 45.0 -5.076 19.682
6936 45.0 -4.980 19.379
6948 45.0 -4.435 19.517
6960 45.0 -5.111 19.743
6972 45.0 -4.704 19.274
6744 47.0 -7.492 -5.367
6756 47.0 -7.492 -5.367
6768 47.0 -7.492 -5.367
6780 47.0 -7.492 -5.367
6792 47.0 -7.492 -5.367
6804 47.0 -7.492 -5.367
6816 47.0 -7.492 -5.367
6828 47.0 -7.492 -5.367
6840 47.0 -7.534 -5.414
6852 47.0 -7.516 -5.444
6864 47.0 -7.552 -5.466
6876 47.0 -7.504 -5.467
6888 47.0 -7.506 -5.455
6900 47.0 -7.566 -5.414
6912 47.0 -7.568 -5.414
6924 47.0 -7.580 -5.390
6936 47.0 -7.571 -5.346
6948 47.0 -7.586 -5.350
6960 47.0 -7.553 -5.370
6972 47.0 -7.544 -5.413
6840 2.0 5.032 14.406
6852 2.0 4.417 14.406
6864 2.0 3.802 14.555
6876 2.0 3.168 14.555
6888 2.0 2.572 14.704
6900 2.0 1.938 14.704
6912 2.0 1.323 14.704
6924 2.0 0.708 14.872
6936 2.0 1.101 14.634
6948 2.0 1.512 14.730
6960 2.0 1.053 15.068
6972 2.0 0.910 14.953
6984 2.0 0.014 15.533
6996 2.0 -0.408 15.602
7008 2.0 -0.678 15.729
7020 2.0 -1.550 16.026
7032 2.0 -1.310 16.470
7044 2.0 0.298 16.459
7056 2.0 0.953 15.865
7068 2.0 0.046 15.608
6888 0.0 3.578 19.158
6900 0.0 3.243 18.543
6912 0.0 2.833 17.928
6924 0.0 2.497 17.313
6936 0.0 2.143 16.698
6948 0.0 1.733 16.102
6960 0.0 1.398 15.468
6972 0.0 0.988 14.872
6984 0.0 2.115 15.739
6996 0.0 2.525 16.409
7008 0.0 2.592 14.335
7020 0.0 2.718 14.588
7032 0.0 2.547 13.679
7044 0.0 2.915 12.539
7056 0.0 3.262 11.162
7068 0.0 2.856 11.710
7080 0.0 3.127 11.820
7092 0.0 2.724 10.470
7104 0.0 2.512 11.681
7116 0.0 2.533 11.434
6996 159.0 -17.369 -14.704
7008 159.0 -17.295 -14.406
7020 159.0 -17.090 -13.623
7032 159.0 -16.940 -13.027
7044 159.0 -16.885 -12.412
7056 159.0 -16.885 -11.797
7068 159.0 -16.885 -11.182
7080 159.0 -16.940 -10.567
7092 159.0 -16.572 -9.387
7104 159.0 -16.685 -10.015
7116 159.0 -16.462 -8.831
7128 159.0 -16.360 -8.923
7140 159.0 -16.845 -8.259
7152 159.0 -16.898 -11.155
7164 159.0 -16.287 -8.789
7176 159.0 -15.791 -10.686
7188 159.0 -16.817 -9.264
7200 159.0 -16.639 -5.481
7212 159.0 -16.635 -8.165
7224 159.0 -16.480 -6.243
7080 3.0 -6.001 14.164
7092 3.0 -6.635 14.164
7104 3.0 -7.231 14.164
7116 3.0 -7.939 14.015
7128 3.0 -8.535 14.015
7140 3.0 -9.132 14.015
7152 3.0 -9.859 14.015
7164 3.0 -10.343 14.015
7176 3.0 -9.384 14.386
7188 3.0 -9.622 14.331
7200 3.0 -9.175 14.181
7212 3.0 -9.585 14.815
7224 3.0 -10.595 15.148
7236 3.0 -10.397 15.213
7248 3.0 -11.707 15.150
7260 3.0 -10.954 15.145
7272 3.0 -10.886 15.549
7284 3.0 -11.857 16.022
7296 3.0 -13.718 16.438
7308 3.0 -11.444 15.909
7128 1.0 -4.324 7.734
7140 1.0 -4.808 7.287
7152 1.0 -5.293 6.821
7164 1.0 -5.665 6.280
7176 1.0 -6.001 5.665
7188 1.0 -6.430 5.069
7200 1.0 -6.802 4.454
7212 1.0 -7.138 3.914
7224 1.0 -6.817 4.277
7236 1.0 -6.539 3.879
7248 1.0 -6.736 5.321
7260 1.0 -7.599 4.293
7272 1.0 -7.276 2.724
7284 1.0 -6.492 4.418
7296 1.0 -6.097 4.331
7308 1.0 -7.086 1.467
7320 1.0 -7.721 0.247
7332 1.0 -5.935 -0.471
7344 1.0 -5.517 3.211
7356 1.0 -6.654 2.515
7236 160.0 -16.885 -2.590
7248 160.0 -16.885 -1.994
7260 160.0 -16.829 -1.379
7272 160.0 -16.829 -0.764
7284 160.0 -16.754 -0.149
7296 160.0 -16.754 0.466
7308 160.0 -16.680 1.081
7320 160.0 -16.680 1.696
7332 160.0 -16.580 2.018
7344 160.0 -16.692 1.531
7356 160.0 -16.816 1.530
7368 160.0 -17.652 1.611
7380 160.0 -16.492 2.297
7392 160.0 -16.482 2.465
7404 160.0 -16.524 2.363
7416 160.0 -16.629 3.710
7428 160.0 -16.995 4.453
7440 160.0 -16.969 4.027
7452 160.0 -17.078 3.875
7464 160.0 -16.906 6.278
7308 157.0 4.696 13.791
7320 157.0 4.137 13.642
7332 157.0 3.653 13.493
7344 157.0 3.112 13.325
7356 157.0 2.628 13.176
7368 157.0 2.087 13.027
7380 157.0 1.603 12.878
7392 157.0 1.118 12.729
7404 157.0 -0.686 13.003
7416 157.0 -1.038 14.071
7428 157.0 0.662 14.086
7440 157.0 -0.005 14.320
7452 157.0 -0.201 13.817
7464 157.0 -2.806 14.787
7476 157.0 -0.033 13.472
7488 157.0 -1.078 14.039
7500 157.0 -1.176 14.353
7512 157.0 0.030 14.167
7524 157.0 0.859 14.100
7536 157.0 -1.820 14.759
7476 161.0 -15.990 9.970
7488 161.0 -15.990 10.418
7500 161.0 -15.990 11.033
7512 161.0 -16.102 11.797
7524 161.0 -16.176 12.561
7536 161.0 -16.232 13.418
7548 161.0 -16.307 14.164
7560 161.0 -16.381 15.021
7572 161.0 -16.149 14.926
7584 161.0 -16.336 15.261
7596 161.0 -16.478 14.447
7608 161.0 -16.648 14.394
7620 161.0 -16.149 16.123
7632 161.0 -16.241 15.543
7644 161.0 -16.441 15.616
7656 161.0 -16.152 16.211
7668 161.0 -16.656 17.340
7680 161.0 -17.296 17.280
7692 161.0 -16.365 16.738
7704 161.0 -16.536 16.438
7548 158.0 -5.945 11.797
7560 158.0 -6.560 11.815
7572 158.0 -7.212 11.965
7584 158.0 -7.827 12.039
7596 158.0 -8.442 12.020
7608 158.0 -9.076 12.020
7620 158.0 -9.616 12.020
7632 158.0 -10.231 12.020
7644 158.0 -9.300 12.345
7656 158.0 -10.226 12.575
7668 158.0 -10.569 12.966
7680 158.0 -10.272 13.237
7692 158.0 -11.308 13.119
7704 158.0 -10.628 13.839
7716 158.0 -11.297 13.035
7728 158.0 -11.521 13.902
7740 158.0 -12.173 13.768
7752 158.0 -12.362 14.218
7764 158.0 -13.157 14.060
7776 158.0 -13.767 14.608
8496 16.0 -1.826 21.618
8508 16.0 -1.565 21.618
8520 16.0 -1.155 21.618
8532 16.0 -0.727 21.618
8544 16.0 -0.261 21.767
8556 16.0 0.149 21.767
8568 16.0 0.634 21.767
8580 16.0 1.044 21.767
8592 16.0 0.577 22.089
8604 16.0 0.901 21.610
8616 16.0 0.846 21.727
8628 16.0 0.653 21.954
8640 16.0 0.465 21.856
8652 16.0 1.527 21.835
8664 16.0 0.662 22.457
8676 16.0 1.297 21.740
8688 16.0 1.001 22.699
8700 16.0 1.526 21.967
8712 16.0 1.684 21.708
8724 16.0 1.202 21.897
8496 48.0 3.578 44.056
8508 48.0 3.578 44.056
8520 48.0 3.578 44.056
8532 48.0 3.578 44.056
8544 48.0 3.578 44.056
8556 48.0 3.578 44.056
8568 48.0 3.578 44.056
8580 48.0 3.578 44.056
8592 48.0 3.619 44.015
8604 48.0 3.687 43.974
8616 48.0 3.601 43.991
8628 48.0 3.604 43.939
8640 48.0 3.548 43.957
8652 48.0 3.619 43.988
8664 48.0 3.584 43.936
8676 48.0 3.546 43.895
8688 48.0 3.611 43.933
8700 48.0 3.593 43.935
8712 48.0 3.575 43.944
8724 48.0 3.630 44.001
8508 128.0 -7.138 -5.516
8520 128.0 -7.138 -5.516
8532 128.0 -7.138 -5.516
8544 128.0 -7.138 -5.516
8556 128.0 -7.138 -5.516
8568 128.0 -7.138 -5.516
8580 128.0 -7.138 -5.516
8592 128.0 -7.138 -5.516
8604 128.0 -7.222 -5.567
8616 128.0 -7.173 -5.574
8628 128.0 -7.181 -5.559
8640 128.0 -7.180 -5.552
8652 128.0 -7.272 -5.613
8664 128.0 -7.260 -5.635
8676 128.0 -7.246 -5.677
8688 128.0 -7.247 -5.582
8700 128.0 -7.252 -5.661
8712 128.0 -7.256 -5.662
8724 128.0 -7.330 -5.613
8736 128.0 -7.300 -5.669
8580 88.0 -25.625 14.015
8592 88.0 -25.215 13.120
8604 88.0 -24.880 12.188
8616 88.0 -24.470 11.256
8628 88.0 -24.115 10.660
8640 88.0 -23.780 9.877
8652 88.0 -23.370 9.281
8664 88.0 -23.016 8.647
8676 88.0 -23.671 10.157
8688 88.0 -22.985 9.057
8700 88.0 -23.310 9.548
8712 88.0 -23.500 9.755
8724 88.0 -23.495 8.692
8736 88.0 -21.755 5.398
8748 88.0 -21.349 6.980
8760 88.0 -22.726 7.766
8772 88.0 -21.342 4.952
8784 88.0 -21.108 3.376
8796 88.0 -23.168 10.402
8808 88.0 -22.379 5.322
8736 17.0 8.125 19.307
8748 17.0 8.591 19.009
8760 17.0 9.076 18.711
8772 17.0 9.560 18.543
8784 17.0 9.896 18.543
8796 17.0 9.896 18.543
8808 17.0 9.896 18.543
8820 17.0 9.896 18.543
8832 17.0 9.585 18.769
8844 17.0 10.089 18.480
8856 17.0 10.399 18.230
8868 17.0 10.700 18.138
8880 17.0 11.321 17.845
8892 17.0 12.354 17.621
8904 17.0 12.257 17.421
8916 17.0 12.618 17.423
8928 17.0 12.971 17.322
8940 17.0 13.123 16.924
8952 17.0 12.388 17.188
8964 17.0 13.288 16.782
8736 49.0 3.578 44.056
8748 49.0 3.578 44.056
8760 49.0 3.578 44.056
8772 49.0 3.578 44.056
8784 49.0 3.578 44.056
8796 49.0 3.578 44.056
8808 49.0 3.578 44.056
8820 49.0 3.578 44.056
8832 49.0 3.621 44.042
8844 49.0 3.654 44.023
8856 49.0 3.678 44.004
8868 49.0 3.652 44.015
8880 49.0 3.770 43.950
8892 49.0 3.800 43.937
8904 49.0 3.884 43.921
8916 49.0 3.964 43.960
8928 49.0 4.149 43.877
8940 49.0 4.012 43.802
8952 49.0 3.864 43.903
8964 49.0 3.853 43.831
8748 129.0 -7.138 -5.516
8760 129.0 -7.138 -5.516
8772 129.0 -7.138 -5.516
8784 129.0 -7.138 -5.516
8796 129.0 -7.138 -5.516
8808 129.0 -7.138 -5.516
8820 129.0 -7.138 -5.516
8832 129.0 -7.138 -5.516
8844 129.0 -7.140 -5.522
8856 129.0 -7.097 -5.538
8868 129.0 -7.088 -5.596
8880 129.0 -7.118 -5.623
8892 129.0 -7.229 -5.631
8904 129.0 -7.270 -5.574
8916 129.0 -7.202 -5.637
8928 129.0 -7.186 -5.677
8940 129.0 -7.173 -5.526
8952 129.0 -7.149 -5.494
8964 129.0 -7.148 -5.546
8976 129.0 -7.187 -5.525
8760 57.0 14.052 20.835
8772 57.0 14.462 21.693
8784 57.0 14.909 22.680
8796 57.0 15.245 22.997
8808 57.0 15.580 22.848
8820 57.0 15.878 22.680
8832 57.0 16.139 22.513
8844 57.0 16.475 22.364
8856 57.0 15.147 23.168
8868 57.0 15.748 23.852
8880 57.0 15.907 23.675
8892 57.0 16.060 24.717
8904 57.0 16.349 24.358
8916 57.0 16.468 24.538
8928 57.0 16.236 24.602
8940 57.0 16.686 24.876
8952 57.0 17.009 25.283
8964 57.0 16.484 25.412
8976 57.0 16.411 25.638
8988 57.0 16.774 24.679
