0 1.0 16.085 13.733
12 1.0 15.567 13.889
24 1.0 15.082 14.027
36 1.0 14.563 14.166
48 1.0 14.079 14.304
60 1.0 13.595 14.442
72 1.0 13.111 14.581
84 1.0 12.782 14.719
96 1.0 12.628 14.738
108 1.0 11.833 14.709
120 1.0 11.674 14.967
132 1.0 10.439 14.923
144 1.0 10.429 15.277
156 1.0 10.253 15.428
168 1.0 11.516 15.386
180 1.0 10.219 15.778
192 1.0 11.399 15.481
204 1.0 11.385 15.558
216 1.0 10.467 16.036
228 1.0 9.328 16.682
0 5.0 -18.455 11.364
12 5.0 -17.953 11.364
24 5.0 -17.435 11.364
36 5.0 -16.916 11.364
48 5.0 -16.397 11.364
60 5.0 -15.878 11.364
72 5.0 -15.359 11.364
84 5.0 -14.979 11.364
96 5.0 -15.711 11.739
108 5.0 -15.614 11.202
120 5.0 -15.546 11.968
132 5.0 -15.323 11.568
144 5.0 -14.205 11.740
156 5.0 -14.216 11.114
168 5.0 -15.786 12.001
180 5.0 -14.647 11.896
192 5.0 -16.278 11.806
204 5.0 -15.651 11.521
216 5.0 -14.843 11.117
228 5.0 -14.123 11.474
0 7.0 -19.977 -5.275
12 7.0 -19.839 -5.552
24 7.0 -19.718 -5.690
36 7.0 -19.597 -5.967
48 7.0 -19.458 -6.106
60 7.0 -19.130 -6.106
72 7.0 -18.732 -6.106
84 7.0 -18.490 -6.244
96 7.0 -18.364 -6.062
108 7.0 -18.009 -6.458
120 7.0 -18.222 -6.412
132 7.0 -18.395 -6.410
144 7.0 -18.035 -6.514
156 7.0 -18.239 -6.418
168 7.0 -17.950 -6.650
180 7.0 -17.355 -6.982
192 7.0 -17.224 -7.110
204 7.0 -15.856 -8.016
216 7.0 -16.162 -7.434
228 7.0 -17.096 -7.786
0 10.0 16.501 -0.017
12 10.0 16.501 -0.017
24 10.0 16.501 -0.017
36 10.0 16.501 -0.017
48 10.0 16.501 -0.017
60 10.0 16.501 -0.017
72 10.0 16.501 -0.017
84 10.0 16.501 -0.017
96 10.0 16.405 -0.086
108 10.0 16.420 -0.114
120 10.0 16.398 -0.157
132 10.0 16.482 -0.174
144 10.0 16.428 -0.113
156 10.0 16.436 -0.143
168 10.0 16.492 -0.163
180 10.0 16.468 -0.145
192 10.0 16.531 -0.156
204 10.0 16.548 -0.188
216 10.0 16.465 -0.124
228 10.0 16.447 -0.179
0 12.0 6.002 10.533
12 12.0 6.382 10.257
24 12.0 6.832 10.118
36 12.0 7.299 9.963
48 12.0 7.766 9.824
60 12.0 8.147 9.547
72 12.0 8.596 9.409
84 12.0 9.046 9.271
96 12.0 9.655 8.823
108 12.0 9.518 8.532
120 12.0 8.835 8.973
132 12.0 10.243 8.192
144 12.0 10.749 7.886
156 12.0 10.978 8.043
168 12.0 11.936 7.351
180 12.0 11.613 7.754
192 12.0 11.711 7.604
204 12.0 12.226 7.571
216 12.0 12.860 7.111
228 12.0 11.424 7.221
108 3.0 -21.638 44.157
120 3.0 -21.361 43.742
132 3.0 -20.980 43.586
144 3.0 -20.600 43.448
156 3.0 -20.202 43.310
168 3.0 -19.804 43.171
180 3.0 -19.424 43.033
192 3.0 -19.043 43.033
204 3.0 -19.155 42.697
216 3.0 -18.515 42.664
228 3.0 -17.174 42.098
240 3.0 -16.888 42.105
252 3.0 -17.469 42.224
264 3.0 -17.007 41.649
276 3.0 -17.769 42.000
288 3.0 -16.876 41.857
300 3.0 -16.597 41.514
312 3.0 -16.332 41.522
324 3.0 -15.269 40.841
336 3.0 -15.171 40.711
240 2.0 6.555 15.982
252 2.0 6.036 15.982
264 2.0 5.517 16.120
276 2.0 5.050 16.258
288 2.0 4.532 16.258
300 2.0 4.220 16.397
312 2.0 3.892 16.674
324 2.0 3.632 16.812
336 2.0 3.991 16.946
348 2.0 3.222 16.627
360 2.0 3.322 17.245
372 2.0 3.415 17.134
384 2.0 2.044 17.674
396 2.0 1.911 17.946
408 2.0 -0.019 18.428
420 2.0 0.895 18.222
432 2.0 -0.416 19.106
444 2.0 -0.341 19.175
456 2.0 -0.690 18.862
468 2.0 -1.058 19.883
240 6.0 -10.343 11.848
252 6.0 -10.049 11.848
264 6.0 -9.686 11.848
276 6.0 -9.409 11.848
288 6.0 -9.046 11.848
300 6.0 -8.683 11.917
312 6.0 -7.956 11.917
324 6.0 -7.645 11.917
336 6.0 -8.227 12.066
348 6.0 -8.342 12.216
360 6.0 -7.660 11.663
372 6.0 -7.211 11.331
384 6.0 -7.144 11.367
396 6.0 -7.211 11.345
408 6.0 -7.526 11.435
420 6.0 -7.971 12.062
432 6.0 -8.574 11.973
444 6.0 -8.070 11.883
456 6.0 -6.987 11.341
468 6.0 -6.964 11.361
240 8.0 -18.282 -6.659
252 8.0 -18.282 -6.659
264 8.0 -18.282 -6.659
276 8.0 -18.282 -6.659
288 8.0 -18.282 -6.659
300 8.0 -18.282 -6.659
312 8.0 -18.282 -6.659
324 8.0 -18.282 -6.659
336 8.0 -18.267 -6.702
348 8.0 -18.326 -6.649
360 8.0 -18.345 -6.664
372 8.0 -18.325 -6.704
384 8.0 -18.367 -6.712
396 8.0 -18.385 -6.701
408 8.0 -18.275 -6.700
420 8.0 -18.307 -6.657
432 8.0 -18.324 -6.686
444 8.0 -18.253 -6.727
456 8.0 -18.219 -6.728
468 8.0 -18.314 -6.677
240 11.0 16.501 -0.017
252 11.0 16.501 -0.017
264 11.0 16.501 -0.017
276 11.0 16.501 -0.017
288 11.0 16.501 -0.017
300 11.0 16.501 -0.017
312 11.0 16.501 -0.017
324 11.0 16.501 -0.017
336 11.0 16.418 0.040
348 11.0 16.370 -0.020
360 11.0 16.463 0.008
372 11.0 16.483 0.018
384 11.0 16.505 0.057
396 11.0 16.483 0.084
408 11.0 16.444 -0.005
420 11.0 16.504 0.024
432 11.0 16.442 0.023
444 11.0 16.467 -0.036
456 11.0 16.464 -0.088
468 11.0 16.482 -0.091
324 9.0 20.167 41.494
336 9.0 19.787 41.494
348 9.0 19.337 41.494
360 9.0 18.939 41.494
372 9.0 18.542 41.078
384 9.0 18.161 40.802
396 9.0 17.902 40.231
408 9.0 17.573 39.747
420 9.0 18.154 40.307
432 9.0 18.574 40.334
444 9.0 18.177 40.243
456 9.0 17.893 39.962
468 9.0 18.043 40.176
480 9.0 18.269 39.692
492 9.0 18.752 39.478
504 9.0 17.827 39.131
516 9.0 18.634 38.964
528 9.0 17.517 38.702
540 9.0 19.050 38.641
552 9.0 18.307 39.444
348 4.0 -14.131 41.217
360 4.0 -13.941 40.940
372 4.0 -13.750 40.663
384 4.0 -13.543 40.387
396 4.0 -13.543 39.816
408 4.0 -13.543 39.401
420 4.0 -13.543 38.968
432 4.0 -13.491 38.553
444 4.0 -13.256 38.443
456 4.0 -13.223 38.357
468 4.0 -12.675 38.108
480 4.0 -12.694 37.158
492 4.0 -13.092 36.649
504 4.0 -13.087 36.082
516 4.0 -12.761 35.812
528 4.0 -12.745 35.888
540 4.0 -13.021 35.377
552 4.0 -12.949 34.050
564 4.0 -13.091 35.221
576 4.0 -13.524 34.861
