0 14.0 21.467 -17.871
12 14.0 20.844 -17.956
24 14.0 20.221 -18.040
36 14.0 19.711 -18.040
48 14.0 19.088 -18.125
60 14.0 18.465 -18.125
72 14.0 17.927 -18.125
84 14.0 17.332 -18.125
96 14.0 18.091 -17.817
108 14.0 16.682 -17.907
120 14.0 17.816 -17.602
132 14.0 16.191 -17.188
144 14.0 17.488 -17.083
156 14.0 16.369 -17.011
168 14.0 17.765 -16.962
180 14.0 16.469 -15.933
192 14.0 17.012 -16.941
204 14.0 15.209 -16.291
216 14.0 13.682 -15.693
228 14.0 13.783 -15.466
240 15.0 10.167 -17.078
252 15.0 9.629 -16.993
264 15.0 9.119 -16.794
276 15.0 8.496 -16.709
288 15.0 7.987 -16.539
300 15.0 7.590 -16.370
312 15.0 7.080 -16.200
324 15.0 6.542 -16.001
336 15.0 6.483 -15.831
348 15.0 6.481 -15.721
360 15.0 5.808 -15.121
372 15.0 4.947 -14.699
384 15.0 4.000 -14.517
396 15.0 4.740 -14.601
408 15.0 4.552 -14.198
420 15.0 3.732 -13.682
432 15.0 2.302 -13.295
444 15.0 1.881 -12.846
456 15.0 3.090 -12.519
468 15.0 6.378 -14.020
348 18.0 9.006 -18.295
360 18.0 9.459 -18.040
372 18.0 10.082 -17.786
384 18.0 10.705 -17.417
396 18.0 11.300 -17.163
408 18.0 11.923 -16.794
420 18.0 12.461 -16.709
432 18.0 13.084 -16.709
444 18.0 12.730 -17.064
456 18.0 12.163 -17.328
468 18.0 11.820 -16.868
480 18.0 12.273 -18.124
492 18.0 12.513 -17.265
504 18.0 12.926 -17.674
516 18.0 12.426 -17.557
528 18.0 12.942 -17.739
540 18.0 12.919 -17.219
552 18.0 13.652 -17.250
564 18.0 13.246 -17.147
576 18.0 13.592 -17.680
588 19.0 20.986 -16.313
600 19.0 21.722 -16.313
612 19.0 22.544 -16.313
624 19.0 23.252 -16.313
636 19.0 23.875 -16.426
648 19.0 24.611 -16.483
660 19.0 25.347 -16.681
672 19.0 25.970 -16.766
684 19.0 23.406 -16.628
696 19.0 24.278 -16.865
708 19.0 24.790 -16.957
720 19.0 24.169 -16.776
732 19.0 24.278 -16.551
744 19.0 24.266 -16.736
756 19.0 25.650 -17.592
768 19.0 26.863 -18.138
780 19.0 27.129 -18.453
792 19.0 26.591 -17.966
804 19.0 25.335 -17.395
816 19.0 27.370 -18.855
1188 0.0 32.569 -18.550
1200 0.0 31.889 -18.550
1212 0.0 31.266 -18.550
1224 0.0 30.643 -18.437
1236 0.0 30.134 -18.437
1248 0.0 29.510 -18.352
1260 0.0 28.887 -18.352
1272 0.0 28.264 -18.267
1284 0.0 29.285 -18.524
1296 0.0 28.631 -18.145
1308 0.0 27.997 -17.922
1320 0.0 29.081 -18.593
1332 0.0 27.725 -17.654
1344 0.0 27.282 -17.069
1356 0.0 25.728 -16.848
1368 0.0 26.304 -17.367
1380 0.0 26.405 -16.802
1392 0.0 24.034 -17.145
1404 0.0 25.323 -16.689
1416 0.0 25.686 -16.529
1188 1.0 32.569 -17.474
1200 1.0 31.889 -17.474
1212 1.0 31.266 -17.361
1224 1.0 30.757 -17.361
1236 1.0 30.134 -17.304
1248 1.0 29.510 -17.304
1260 1.0 28.887 -17.304
1272 1.0 28.264 -17.304
1284 1.0 28.888 -17.360
1296 1.0 28.335 -17.266
1308 1.0 28.402 -17.516
1320 1.0 28.237 -17.183
1332 1.0 28.473 -17.689
1344 1.0 27.731 -16.862
1356 1.0 27.426 -17.044
1368 1.0 28.654 -17.139
1380 1.0 27.800 -16.503
1392 1.0 27.428 -16.608
1404 1.0 27.051 -16.392
1416 1.0 26.403 -15.708
1188 2.0 32.569 -16.058
1200 2.0 31.889 -16.058
1212 2.0 31.181 -16.058
1224 2.0 30.558 -15.973
1236 2.0 29.850 -15.973
1248 2.0 29.227 -15.860
1260 2.0 28.717 -15.860
1272 2.0 28.094 -15.860
1284 2.0 27.291 -15.515
1296 2.0 27.438 -16.075
1308 2.0 26.295 -15.782
1320 2.0 27.456 -15.743
1332 2.0 26.538 -15.485
1344 2.0 26.556 -14.961
1356 2.0 27.382 -15.501
1368 2.0 26.920 -15.486
1380 2.0 26.901 -15.060
1392 2.0 24.739 -15.320
1404 2.0 27.476 -15.639
1416 2.0 25.005 -15.330
1188 34.0 32.711 -16.823
1200 34.0 31.946 -16.823
1212 34.0 31.323 -16.709
1224 34.0 30.813 -16.709
1236 34.0 30.190 -16.624
1248 34.0 29.567 -16.624
1260 34.0 28.944 -16.539
1272 34.0 28.434 -16.539
1284 34.0 28.364 -16.552
1296 34.0 28.593 -16.412
1308 34.0 28.204 -16.097
1320 34.0 28.575 -16.079
1332 34.0 28.774 -16.114
1344 34.0 28.176 -15.753
1356 34.0 27.637 -15.096
1368 34.0 27.109 -15.435
1380 34.0 27.069 -15.072
1392 34.0 26.464 -15.226
1404 34.0 26.744 -14.907
1416 34.0 24.453 -14.264
1188 36.0 32.343 -18.975
1200 36.0 31.606 -18.862
1212 36.0 31.011 -18.749
1224 36.0 30.445 -18.607
1236 36.0 29.879 -18.494
1248 36.0 29.256 -18.352
1260 36.0 28.604 -18.437
1272 36.0 28.066 -18.409
1284 36.0 28.901 -18.870
1296 36.0 27.212 -18.116
1308 36.0 27.601 -18.156
1320 36.0 28.259 -18.104
1332 36.0 28.010 -17.364
1344 36.0 27.764 -17.655
1356 36.0 26.061 -16.565
1368 36.0 25.924 -16.578
1380 36.0 25.150 -16.702
1392 36.0 25.448 -16.386
1404 36.0 25.422 -15.675
1416 36.0 24.930 -16.227
1428 35.0 20.674 -16.370
1440 35.0 20.051 -16.285
1452 35.0 19.315 -16.285
1464 35.0 18.805 -16.285
1476 35.0 18.295 -16.370
1488 35.0 17.786 -16.370
1500 35.0 17.276 -16.370
1512 35.0 16.738 -16.285
1524 35.0 17.436 -15.916
1536 35.0 15.854 -15.761
1548 35.0 15.534 -15.096
1560 35.0 15.454 -15.675
1572 35.0 14.417 -15.419
1584 35.0 14.879 -15.218
1596 35.0 13.778 -14.848
1608 35.0 14.344 -14.374
1620 35.0 15.246 -15.104
1632 35.0 12.891 -13.849
1644 35.0 13.141 -13.701
1656 35.0 13.955 -14.931
1428 37.0 20.419 -18.324
1440 37.0 19.881 -18.324
1452 37.0 19.372 -18.324
1464 37.0 18.862 -18.324
1476 37.0 18.239 -18.210
1488 37.0 17.729 -18.210
1500 37.0 17.219 -18.125
1512 37.0 16.624 -18.012
1524 37.0 17.498 -18.823
1536 37.0 18.236 -18.306
1548 37.0 17.833 -18.482
1560 37.0 16.869 -18.313
1572 37.0 16.919 -18.792
1584 37.0 16.150 -18.511
1596 37.0 15.078 -18.590
1608 37.0 15.590 -17.957
1620 37.0 14.839 -18.744
1632 37.0 15.721 -19.013
1644 37.0 14.593 -18.729
1656 37.0 13.973 -18.769
1596 28.0 33.022 -18.040
1608 28.0 32.371 -18.012
1620 28.0 31.974 -17.871
1632 28.0 31.521 -17.757
1644 28.0 31.238 -17.644
1656 28.0 30.842 -17.474
1668 28.0 30.388 -17.332
1680 28.0 29.992 -17.247
1692 28.0 29.782 -17.000
1704 28.0 29.270 -16.690
1716 28.0 29.957 -16.903
1728 28.0 29.209 -16.367
1740 28.0 29.412 -16.368
1752 28.0 28.357 -15.700
1764 28.0 27.817 -15.793
1776 28.0 27.035 -15.384
1788 28.0 26.940 -15.376
1800 28.0 27.816 -15.508
1812 28.0 26.612 -14.835
1824 28.0 26.945 -14.413
1596 47.0 32.711 -18.947
1608 47.0 32.314 -18.975
1620 47.0 31.804 -18.749
1632 47.0 31.408 -18.465
1644 47.0 30.898 -18.324
1656 47.0 30.502 -18.125
1668 47.0 30.105 -18.040
1680 47.0 29.709 -17.956
1692 47.0 29.918 -18.021
1704 47.0 29.642 -17.656
1716 47.0 29.954 -17.977
1728 47.0 29.521 -17.422
1740 47.0 28.852 -16.927
1752 47.0 28.498 -17.186
1764 47.0 26.735 -16.424
1776 47.0 26.613 -16.436
1788 47.0 25.952 -15.643
1800 47.0 26.123 -16.353
1812 47.0 24.537 -15.267
1824 47.0 24.866 -14.480
1632 20.0 7.024 -16.228
1644 20.0 7.194 -16.228
1656 20.0 7.420 -16.143
1668 20.0 7.647 -16.143
1680 20.0 7.930 -16.058
1692 20.0 8.156 -16.058
1704 20.0 8.326 -15.973
1716 20.0 8.553 -15.973
1728 20.0 8.082 -15.993
1740 20.0 8.086 -15.917
1752 20.0 8.499 -15.752
1764 20.0 8.749 -15.643
1776 20.0 8.205 -15.564
1788 20.0 8.704 -15.659
1800 20.0 8.402 -14.877
1812 20.0 8.876 -14.892
1824 20.0 8.451 -15.039
1836 20.0 8.650 -15.057
1848 20.0 8.890 -15.219
1860 20.0 8.833 -14.805
1680 25.0 6.797 -17.786
1692 25.0 6.995 -17.786
1704 25.0 7.392 -17.672
1716 25.0 7.675 -17.672
1728 25.0 8.015 -17.616
1740 25.0 8.355 -17.616
1752 25.0 8.666 -17.502
1764 25.0 8.978 -17.502
1776 25.0 8.434 -17.703
1788 25.0 8.199 -17.177
1800 25.0 8.770 -17.748
1812 25.0 8.813 -17.598
1824 25.0 8.989 -17.946
1836 25.0 8.800 -17.992
1848 25.0 9.363 -17.978
1860 25.0 9.791 -18.171
1872 25.0 9.527 -18.049
1884 25.0 10.173 -18.528
1896 25.0 9.990 -18.577
1908 25.0 10.923 -18.876
1680 38.0 6.231 -16.681
1692 38.0 6.429 -16.681
1704 38.0 6.769 -16.681
1716 38.0 7.052 -16.681
1728 38.0 7.392 -16.681
1740 38.0 7.675 -16.681
1752 38.0 8.015 -16.681
1764 38.0 8.298 -16.681
1776 38.0 8.505 -16.685
1788 38.0 8.728 -16.917
1800 38.0 8.559 -16.876
1812 38.0 8.836 -16.900
1824 38.0 8.851 -17.003
1836 38.0 9.041 -16.826
1848 38.0 9.337 -17.067
1860 38.0 10.439 -16.998
1872 38.0 9.663 -16.950
1884 38.0 9.882 -16.993
1896 38.0 9.479 -16.930
1908 38.0 10.023 -17.094
1836 29.0 24.243 -16.539
1848 29.0 23.818 -16.455
1860 29.0 23.535 -16.370
1872 29.0 23.025 -16.539
1884 29.0 22.487 -16.738
1896 29.0 21.949 -16.908
1908 29.0 21.552 -16.964
1920 29.0 21.156 -17.078
1932 29.0 20.996 -16.690
1944 29.0 21.086 -17.033
1956 29.0 20.954 -16.804
1968 29.0 21.002 -16.628
1980 29.0 18.750 -16.240
1992 29.0 18.835 -15.863
2004 29.0 18.767 -15.904
2016 29.0 18.587 -16.077
2028 29.0 19.516 -16.135
2040 29.0 18.788 -15.987
2052 29.0 17.990 -15.740
2064 29.0 19.590 -15.524
1836 48.0 24.158 -17.502
1848 48.0 23.648 -17.672
1860 48.0 22.912 -17.672
1872 48.0 22.402 -17.616
1884 48.0 21.949 -17.616
1896 48.0 21.552 -17.672
1908 48.0 21.156 -17.786
1920 48.0 20.703 -17.871
1932 48.0 21.107 -17.150
1944 48.0 20.834 -16.496
1956 48.0 20.833 -16.535
1968 48.0 19.599 -16.032
1980 48.0 19.357 -15.945
1992 48.0 19.776 -16.007
2004 48.0 18.879 -15.046
2016 48.0 18.724 -15.430
2028 48.0 18.732 -15.000
2040 48.0 17.595 -14.880
2052 48.0 16.535 -14.073
2064 48.0 15.193 -13.903
1872 21.0 13.169 -15.520
1884 21.0 13.481 -15.520
1896 21.0 13.792 -15.520
1908 21.0 14.104 -15.520
1920 21.0 14.500 -15.520
1932 21.0 14.840 -15.520
1944 21.0 15.123 -15.463
1956 21.0 15.548 -15.463
1968 21.0 16.131 -15.500
1980 21.0 15.687 -15.595
1992 21.0 15.302 -15.408
2004 21.0 16.777 -16.107
2016 21.0 16.307 -15.943
2028 21.0 16.599 -16.237
2040 21.0 16.653 -16.463
2052 21.0 16.322 -15.803
2064 21.0 16.445 -16.330
2076 21.0 17.746 -16.520
2088 21.0 17.053 -16.569
2100 21.0 16.370 -16.144
1920 26.0 13.452 -17.247
1932 26.0 13.792 -17.163
1944 26.0 14.189 -17.049
1956 26.0 14.529 -16.993
1968 26.0 14.812 -16.993
1980 26.0 15.152 -16.879
1992 26.0 15.435 -16.823
2004 26.0 15.860 -16.823
2016 26.0 15.364 -17.038
2028 26.0 14.806 -16.463
2040 26.0 15.376 -16.612
2052 26.0 15.264 -16.226
2064 26.0 14.759 -15.678
2076 26.0 15.232 -16.142
2088 26.0 15.453 -15.433
2100 26.0 15.170 -15.229
2112 26.0 15.303 -16.059
2124 26.0 15.196 -15.387
2136 26.0 15.528 -15.581
2148 26.0 15.552 -15.291
1920 39.0 12.320 -16.285
1932 39.0 12.773 -16.200
1944 39.0 13.056 -16.200
1956 39.0 13.452 -16.200
1968 39.0 13.906 -16.200
1980 39.0 14.189 -16.200
1992 39.0 14.642 -16.200
2004 39.0 15.038 -16.228
2016 39.0 14.642 -16.359
2028 39.0 15.467 -16.434
2040 39.0 15.597 -16.671
2052 39.0 15.973 -16.939
2064 39.0 16.872 -16.965
2076 39.0 16.746 -17.161
2088 39.0 16.534 -16.511
2100 39.0 17.081 -16.976
2112 39.0 17.374 -16.656
2124 39.0 16.423 -16.005
2136 39.0 17.308 -17.100
2148 39.0 17.714 -16.911
2076 30.0 17.417 -16.879
2088 30.0 17.616 -16.936
2100 30.0 18.040 -16.936
2112 30.0 18.352 -17.021
2124 30.0 18.749 -17.021
2136 30.0 19.173 -17.106
2148 30.0 19.598 -17.106
2160 30.0 19.995 -17.106
2172 30.0 18.520 -16.869
2184 30.0 18.326 -16.567
2196 30.0 18.390 -16.635
2208 30.0 18.720 -16.397
2220 30.0 18.534 -16.194
2232 30.0 18.406 -16.051
2244 30.0 18.493 -16.290
2256 30.0 18.496 -16.600
2268 30.0 18.791 -16.356
2280 30.0 18.960 -16.296
2292 30.0 19.019 -16.335
2304 30.0 19.207 -16.485
2076 49.0 15.916 -17.474
2088 49.0 15.293 -17.389
2100 49.0 14.670 -17.219
2112 49.0 14.047 -17.106
2124 49.0 13.424 -17.106
2136 49.0 12.914 -17.106
2148 49.0 12.405 -17.106
2160 49.0 11.866 -17.219
2172 49.0 12.676 -16.909
2184 49.0 12.258 -16.805
2196 49.0 11.776 -16.485
2208 49.0 11.698 -16.540
2220 49.0 10.977 -16.416
2232 49.0 11.149 -16.354
2244 49.0 11.179 -16.194
2256 49.0 10.677 -16.028
2268 49.0 10.186 -16.163
2280 49.0 8.473 -15.252
2292 49.0 9.406 -15.620
2304 49.0 9.329 -14.909
2100 23.0 33.277 -18.494
2112 23.0 32.824 -18.833
2124 23.0 32.626 -18.833
2136 23.0 32.116 -18.749
2148 23.0 31.493 -18.550
2160 23.0 30.757 -18.380
2172 23.0 30.134 -18.210
2184 23.0 29.539 -18.040
2196 23.0 29.488 -17.954
2208 23.0 29.114 -17.885
2220 23.0 28.427 -17.686
2232 23.0 29.145 -17.470
2244 23.0 27.961 -17.427
2256 23.0 26.583 -16.696
2268 23.0 26.487 -16.632
2280 23.0 28.076 -16.850
2292 23.0 26.495 -16.123
2304 23.0 25.433 -15.320
2316 23.0 27.313 -15.788
2328 23.0 26.468 -15.544
2112 22.0 20.504 -15.831
2124 22.0 20.844 -15.831
2136 22.0 21.127 -15.831
2148 22.0 21.467 -15.831
2160 22.0 21.751 -15.945
2172 22.0 22.090 -16.001
2184 22.0 22.487 -16.115
2196 22.0 22.798 -16.171
2208 22.0 23.177 -16.581
2220 22.0 23.348 -16.728
2232 22.0 23.951 -17.061
2244 22.0 25.141 -17.120
2256 22.0 24.972 -17.365
2268 22.0 24.269 -16.838
2280 22.0 24.588 -16.690
2292 22.0 24.627 -17.441
2304 22.0 26.449 -18.322
2316 22.0 25.917 -18.181
2328 22.0 26.661 -18.314
2340 22.0 27.861 -18.730
2160 27.0 21.467 -17.247
2172 27.0 21.864 -17.247
2184 27.0 22.260 -17.247
2196 27.0 22.600 -17.247
2208 27.0 22.997 -17.247
2220 27.0 23.421 -17.361
2232 27.0 23.733 -17.361
2244 27.0 24.016 -17.417
2256 27.0 23.143 -17.098
2268 27.0 24.011 -17.432
2280 27.0 24.158 -17.177
2292 27.0 24.252 -17.219
2304 27.0 23.802 -17.292
2316 27.0 23.648 -16.997
2328 27.0 24.035 -17.446
2340 27.0 24.705 -17.487
2352 27.0 24.043 -17.302
2364 27.0 25.202 -17.817
2376 27.0 25.899 -17.689
2388 27.0 24.446 -17.180
2160 40.0 20.136 -16.200
2172 40.0 20.589 -16.256
2184 40.0 20.986 -16.370
2196 40.0 21.297 -16.370
2208 40.0 21.722 -16.455
2220 40.0 22.119 -16.539
2232 40.0 22.430 -16.653
2244 40.0 22.855 -16.653
2256 40.0 23.566 -17.437
2268 40.0 23.203 -17.388
2280 40.0 24.036 -17.826
2292 40.0 24.316 -18.088
2304 40.0 24.113 -17.515
2316 40.0 24.233 -17.598
2328 40.0 23.834 -17.837
2340 40.0 24.475 -18.394
2352 40.0 26.737 -19.429
2364 40.0 26.097 -18.669
2376 40.0 26.158 -19.236
2388 40.0 26.134 -19.004
2316 31.0 25.376 -17.021
2328 31.0 25.800 -17.191
2340 31.0 26.197 -17.304
2352 31.0 26.622 -17.474
2364 31.0 27.047 -17.644
2376 31.0 27.443 -17.814
2388 31.0 27.981 -17.814
2400 31.0 28.604 -17.729
2412 31.0 28.844 -17.937
2424 31.0 29.021 -18.272
2436 31.0 29.308 -18.311
2448 31.0 30.129 -18.772
2460 31.0 29.373 -18.292
2472 31.0 30.299 -18.970
2484 31.0 29.696 -18.494
2496 31.0 29.490 -18.295
2508 31.0 30.893 -18.778
2520 31.0 31.711 -18.915
2532 31.0 31.572 -19.409
2544 31.0 31.963 -18.825
2340 24.0 22.487 -17.956
2352 24.0 21.977 -17.871
2364 24.0 21.354 -17.871
2376 24.0 20.731 -17.871
2388 24.0 19.995 -17.871
2400 24.0 19.372 -17.871
2412 24.0 18.749 -17.871
2424 24.0 18.125 -17.871
2436 24.0 18.449 -17.368
2448 24.0 18.812 -17.388
2460 24.0 18.151 -17.222
2472 24.0 18.864 -17.873
2484 24.0 17.844 -17.782
2496 24.0 17.350 -17.583
2508 24.0 19.147 -18.120
2520 24.0 17.729 -18.025
2532 24.0 18.310 -18.388
2544 24.0 18.034 -17.995
2556 24.0 16.707 -17.908
2568 24.0 16.832 -18.210
2568 11.0 5.919 -21.212
2580 11.0 6.457 -20.788
2592 11.0 7.080 -20.419
2604 11.0 7.703 -20.080
2616 11.0 8.298 -19.711
2628 11.0 8.836 -19.372
2640 11.0 9.233 -19.032
2652 11.0 9.629 -18.664
2664 11.0 7.564 -18.784
2676 11.0 7.770 -18.589
2688 11.0 7.799 -19.083
2700 11.0 7.334 -19.281
2712 11.0 7.724 -18.953
2724 11.0 7.660 -19.453
2736 11.0 7.484 -20.025
2748 11.0 7.824 -19.734
2760 11.0 7.748 -19.915
2772 11.0 7.624 -19.523
2784 11.0 8.188 -19.663
2796 11.0 7.572 -19.755
2808 12.0 17.389 -17.502
2820 12.0 18.125 -17.502
2832 12.0 18.749 -17.616
2844 12.0 19.372 -17.616
2856 12.0 20.108 -17.616
2868 12.0 20.731 -17.672
2880 12.0 21.354 -17.672
2892 12.0 21.977 -17.786
2904 12.0 21.353 -17.806
2916 12.0 19.820 -17.319
2928 12.0 20.004 -17.172
2940 12.0 19.960 -17.286
2952 12.0 20.286 -17.117
2964 12.0 21.560 -18.117
2976 12.0 21.515 -17.620
2988 12.0 21.212 -18.037
3000 12.0 20.872 -17.922
3012 12.0 21.741 -18.390
3024 12.0 22.147 -18.511
3036 12.0 21.725 -18.594
2868 13.0 -9.544 -15.010
2880 13.0 -10.281 -14.812
2892 13.0 -10.790 -14.642
2904 13.0 -11.413 -14.472
2916 13.0 -11.923 -14.302
2928 13.0 -12.461 -14.302
2940 13.0 -12.886 -14.302
2952 13.0 -13.396 -14.302
2964 13.0 -13.290 -14.215
2976 13.0 -13.889 -13.890
2988 13.0 -14.862 -13.242
3000 13.0 -15.082 -12.981
3012 13.0 -15.576 -12.646
3024 13.0 -15.860 -12.726
3036 13.0 -16.254 -11.706
3048 13.0 -14.695 -11.879
3060 13.0 -17.065 -11.321
3072 13.0 -16.221 -10.790
3084 13.0 -17.081 -11.111
3096 13.0 -16.202 -10.940
4296 41.0 31.918 10.479
4308 41.0 31.918 9.856
4320 41.0 31.918 9.233
4332 41.0 31.918 8.610
4344 41.0 31.918 7.987
4356 41.0 31.918 7.363
4368 41.0 31.918 6.740
4380 41.0 31.804 5.891
4392 41.0 31.819 5.999
4404 41.0 31.592 6.146
4416 41.0 31.552 5.971
4428 41.0 31.801 4.891
4440 41.0 31.698 4.163
4452 41.0 31.878 3.320
4464 41.0 31.493 2.948
4476 41.0 31.568 2.266
4488 41.0 31.411 2.332
4500 41.0 31.386 2.898
4512 41.0 31.467 4.552
4524 41.0 30.988 4.424
4344 6.0 33.362 -11.923
4356 6.0 33.362 -11.555
4368 6.0 33.362 -11.187
4380 6.0 33.362 -10.847
4392 6.0 33.419 -10.507
4404 6.0 33.419 -10.224
4416 6.0 33.419 -9.941
4428 6.0 33.305 -9.488
4440 6.0 33.432 -9.547
4452 6.0 33.247 -8.936
4464 6.0 32.862 -8.190
4476 6.0 33.160 -8.265
4488 6.0 33.153 -7.118
4500 6.0 32.781 -7.334
4512 6.0 32.862 -6.508
4524 6.0 32.996 -6.532
4536 6.0 32.681 -6.746
4548 6.0 32.708 -6.395
4560 6.0 32.895 -4.840
4572 6.0 32.516 -5.315
4536 42.0 32.258 -2.804
4548 42.0 32.258 -3.427
4560 42.0 32.059 -4.333
4572 42.0 32.484 -4.673
4584 42.0 32.258 -5.126
4596 42.0 31.748 -5.749
4608 42.0 31.635 -6.401
4620 42.0 31.748 -6.797
4632 42.0 32.085 -7.165
4644 42.0 32.001 -7.223
4656 42.0 31.966 -8.142
4668 42.0 31.790 -10.463
4680 42.0 31.746 -8.734
4692 42.0 31.922 -10.873
4704 42.0 32.183 -10.025
4716 42.0 31.901 -9.525
4728 42.0 32.210 -9.095
4740 42.0 32.454 -10.992
4752 42.0 32.310 -10.680
4764 42.0 32.014 -9.643
4584 7.0 32.682 -7.052
4596 7.0 32.682 -7.052
4608 7.0 32.796 -7.137
4620 7.0 32.796 -7.250
4632 7.0 32.881 -7.307
4644 7.0 32.881 -7.647
4656 7.0 32.881 -7.930
4668 7.0 32.881 -8.100
4680 7.0 32.950 -8.195
4692 7.0 32.890 -8.012
4704 7.0 32.949 -7.877
4716 7.0 33.201 -8.440
4728 7.0 33.106 -8.549
4740 7.0 33.248 -9.058
4752 7.0 33.244 -9.956
4764 7.0 33.178 -9.578
4776 7.0 33.313 -9.790
4788 7.0 33.271 -10.345
4800 7.0 32.856 -10.740
4812 7.0 33.173 -10.769
4596 16.0 32.824 -18.494
4608 16.0 32.201 -18.324
4620 16.0 31.804 -18.210
4632 16.0 31.380 -18.125
4644 16.0 30.983 -17.956
4656 16.0 30.360 -17.956
4668 16.0 29.935 -17.871
4680 16.0 29.822 -17.871
4692 16.0 29.619 -17.909
4704 16.0 30.001 -17.750
4716 16.0 28.987 -17.734
4728 16.0 28.763 -17.737
4740 16.0 28.658 -17.999
4752 16.0 28.880 -17.798
4764 16.0 27.900 -17.850
4776 16.0 26.599 -17.609
4788 16.0 28.652 -18.365
4800 16.0 27.827 -17.475
4812 16.0 28.236 -17.753
4824 16.0 28.259 -17.531
4776 43.0 31.861 -11.753
4788 43.0 31.804 -12.036
4800 43.0 31.804 -12.291
4812 43.0 31.918 -12.575
4824 43.0 31.974 -12.886
4836 43.0 31.635 -13.226
4848 43.0 31.635 -13.934
4860 43.0 31.635 -14.302
4872 43.0 31.623 -14.871
4884 43.0 31.610 -14.912
4896 43.0 31.536 -15.311
4908 43.0 31.508 -16.109
4920 43.0 31.687 -16.446
4932 43.0 31.783 -17.246
4944 43.0 31.828 -17.112
4956 43.0 31.709 -16.890
4968 43.0 31.776 -17.941
4980 43.0 31.807 -19.889
4992 43.0 31.937 -19.912
5004 43.0 31.501 -18.447
4824 8.0 32.796 -12.631
4836 8.0 32.796 -12.971
4848 8.0 32.796 -13.764
4860 8.0 32.796 -13.934
4872 8.0 32.796 -14.104
4884 8.0 32.682 -14.274
4896 8.0 32.682 -14.840
4908 8.0 32.428 -15.350
4920 8.0 32.588 -15.391
4932 8.0 32.547 -16.549
4944 8.0 32.485 -17.187
4956 8.0 32.601 -17.271
4968 8.0 32.628 -17.711
4980 8.0 32.482 -18.755
4992 8.0 32.517 -18.190
5004 8.0 32.600 -19.905
5016 8.0 32.658 -19.738
5028 8.0 32.721 -19.737
5040 8.0 32.703 -20.386
5052 8.0 32.663 -20.707
4836 17.0 22.912 -17.417
4848 17.0 22.600 -17.531
4860 17.0 22.289 -17.531
4872 17.0 21.354 -17.531
4884 17.0 20.618 -17.531
4896 17.0 20.306 -17.531
4908 17.0 19.683 -17.417
4920 17.0 19.060 -17.417
4932 17.0 19.939 -17.485
4944 17.0 19.566 -17.420
4956 17.0 18.627 -17.810
4968 17.0 17.947 -17.933
4980 17.0 18.450 -17.619
4992 17.0 18.404 -17.011
5004 17.0 18.104 -17.455
5016 17.0 16.956 -17.467
5028 17.0 16.764 -17.260
5040 17.0 18.801 -17.740
5052 17.0 18.562 -16.871
5064 17.0 19.265 -17.278
4944 4.0 32.937 -17.644
4956 4.0 32.428 -17.814
4968 4.0 32.031 -17.814
4980 4.0 31.918 -17.814
4992 4.0 31.295 -17.814
5004 4.0 30.672 -17.842
5016 4.0 30.190 -17.729
5028 4.0 29.680 -17.644
5040 4.0 29.974 -17.455
5052 4.0 29.646 -16.961
5064 4.0 29.924 -17.113
5076 4.0 29.700 -17.113
5088 4.0 29.107 -17.097
5100 4.0 28.207 -16.687
5112 4.0 27.829 -16.505
5124 4.0 27.708 -15.814
5136 4.0 26.894 -15.897
5148 4.0 26.614 -16.681
5160 4.0 28.031 -16.921
5172 4.0 26.114 -16.391
4944 32.0 32.739 -18.437
4956 32.0 32.229 -18.437
4968 32.0 31.493 -18.607
4980 32.0 30.870 -18.352
4992 32.0 30.558 -18.267
5004 32.0 30.303 -18.324
5016 32.0 29.935 -18.324
5028 32.0 29.624 -18.352
5040 32.0 29.160 -18.283
5052 32.0 28.510 -18.539
5064 32.0 29.577 -18.452
5076 32.0 29.347 -18.550
5088 32.0 28.124 -17.376
5100 32.0 27.959 -17.733
5112 32.0 27.913 -17.751
5124 32.0 27.553 -17.312
5136 32.0 27.919 -17.651
5148 32.0 28.295 -18.008
5160 32.0 28.271 -17.441
5172 32.0 28.242 -16.826
5016 44.0 31.181 -16.511
5028 44.0 31.238 -16.483
5040 44.0 31.351 -16.455
5052 44.0 31.351 -16.455
5064 44.0 31.408 -16.455
5076 44.0 31.408 -16.426
5088 44.0 31.181 -16.455
5100 44.0 30.785 -16.539
5112 44.0 30.970 -16.529
5124 44.0 31.054 -16.503
5136 44.0 31.097 -16.478
5148 44.0 31.099 -16.565
5160 44.0 31.238 -16.614
5172 44.0 31.243 -16.579
5184 44.0 31.245 -16.575
5196 44.0 31.362 -16.598
5208 44.0 31.267 -16.559
5220 44.0 31.041 -16.601
5232 44.0 31.038 -16.534
5244 44.0 31.150 -16.542
5064 9.0 31.550 -17.332
5076 9.0 31.436 -17.389
5088 9.0 31.351 -17.502
5100 9.0 31.238 -17.559
5112 9.0 31.125 -17.701
5124 9.0 30.615 -17.729
5136 9.0 30.162 -17.814
5148 9.0 29.680 -17.899
5160 9.0 30.092 -17.661
5172 9.0 29.671 -18.179
5184 9.0 29.292 -17.447
5196 9.0 29.422 -17.396
5208 9.0 28.869 -16.910
5220 9.0 27.845 -16.904
5232 9.0 28.618 -17.236
5244 9.0 28.445 -17.007
5256 9.0 27.536 -16.395
5268 9.0 27.165 -16.547
5280 9.0 27.623 -16.242
5292 9.0 26.154 -15.938
5184 5.0 23.421 -16.539
5196 5.0 22.940 -16.539
5208 5.0 22.487 -16.539
5220 5.0 22.062 -16.511
5232 5.0 21.382 -16.455
5244 5.0 20.929 -16.455
5256 5.0 20.731 -16.539
5268 5.0 20.193 -16.455
5280 5.0 20.484 -16.652
5292 5.0 20.229 -16.153
5304 5.0 19.642 -15.585
5316 5.0 19.030 -15.583
5328 5.0 17.857 -15.402
5340 5.0 18.078 -15.640
5352 5.0 17.772 -14.575
5364 5.0 16.449 -14.267
5376 5.0 16.347 -14.470
5388 5.0 16.597 -13.912
5400 5.0 16.365 -14.365
5412 5.0 17.625 -14.891
5184 33.0 23.053 -17.644
5196 33.0 22.628 -17.559
5208 33.0 22.119 -17.474
5220 33.0 21.779 -17.446
5232 33.0 21.326 -17.219
5244 33.0 20.816 -17.219
5256 33.0 20.306 -17.219
5268 33.0 19.796 -17.219
5280 33.0 19.906 -17.173
5292 33.0 19.758 -16.770
5304 33.0 19.805 -17.115
5316 33.0 19.213 -16.716
5328 33.0 19.645 -16.826
5340 33.0 18.916 -16.954
5352 33.0 18.656 -16.393
5364 33.0 18.668 -16.562
5376 33.0 18.773 -16.769
5388 33.0 17.902 -15.972
5400 33.0 17.070 -15.939
5412 33.0 17.113 -15.789
5232 55.0 7.194 -19.428
5244 55.0 7.732 -19.145
5256 55.0 8.156 -18.975
5268 55.0 8.553 -18.692
5280 55.0 8.949 -18.437
5292 55.0 9.516 -18.182
5304 55.0 10.026 -18.012
5316 55.0 10.649 -17.899
5328 55.0 9.820 -18.457
5340 55.0 10.176 -18.433
5352 55.0 9.479 -17.776
5364 55.0 9.595 -18.445
5376 55.0 9.275 -17.990
5388 55.0 9.687 -18.517
5400 55.0 10.126 -18.582
5412 55.0 10.786 -18.763
5424 55.0 10.425 -18.088
5436 55.0 10.427 -18.713
5448 55.0 10.918 -18.554
5460 55.0 11.302 -18.487
5256 45.0 25.404 -17.247
5268 45.0 24.866 -17.163
5280 45.0 24.328 -17.163
5292 45.0 23.818 -17.163
5304 45.0 23.421 -17.049
5316 45.0 22.912 -17.049
5328 45.0 22.487 -16.993
5340 45.0 22.062 -16.879
5352 45.0 22.412 -16.557
5364 45.0 21.251 -15.938
5376 45.0 21.569 -16.028
5388 45.0 21.177 -15.895
5400 45.0 20.925 -15.211
5412 45.0 20.412 -15.237
5424 45.0 19.676 -15.067
5436 45.0 19.123 -15.038
5448 45.0 19.476 -15.002
5460 45.0 17.395 -14.063
5472 45.0 18.855 -14.518
5484 45.0 18.934 -14.589
5304 10.0 23.535 -18.069
5316 10.0 22.912 -18.069
5328 10.0 22.289 -18.069
5340 10.0 21.949 -18.125
5352 10.0 21.552 -18.125
5364 10.0 21.156 -18.125
5376 10.0 20.816 -18.125
5388 10.0 20.306 -18.069
5400 10.0 21.208 -18.391
5412 10.0 21.062 -17.552
5424 10.0 20.918 -17.914
5436 10.0 20.427 -17.948
5448 10.0 20.154 -17.676
5460 10.0 19.210 -16.974
5472 10.0 19.509 -16.960
5484 10.0 19.609 -17.117
5496 10.0 18.639 -16.357
5508 10.0 19.018 -16.835
5520 10.0 17.169 -15.896
5532 10.0 17.188 -16.207
5472 56.0 17.163 -18.069
5484 56.0 17.672 -18.069
5496 56.0 18.069 -18.069
5508 56.0 18.550 -18.069
5520 56.0 19.088 -18.040
5532 56.0 19.485 -17.956
5544 56.0 19.995 -17.927
5556 56.0 20.476 -17.871
5568 56.0 19.170 -17.979
5580 56.0 19.243 -18.274
5592 56.0 20.695 -18.619
5604 56.0 20.634 -18.392
5616 56.0 21.344 -18.573
5628 56.0 20.897 -18.405
5640 56.0 21.557 -19.038
5652 56.0 21.998 -19.444
5664 56.0 21.379 -19.498
5676 56.0 22.269 -19.593
5688 56.0 22.275 -19.558
5700 56.0 22.633 -20.238
5496 46.0 15.237 -16.455
5508 46.0 14.812 -16.539
5520 46.0 14.444 -16.624
5532 46.0 13.934 -16.624
5544 46.0 13.424 -16.624
5556 46.0 12.914 -16.624
5568 46.0 12.405 -16.624
5580 46.0 11.951 -16.624
5592 46.0 11.927 -16.643
5604 46.0 12.263 -16.644
5616 46.0 11.348 -16.691
5628 46.0 11.800 -16.443
5640 46.0 11.004 -16.695
5652 46.0 10.851 -16.588
5664 46.0 10.518 -16.293
5676 46.0 11.279 -16.558
5688 46.0 10.172 -16.902
5700 46.0 10.796 -16.974
5712 46.0 9.670 -17.131
5724 46.0 11.448 -16.772
5712 57.0 26.622 -16.709
5724 57.0 27.245 -16.709
5736 57.0 27.755 -16.709
5748 57.0 28.293 -16.709
5760 57.0 28.916 -16.709
5772 57.0 29.312 -16.709
5784 57.0 29.737 -16.709
5796 57.0 30.134 -16.709
5808 57.0 29.780 -16.723
5820 57.0 29.860 -16.990
5832 57.0 29.309 -16.488
5844 57.0 29.132 -16.202
5856 57.0 30.222 -17.042
5868 57.0 31.365 -16.958
5880 57.0 32.721 -17.556
5892 57.0 30.488 -16.822
5904 57.0 31.575 -17.496
5916 57.0 31.059 -17.038
5928 57.0 31.945 -16.765
5940 57.0 31.275 -16.523
5760 50.0 24.724 1.982
5772 50.0 24.866 1.784
5784 50.0 25.064 1.784
5796 50.0 25.631 1.982
5808 50.0 26.254 1.982
5820 50.0 26.820 1.982
5832 50.0 27.358 1.982
5844 50.0 27.981 1.982
5856 50.0 26.903 2.657
5868 50.0 26.956 2.149
5880 50.0 27.771 2.055
5892 50.0 27.668 1.532
5904 50.0 28.697 1.900
5916 50.0 28.369 1.750
5928 50.0 29.069 1.599
5940 50.0 29.029 1.398
5952 50.0 28.728 1.649
5964 50.0 29.217 1.345
5976 50.0 30.628 1.074
5988 50.0 29.110 2.572
6156 51.0 32.428 -19.287
6168 51.0 31.918 -19.117
6180 51.0 31.493 -18.833
6192 51.0 30.955 -18.664
6204 51.0 30.558 -18.380
6216 51.0 30.162 -18.324
6228 51.0 29.624 -18.324
6240 51.0 29.114 -18.324
6252 51.0 28.699 -17.903
6264 51.0 28.367 -17.819
6276 51.0 27.792 -17.851
6288 51.0 27.134 -17.167
6300 51.0 26.645 -17.714
6312 51.0 26.508 -17.266
6324 51.0 27.823 -18.202
6336 51.0 26.657 -17.602
6348 51.0 26.764 -17.586
6360 51.0 25.132 -16.674
6372 51.0 26.741 -17.528
6384 51.0 24.895 -16.595
6156 53.0 32.994 -18.720
6168 53.0 32.456 -18.437
6180 53.0 31.946 -18.182
6192 53.0 31.436 -17.927
6204 53.0 30.813 -17.927
6216 53.0 30.303 -17.814
6228 53.0 29.680 -17.814
6240 53.0 29.284 -17.814
6252 53.0 29.229 -17.065
6264 53.0 28.033 -16.696
6276 53.0 28.037 -16.536
6288 53.0 27.848 -16.214
6300 53.0 26.990 -15.972
6312 53.0 27.490 -15.673
6324 53.0 26.339 -15.549
6336 53.0 26.640 -15.344
6348 53.0 25.191 -14.453
6360 53.0 25.853 -14.918
6372 53.0 27.042 -15.453
6384 53.0 24.852 -14.331
6396 54.0 22.657 -17.729
6408 54.0 22.119 -17.644
6420 54.0 21.609 -17.474
6432 54.0 21.071 -17.474
6444 54.0 20.561 -17.474
6456 54.0 20.051 -17.389
6468 54.0 19.541 -17.389
6480 54.0 19.032 -17.304
6492 54.0 18.971 -17.720
6504 54.0 19.527 -17.696
6516 54.0 19.376 -18.049
6528 54.0 18.318 -17.854
6540 54.0 18.278 -17.819
6552 54.0 17.668 -17.209
6564 54.0 17.535 -17.378
6576 54.0 18.030 -17.755
6588 54.0 16.791 -16.801
6600 54.0 17.778 -16.923
6612 54.0 16.538 -16.613
6624 54.0 15.647 -16.648
8028 52.0 25.631 -8.949
8040 52.0 26.140 -9.063
8052 52.0 26.678 -9.233
8064 52.0 27.103 -9.403
8076 52.0 27.613 -9.572
8088 52.0 28.123 -9.742
8100 52.0 28.633 -9.856
8112 52.0 29.142 -10.026
8124 52.0 29.149 -10.069
8136 52.0 28.704 -10.119
8148 52.0 29.575 -10.174
8160 52.0 29.480 -10.017
8172 52.0 30.522 -10.667
8184 52.0 30.959 -10.846
8196 52.0 30.842 -11.031
8208 52.0 30.843 -10.947
8220 52.0 30.641 -11.222
8232 52.0 31.123 -10.911
8244 52.0 30.569 -10.491
8256 52.0 31.396 -10.389
8040 58.0 33.362 -15.180
8052 58.0 33.136 -14.274
8064 58.0 33.051 -13.254
8076 58.0 33.051 -12.744
8088 58.0 33.051 -12.575
8100 58.0 33.051 -12.405
8112 58.0 32.937 -12.121
8124 58.0 32.937 -11.612
8136 58.0 33.182 -11.230
8148 58.0 33.210 -10.751
8160 58.0 33.597 -10.118
8172 58.0 33.209 -9.428
8184 58.0 32.922 -10.237
8196 58.0 33.248 -7.996
8208 58.0 33.187 -8.391
8220 58.0 33.340 -7.890
8232 58.0 33.705 -6.502
8244 58.0 33.035 -8.984
8256 58.0 32.484 -10.338
8268 58.0 32.649 -9.964
8280 59.0 32.003 -4.531
8292 59.0 32.003 -4.022
8304 59.0 32.003 -3.455
8316 59.0 32.003 -2.860
8328 59.0 32.116 -2.266
8340 59.0 32.116 -1.643
8352 59.0 32.116 -1.076
8364 59.0 32.116 -0.566
8376 59.0 32.163 0.107
8388 59.0 32.043 0.367
8400 59.0 31.890 0.682
8412 59.0 31.885 1.438
8424 59.0 32.537 2.889
8436 59.0 32.628 0.313
8448 59.0 32.177 -0.745
8460 59.0 32.407 3.677
8472 59.0 32.107 -0.000
8484 59.0 31.914 5.410
8496 59.0 31.576 0.983
8508 59.0 31.915 1.398
9252 60.0 5.296 -21.581
9264 60.0 4.843 -21.467
9276 60.0 5.353 -21.043
9288 60.0 5.862 -20.618
9300 60.0 6.372 -20.250
9312 60.0 6.995 -19.825
9324 60.0 7.420 -19.428
9336 60.0 7.845 -19.032
9348 60.0 6.937 -19.411
9360 60.0 7.019 -20.182
9372 60.0 6.851 -20.003
9384 60.0 6.749 -20.136
9396 60.0 6.912 -19.558
9408 60.0 6.982 -19.749
9420 60.0 6.736 -19.033
9432 60.0 7.039 -19.284
9444 60.0 7.273 -19.038
9456 60.0 7.654 -19.695
9468 60.0 7.409 -19.135
9480 60.0 7.318 -18.717
9492 61.0 16.341 -16.709
9504 61.0 17.049 -16.766
9516 61.0 17.757 -16.766
9528 61.0 18.437 -16.794
9540 61.0 19.230 -16.851
9552 61.0 19.881 -16.823
9564 61.0 20.674 -16.851
9576 61.0 21.411 -16.908
9588 61.0 19.766 -16.874
9600 61.0 19.939 -17.324
9612 61.0 20.139 -17.410
9624 61.0 20.455 -17.800
9636 61.0 20.104 -17.569
9648 61.0 21.146 -17.668
9660 61.0 22.261 -17.649
9672 61.0 22.137 -17.903
9684 61.0 22.103 -18.280
9696 61.0 22.436 -18.001
9708 61.0 22.241 -18.005
9720 61.0 20.874 -18.025
