0 129.0 13.101 5.980
12 129.0 12.359 5.980
24 129.0 11.631 5.980
36 129.0 10.903 5.980
48 129.0 10.161 5.980
60 129.0 9.476 6.094
72 129.0 8.691 6.094
84 129.0 7.906 6.094
96 129.0 8.697 6.889
108 129.0 8.262 7.097
120 129.0 8.267 7.651
132 129.0 6.374 7.344
144 129.0 7.631 7.664
156 129.0 7.713 7.621
168 129.0 7.500 7.105
180 129.0 7.126 8.033
192 129.0 6.988 7.872
204 129.0 5.574 8.169
216 129.0 5.187 8.664
228 129.0 6.031 8.061
0 112.0 -19.866 18.696
12 112.0 -19.866 18.696
24 112.0 -19.809 18.696
36 112.0 -19.766 18.696
48 112.0 -19.709 18.696
60 112.0 -19.652 18.696
72 112.0 -19.595 18.696
84 112.0 -19.595 18.696
96 112.0 -19.566 18.693
108 112.0 -19.464 18.678
120 112.0 -19.584 18.688
132 112.0 -19.588 18.540
144 112.0 -19.504 18.620
156 112.0 -19.703 18.775
168 112.0 -19.623 18.617
180 112.0 -19.667 18.558
192 112.0 -19.631 18.517
204 112.0 -19.584 18.555
216 112.0 -19.661 18.454
228 112.0 -19.705 18.508
60 141.0 -8.206 27.844
72 141.0 -8.649 27.844
84 141.0 -9.020 28.072
96 141.0 -9.376 28.415
108 141.0 -9.648 28.301
120 141.0 -9.862 27.958
132 141.0 -9.844 27.958
144 141.0 -9.823 27.957
156 141.0 -10.631 28.152
168 141.0 -10.564 28.118
180 141.0 -11.475 28.060
192 141.0 -11.034 27.998
204 141.0 -11.519 28.066
216 141.0 -11.982 28.518
228 141.0 -12.123 27.975
240 141.0 -12.465 27.979
252 141.0 -12.523 28.541
264 141.0 -12.148 28.264
276 141.0 -13.590 29.162
288 141.0 -13.111 28.876
60 117.0 -2.298 34.238
72 117.0 -2.412 34.609
84 117.0 -2.612 34.837
96 117.0 -2.840 34.837
108 117.0 -3.097 34.951
120 117.0 -3.297 34.951
132 117.0 -3.668 34.951
144 117.0 -4.196 34.837
156 117.0 -4.746 35.423
168 117.0 -4.497 35.457
180 117.0 -4.996 35.446
192 117.0 -4.875 35.796
204 117.0 -5.378 36.120
216 117.0 -5.526 36.271
228 117.0 -6.077 36.315
240 117.0 -6.669 36.647
252 117.0 -7.338 36.852
264 117.0 -6.705 36.927
276 117.0 -7.153 37.317
288 117.0 -7.652 37.659
108 131.0 16.312 7.293
120 131.0 15.670 6.836
132 131.0 15.042 6.836
144 131.0 14.414 6.836
156 131.0 13.786 6.836
168 131.0 13.201 6.836
180 131.0 12.573 6.836
192 131.0 11.945 6.722
204 131.0 12.870 6.658
216 131.0 12.073 7.021
228 131.0 11.628 6.633
240 131.0 11.517 7.006
252 131.0 12.436 7.235
264 131.0 13.742 7.313
276 131.0 12.418 7.349
288 131.0 10.833 7.364
300 131.0 9.041 7.032
312 131.0 9.788 7.398
324 131.0 10.479 7.251
336 131.0 10.794 7.270
240 130.0 -0.999 6.436
252 130.0 -1.727 6.436
264 130.0 -2.469 6.436
276 130.0 -3.197 6.436
288 130.0 -3.939 6.436
300 130.0 -4.667 6.436
312 130.0 -5.395 6.436
324 130.0 -6.194 6.436
336 130.0 -4.152 6.680
348 130.0 -4.819 6.630
360 130.0 -5.058 6.469
372 130.0 -5.829 6.796
384 130.0 -5.773 6.905
396 130.0 -4.818 6.796
408 130.0 -5.597 6.992
420 130.0 -6.428 7.484
432 130.0 -7.080 8.172
444 130.0 -7.973 8.374
456 130.0 -8.336 8.421
468 130.0 -8.444 9.048
240 113.0 -18.182 18.422
252 113.0 -18.239 18.433
264 113.0 -18.295 18.444
276 113.0 -18.352 18.456
288 113.0 -18.408 18.467
300 113.0 -18.465 18.478
312 113.0 -18.521 18.490
324 113.0 -18.578 18.501
336 113.0 -18.588 18.463
348 113.0 -18.752 18.421
360 113.0 -19.026 18.545
372 113.0 -19.087 18.526
384 113.0 -19.215 18.471
396 113.0 -18.857 18.392
408 113.0 -19.202 18.580
420 113.0 -18.650 18.441
432 113.0 -18.969 18.357
444 113.0 -19.077 18.330
456 113.0 -19.026 18.465
468 113.0 -19.183 18.290
300 142.0 -9.547 27.952
312 142.0 -9.526 27.952
324 142.0 -9.505 27.951
336 142.0 -9.483 27.951
348 142.0 -9.462 27.951
360 142.0 -9.441 27.950
372 142.0 -9.420 27.950
384 142.0 -9.399 27.949
396 142.0 -9.412 27.872
408 142.0 -9.427 28.018
420 142.0 -9.399 27.875
432 142.0 -9.381 27.963
444 142.0 -9.437 28.011
456 142.0 -9.455 28.091
468 142.0 -9.503 28.034
480 142.0 -9.526 27.997
492 142.0 -9.541 27.936
504 142.0 -9.549 27.936
516 142.0 -9.635 27.962
528 142.0 -9.684 27.963
300 118.0 -6.103 34.750
312 118.0 -5.914 34.754
324 118.0 -5.725 34.759
336 118.0 -5.537 34.764
348 118.0 -5.348 34.768
360 118.0 -5.159 34.772
372 118.0 -4.970 34.777
384 118.0 -4.782 34.782
396 118.0 -4.797 34.788
408 118.0 -5.135 35.085
420 118.0 -4.762 35.014
432 118.0 -4.282 34.923
444 118.0 -3.755 35.024
456 118.0 -3.792 35.077
468 118.0 -4.219 35.036
480 118.0 -3.986 35.087
492 118.0 -3.395 34.882
504 118.0 -4.095 35.052
516 118.0 -3.455 34.981
528 118.0 -2.986 34.296
348 132.0 3.825 6.494
360 132.0 3.197 6.494
372 132.0 2.512 6.494
384 132.0 1.827 6.379
396 132.0 1.156 6.379
408 132.0 0.471 6.379
420 132.0 -0.157 6.251
432 132.0 -0.842 6.251
444 132.0 -0.222 6.585
456 132.0 -0.396 6.298
468 132.0 -1.240 6.410
480 132.0 -0.391 6.583
492 132.0 -0.661 6.727
504 132.0 -2.374 6.759
516 132.0 -1.843 6.778
528 132.0 1.231 6.655
540 132.0 -2.127 6.806
552 132.0 -1.958 7.976
564 132.0 -2.466 7.131
576 132.0 -0.102 7.806
528 139.0 -14.928 38.176
540 139.0 -15.313 38.348
552 139.0 -15.513 38.633
564 139.0 -15.456 38.633
576 139.0 -15.413 38.633
588 139.0 -15.356 38.633
600 139.0 -15.256 38.690
612 139.0 -15.313 38.690
624 139.0 -15.456 38.828
636 139.0 -15.462 38.906
648 139.0 -15.865 38.915
660 139.0 -16.533 39.256
672 139.0 -16.501 39.250
684 139.0 -16.400 38.974
696 139.0 -16.788 39.605
708 139.0 -17.227 39.687
720 139.0 -17.503 39.586
732 139.0 -17.661 39.893
744 139.0 -18.541 40.315
756 139.0 -18.398 40.136
768 140.0 -15.570 38.774
780 140.0 -15.570 38.776
792 140.0 -15.570 38.778
804 140.0 -15.570 38.780
816 140.0 -15.570 38.782
828 140.0 -15.570 38.784
840 140.0 -15.570 38.786
852 140.0 -15.570 38.788
864 140.0 -15.528 38.715
876 140.0 -15.528 38.787
888 140.0 -15.514 38.792
900 140.0 -15.528 38.774
912 140.0 -15.638 38.770
924 140.0 -15.588 38.704
936 140.0 -15.583 38.722
948 140.0 -15.613 38.736
960 140.0 -15.689 38.699
972 140.0 -15.732 38.707
984 140.0 -15.781 38.614
996 140.0 -15.796 38.579
1416 160.0 -15.913 18.753
1428 160.0 -16.484 18.753
1440 160.0 -17.055 18.753
1452 160.0 -17.640 18.753
1464 160.0 -18.196 18.810
1476 160.0 -18.767 18.810
1488 160.0 -19.338 18.810
1500 160.0 -19.809 18.810
1512 160.0 -19.464 18.479
1524 160.0 -19.132 18.453
1536 160.0 -18.967 18.814
1548 160.0 -20.201 19.238
1560 160.0 -20.544 18.777
1572 160.0 -20.140 19.240
1584 160.0 -20.694 19.543
1596 160.0 -20.807 19.327
1608 160.0 -21.074 19.691
1620 160.0 -21.830 20.549
1632 160.0 -21.355 20.573
1644 160.0 -22.609 20.806
1524 5.0 12.944 5.209
1536 5.0 12.473 5.209
1548 5.0 11.945 5.323
1560 5.0 11.417 5.323
1572 5.0 10.946 5.452
1584 5.0 10.433 5.452
1596 5.0 9.904 5.566
1608 5.0 9.434 5.566
1620 5.0 9.423 6.150
1632 5.0 9.063 6.727
1644 5.0 8.983 6.834
1656 5.0 8.844 7.009
1668 5.0 8.669 7.250
1680 5.0 7.308 7.580
1692 5.0 7.954 7.611
1704 5.0 5.902 8.937
1716 5.0 6.276 8.507
1728 5.0 5.828 8.682
1740 5.0 6.732 8.624
1752 5.0 5.940 8.396
1656 161.0 -19.937 18.225
1668 161.0 -19.966 18.225
1680 161.0 -19.966 18.168
1692 161.0 -19.966 18.168
1704 161.0 -19.994 18.111
1716 161.0 -19.994 18.054
1728 161.0 -19.994 18.054
1740 161.0 -20.009 17.996
1752 161.0 -19.998 18.066
1764 161.0 -20.013 18.093
1776 161.0 -20.083 18.218
1788 161.0 -20.105 18.164
1800 161.0 -20.095 18.106
1812 161.0 -20.029 18.155
1824 161.0 -20.166 18.162
1836 161.0 -20.065 18.181
1848 161.0 -20.176 18.095
1860 161.0 -20.232 17.972
1872 161.0 -20.168 18.158
1884 161.0 -20.263 18.098
1764 6.0 3.083 5.694
1776 6.0 2.569 5.694
1788 6.0 2.041 5.694
1800 6.0 1.513 5.694
1812 6.0 0.999 5.694
1824 6.0 0.471 5.694
1836 6.0 -0.057 5.694
1848 6.0 -0.571 5.694
1860 6.0 -0.728 6.187
1872 6.0 -0.418 6.197
1884 6.0 -1.057 5.881
1896 6.0 -2.327 5.821
1908 6.0 -2.338 6.332
1920 6.0 -2.420 6.954
1932 6.0 -2.804 6.809
1944 6.0 -4.182 8.512
1956 6.0 -2.830 7.594
1968 6.0 -2.024 7.773
1980 6.0 -1.446 7.418
1992 6.0 -2.362 8.284
2004 7.0 -7.635 5.623
2016 7.0 -8.063 5.680
2028 7.0 -8.520 5.680
2040 7.0 -8.977 5.623
2052 7.0 -9.405 5.680
2064 7.0 -9.862 5.680
2076 7.0 -10.375 5.623
2088 7.0 -10.961 5.623
2100 7.0 -10.519 6.283
2112 7.0 -10.920 6.655
2124 7.0 -10.860 6.734
2136 7.0 -11.260 7.250
2148 7.0 -11.428 7.381
2160 7.0 -12.756 7.477
2172 7.0 -12.519 7.650
2184 7.0 -13.685 8.091
2196 7.0 -13.259 8.379
2208 7.0 -13.829 7.993
2220 7.0 -14.134 8.716
2232 7.0 -15.169 9.564
2052 8.0 -0.257 17.540
2064 8.0 -0.942 17.540
2076 8.0 -1.570 17.426
2088 8.0 -2.198 17.426
2100 8.0 -2.826 17.426
2112 8.0 -3.454 17.311
2124 8.0 -4.039 17.311
2136 8.0 -4.667 17.311
2148 8.0 -3.673 17.371
2160 8.0 -3.988 16.639
2172 8.0 -3.932 17.720
2184 8.0 -4.799 17.758
2196 8.0 -4.052 18.034
2208 8.0 -5.787 18.393
2220 8.0 -6.034 18.276
2232 8.0 -5.160 18.280
2244 8.0 -4.360 18.177
2256 8.0 -4.665 17.838
2268 8.0 -5.382 18.229
2280 8.0 -5.865 17.983
3228 37.0 -0.542 17.254
3240 37.0 -0.114 16.798
3252 37.0 0.457 16.798
3264 37.0 0.451 17.039
3276 37.0 0.429 17.090
3288 37.0 0.407 17.141
3300 37.0 0.385 17.192
3312 37.0 0.362 17.243
3324 37.0 0.434 17.007
3336 37.0 0.543 16.967
3348 37.0 0.521 16.826
3360 37.0 0.715 16.619
3372 37.0 1.457 16.453
3384 37.0 1.232 16.492
3396 37.0 2.168 16.121
3408 37.0 2.900 15.900
3420 37.0 3.433 15.898
3432 37.0 3.372 15.817
3444 37.0 3.726 15.362
3456 37.0 3.979 15.526
3492 35.0 1.028 17.026
3504 35.0 0.457 17.140
3516 35.0 0.128 17.254
3528 35.0 -0.186 17.369
3540 35.0 -0.500 17.540
3552 35.0 -0.871 17.540
3564 35.0 -1.185 17.540
3576 35.0 -1.613 17.540
3588 35.0 -2.184 17.232
3600 35.0 -1.965 17.250
3612 35.0 -2.672 17.362
3624 35.0 -3.144 17.269
3636 35.0 -2.145 17.791
3648 35.0 -2.131 18.083
3660 35.0 -2.523 17.961
3672 35.0 -3.135 18.202
3684 35.0 -4.081 18.115
3696 35.0 -2.741 18.626
3708 35.0 -4.247 18.307
3720 35.0 -4.943 18.604
3732 36.0 -6.265 17.426
3744 36.0 -6.636 17.426
3756 36.0 -7.007 17.426
3768 36.0 -7.378 17.426
3780 36.0 -7.721 17.426
3792 36.0 -8.035 17.426
3804 36.0 -8.406 17.426
3816 36.0 -8.777 17.426
3828 36.0 -8.436 17.333
3840 36.0 -7.714 16.985
3852 36.0 -8.626 17.250
3864 36.0 -8.716 17.238
3876 36.0 -8.992 17.347
3888 36.0 -9.190 16.900
3900 36.0 -9.238 17.067
3912 36.0 -9.690 16.489
3924 36.0 -9.794 17.171
3936 36.0 -9.995 17.350
3948 36.0 -10.268 17.006
3960 36.0 -10.291 17.034
4788 74.0 16.369 6.494
4800 74.0 14.985 6.436
4812 74.0 13.501 6.436
4824 74.0 11.974 6.551
4836 74.0 10.504 6.551
4848 74.0 8.963 6.551
4860 74.0 7.264 6.551
4872 74.0 5.552 6.551
4884 74.0 8.716 7.310
4896 74.0 10.215 6.854
4908 74.0 10.324 6.876
4920 74.0 12.194 7.300
4932 74.0 11.683 7.191
4944 74.0 11.158 7.314
4956 74.0 9.466 6.675
4968 74.0 11.549 8.015
4980 74.0 12.350 8.418
4992 74.0 9.997 8.011
5004 74.0 11.003 6.579
5016 74.0 10.647 8.228
6744 152.0 15.142 5.866
6756 152.0 14.115 5.866
6768 152.0 13.230 5.980
6780 152.0 12.502 5.980
6792 152.0 11.760 6.094
6804 152.0 11.132 6.094
6816 152.0 10.604 6.094
6828 152.0 10.033 6.094
6840 152.0 11.102 6.513
6852 152.0 10.114 6.826
6864 152.0 10.128 6.917
6876 152.0 10.597 7.584
6888 152.0 9.562 7.581
6900 152.0 9.621 7.909
6912 152.0 8.260 7.656
6924 152.0 9.030 7.527
6936 152.0 8.650 7.904
6948 152.0 8.805 8.475
6960 152.0 8.028 8.804
6972 152.0 7.665 8.919
6984 150.0 -19.652 17.711
6996 150.0 -19.238 17.711
7008 150.0 -18.467 17.540
7020 150.0 -18.111 17.768
7032 150.0 -17.640 17.996
7044 150.0 -16.327 18.111
7056 150.0 -15.071 18.111
7068 150.0 -13.758 18.225
7080 150.0 -16.676 18.263
7092 150.0 -16.680 17.811
7104 150.0 -16.893 18.901
7116 150.0 -16.966 18.269
7128 150.0 -17.786 18.768
7140 150.0 -17.295 18.833
7152 150.0 -17.225 18.467
7164 150.0 -16.284 18.095
7176 150.0 -16.793 18.396
7188 150.0 -16.711 18.014
7200 150.0 -17.280 18.602
7212 150.0 -16.161 17.835
6984 153.0 3.425 6.094
6996 153.0 2.854 6.094
7008 153.0 2.269 6.094
7020 153.0 1.698 6.094
7032 153.0 1.127 6.094
7044 153.0 0.500 6.094
7056 153.0 -0.086 6.094
7068 153.0 -0.656 6.037
7080 153.0 0.486 6.208
7092 153.0 0.308 6.416
7104 153.0 -0.417 5.944
7116 153.0 -0.875 6.539
7128 153.0 -0.097 6.487
7140 153.0 -1.530 7.279
7152 153.0 -1.884 7.087
7164 153.0 -1.909 7.421
7176 153.0 -3.103 7.818
7188 153.0 -1.481 7.941
7200 153.0 -3.092 8.510
7212 153.0 -4.439 9.180
7224 151.0 -6.716 17.654
7236 151.0 -6.712 17.654
7248 151.0 -6.709 17.654
7260 151.0 -6.705 17.654
7272 151.0 -6.701 17.654
7284 151.0 -6.698 17.654
7296 151.0 -6.694 17.654
7308 151.0 -6.691 17.654
7320 151.0 -6.713 17.586
7332 151.0 -6.760 17.553
7344 151.0 -6.775 17.666
7356 151.0 -6.827 17.570
7368 151.0 -6.861 17.493
7380 151.0 -6.766 17.487
7392 151.0 -6.761 17.498
7404 151.0 -6.832 17.494
7416 151.0 -6.877 17.412
7428 151.0 -6.871 17.467
7440 151.0 -6.829 17.508
7452 151.0 -6.849 17.566
7224 154.0 -8.306 5.794
7236 154.0 -8.920 5.794
7248 154.0 -9.434 5.794
7260 154.0 -9.904 5.794
7272 154.0 -10.547 5.794
7284 154.0 -11.118 5.794
7296 154.0 -11.746 5.794
7308 154.0 -12.316 5.794
7320 154.0 -11.591 5.918
7332 154.0 -11.248 5.897
7344 154.0 -11.305 5.623
7356 154.0 -12.167 6.126
7368 154.0 -13.068 6.541
7380 154.0 -12.793 6.272
7392 154.0 -12.673 5.896
7404 154.0 -12.793 7.076
7416 154.0 -13.598 6.542
7428 154.0 -12.809 6.450
7440 154.0 -14.698 6.805
7452 154.0 -14.097 7.515
7512 156.0 -19.795 18.453
7524 156.0 -19.424 18.453
7536 156.0 -19.053 18.339
7548 156.0 -18.681 18.339
7560 156.0 -18.268 18.339
7572 156.0 -17.854 18.339
7584 156.0 -17.369 18.339
7596 156.0 -16.912 18.225
7608 156.0 -17.569 18.743
7620 156.0 -16.787 18.462
7632 156.0 -17.836 18.698
7644 156.0 -17.182 18.591
7656 156.0 -17.028 18.608
7668 156.0 -16.929 18.628
7680 156.0 -17.259 18.837
7692 156.0 -17.560 18.750
7704 156.0 -18.016 18.696
7716 156.0 -17.939 18.766
7728 156.0 -17.434 18.568
7740 156.0 -17.113 18.856
7596 86.0 -13.430 7.635
7608 86.0 -12.802 7.635
7620 86.0 -12.174 7.635
7632 86.0 -11.489 7.635
7644 86.0 -10.804 7.635
7656 86.0 -10.176 7.635
7668 86.0 -9.491 7.635
7680 86.0 -8.863 7.635
7692 86.0 -9.888 7.355
7704 86.0 -10.140 7.151
7716 86.0 -9.703 7.241
7728 86.0 -8.852 6.384
7740 86.0 -9.406 6.683
7752 86.0 -8.917 6.950
7764 86.0 -8.446 5.811
7776 86.0 -9.200 6.311
7788 86.0 -8.413 6.150
7800 86.0 -8.819 6.050
7812 86.0 -8.741 5.831
7824 86.0 -9.085 6.322
7644 92.0 16.584 6.551
7656 92.0 16.584 6.551
7668 92.0 16.584 6.551
7680 92.0 16.341 6.551
7692 92.0 15.884 6.551
7704 92.0 15.370 6.551
7716 92.0 14.914 6.551
7728 92.0 14.429 6.551
7740 92.0 14.528 6.620
7752 92.0 14.390 6.440
7764 92.0 14.485 6.281
7776 92.0 15.066 5.963
7788 92.0 14.383 5.737
7800 92.0 14.441 5.877
7812 92.0 13.629 5.976
7824 92.0 14.499 6.283
7836 92.0 14.103 6.430
7848 92.0 15.471 6.346
7860 92.0 13.968 6.663
7872 92.0 13.640 6.768
7836 87.0 -0.328 7.635
7848 87.0 0.300 7.764
7860 87.0 0.942 7.764
7872 87.0 1.570 7.764
7884 87.0 2.198 7.764
7896 87.0 2.840 7.892
7908 87.0 3.468 7.892
7920 87.0 4.096 7.892
7932 87.0 2.248 8.023
7944 87.0 3.021 8.206
7956 87.0 3.053 8.622
7968 87.0 3.613 8.012
7980 87.0 3.561 7.888
7992 87.0 3.513 7.920
8004 87.0 3.012 7.277
8016 87.0 3.695 7.609
8028 87.0 3.766 8.062
8040 87.0 3.300 7.842
8052 87.0 3.288 7.752
8064 87.0 2.800 7.368
7884 93.0 9.091 6.665
7896 93.0 8.663 6.665
7908 93.0 8.206 6.665
7920 93.0 7.778 6.665
7932 93.0 7.307 6.665
7944 93.0 6.893 6.665
7956 93.0 6.465 6.665
7968 93.0 5.951 6.551
7980 93.0 6.513 6.261
7992 93.0 5.868 6.632
8004 93.0 5.565 6.642
8016 93.0 5.701 6.419
8028 93.0 5.463 6.641
8040 93.0 4.442 6.914
8052 93.0 5.192 7.484
8064 93.0 4.776 7.528
8076 93.0 3.571 7.078
8088 93.0 1.987 7.787
8100 93.0 2.486 7.721
8112 93.0 3.270 7.814
8124 94.0 0.100 5.980
8136 94.0 -0.371 5.980
8148 94.0 -0.842 6.094
8160 94.0 -1.313 6.094
8172 94.0 -1.841 6.208
8184 94.0 -2.312 6.208
8196 94.0 -2.783 6.322
8208 94.0 -3.297 6.322
8220 94.0 -2.659 6.551
8232 94.0 -2.732 6.492
8244 94.0 -3.603 6.672
8256 94.0 -3.957 7.118
8268 94.0 -4.841 7.172
8280 94.0 -4.704 7.531
8292 94.0 -4.709 7.490
8304 94.0 -5.921 7.412
8316 94.0 -6.618 8.030
8328 94.0 -6.434 8.601
8340 94.0 -6.041 8.004
8352 94.0 -5.471 7.968
8364 95.0 -9.590 7.464
8376 95.0 -10.004 7.707
8388 95.0 -10.490 7.935
8400 95.0 -10.903 8.063
8412 95.0 -11.374 8.292
8424 95.0 -11.803 8.520
8436 95.0 -12.259 8.748
8448 95.0 -12.687 8.863
8460 95.0 -12.426 9.079
8472 95.0 -13.027 9.443
8484 95.0 -13.535 9.587
8496 95.0 -14.235 9.664
8508 95.0 -14.207 10.115
8520 95.0 -15.235 10.288
8532 95.0 -16.165 10.477
8544 95.0 -15.456 10.730
8556 95.0 -16.608 11.031
8568 95.0 -17.104 11.575
8580 95.0 -16.039 11.294
8592 95.0 -15.392 10.554
10968 97.0 -19.152 14.115
10980 97.0 -18.739 13.544
10992 97.0 -18.211 13.201
11004 97.0 -17.768 12.916
11016 97.0 -17.397 12.687
11028 97.0 -16.983 12.216
11040 97.0 -16.569 11.860
11052 97.0 -16.141 11.403
11064 97.0 -15.408 11.038
11076 97.0 -14.973 10.726
11088 97.0 -14.787 10.675
11100 97.0 -15.018 10.235
11112 97.0 -14.291 9.662
11124 97.0 -15.208 10.076
11136 97.0 -13.716 9.266
11148 97.0 -11.256 7.124
11160 97.0 -14.570 10.602
11172 97.0 -11.755 8.554
11184 97.0 -12.626 8.806
11196 97.0 -11.482 7.205
11004 56.0 8.406 8.121
11016 56.0 8.406 8.121
11028 56.0 8.406 8.121
11040 56.0 8.406 8.121
11052 56.0 8.406 8.121
11064 56.0 8.406 8.121
11076 56.0 8.406 8.121
11088 56.0 8.406 8.121
11100 56.0 8.314 8.117
11112 56.0 8.284 8.033
11124 56.0 8.254 8.150
11136 56.0 8.320 8.132
11148 56.0 8.238 8.145
11160 56.0 8.218 8.202
11172 56.0 8.192 8.267
11184 56.0 8.099 8.287
11196 56.0 8.253 8.189
11208 56.0 8.113 8.148
11220 56.0 8.011 8.138
11232 56.0 7.924 8.191
11208 98.0 -9.605 7.350
11220 98.0 -9.062 7.236
11232 98.0 -8.606 7.007
11244 98.0 -8.063 6.893
11256 98.0 -7.550 6.779
11268 98.0 -7.036 6.665
11280 98.0 -6.494 6.551
11292 98.0 -5.866 6.436
11304 98.0 -6.126 6.459
11316 98.0 -5.436 5.781
11328 98.0 -6.264 6.843
11340 98.0 -5.321 6.205
11352 98.0 -5.398 6.059
11364 98.0 -4.417 5.762
11376 98.0 -3.944 5.536
11388 98.0 -3.129 5.046
11400 98.0 -4.298 5.162
11412 98.0 -4.084 5.775
11424 98.0 -2.963 5.527
11436 98.0 -3.850 6.159
11244 57.0 8.406 8.121
11256 57.0 8.406 8.121
11268 57.0 8.406 8.121
11280 57.0 8.406 8.121
11292 57.0 8.406 8.121
11304 57.0 8.406 8.121
11316 57.0 8.406 8.121
11328 57.0 8.406 8.121
11340 57.0 8.404 8.003
11352 57.0 8.374 8.028
11364 57.0 8.317 8.043
11376 57.0 8.319 8.068
11388 57.0 8.394 8.117
11400 57.0 8.369 8.147
11412 57.0 8.396 8.093
11424 57.0 8.414 8.069
11436 57.0 8.326 8.038
11448 57.0 8.349 8.045
11460 57.0 8.359 8.074
11472 57.0 8.434 7.988
11448 99.0 2.198 5.980
11460 99.0 2.726 5.866
11472 99.0 3.297 5.866
11484 99.0 3.811 5.751
11496 99.0 4.410 5.751
11508 99.0 4.952 5.694
11520 99.0 5.509 5.680
11532 99.0 6.051 5.566
11544 99.0 5.600 5.858
11556 99.0 6.502 5.481
11568 99.0 5.998 5.398
11580 99.0 6.658 4.975
11592 99.0 7.503 4.578
11604 99.0 7.928 4.594
11616 99.0 6.921 5.149
11628 99.0 7.826 4.300
11640 99.0 7.109 5.072
11652 99.0 7.694 5.111
11664 99.0 7.426 5.772
11676 99.0 7.793 5.861
11928 19.0 -19.937 18.924
11940 19.0 -19.809 19.038
11952 19.0 -19.866 19.038
11964 19.0 -19.866 19.038
11976 19.0 -19.866 19.167
11988 19.0 -19.866 19.167
12000 19.0 -19.866 19.281
12012 19.0 -19.880 19.281
12024 19.0 -19.983 19.231
12036 19.0 -19.891 19.239
12048 19.0 -19.941 19.078
12060 19.0 -20.048 18.993
12072 19.0 -19.968 18.933
12084 19.0 -20.009 18.948
12096 19.0 -20.058 18.922
12108 19.0 -20.064 18.968
12120 19.0 -20.011 18.888
12132 19.0 -20.083 18.908
12144 19.0 -20.188 18.873
12156 19.0 -20.205 18.782
12168 20.0 -16.013 18.225
12180 20.0 -15.599 18.111
12192 20.0 -15.171 18.111
12204 20.0 -14.914 17.768
12216 20.0 -14.714 17.426
12228 20.0 -14.598 17.311
12240 20.0 -14.595 17.309
12252 20.0 -14.591 17.308
12264 20.0 -13.598 17.002
12276 20.0 -13.464 17.018
12288 20.0 -13.244 16.605
12300 20.0 -12.672 16.557
12312 20.0 -12.135 16.220
12324 20.0 -11.775 15.761
12336 20.0 -11.469 15.486
12348 20.0 -11.362 15.420
12360 20.0 -11.552 15.254
12372 20.0 -10.722 14.956
12384 20.0 -11.398 14.928
12396 20.0 -10.563 14.434
12408 21.0 -14.547 17.292
12420 21.0 -14.543 17.291
12432 21.0 -14.540 17.289
12444 21.0 -14.536 17.288
12456 21.0 -14.533 17.287
12468 21.0 -14.530 17.286
12480 21.0 -14.526 17.285
12492 21.0 -14.523 17.283
12504 21.0 -14.568 17.259
12516 21.0 -14.428 17.265
12528 21.0 -14.455 17.223
12540 21.0 -14.516 17.229
12552 21.0 -14.503 17.207
12564 21.0 -14.474 17.174
12576 21.0 -14.589 17.215
12588 21.0 -14.584 17.282
12600 21.0 -14.506 17.306
12612 21.0 -14.551 17.280
12624 21.0 -14.514 17.281
12636 21.0 -14.608 17.272
