0 6.0 -15.695 34.138
12 6.0 -15.695 34.138
24 6.0 -15.695 34.138
36 6.0 -15.695 34.138
48 6.0 -15.695 34.138
60 6.0 -15.695 34.138
72 6.0 -15.695 34.138
84 6.0 -15.695 34.138
96 6.0 -15.542 34.076
108 6.0 -15.597 34.176
120 6.0 -15.611 34.168
132 6.0 -15.651 34.187
144 6.0 -15.682 34.259
156 6.0 -15.586 34.261
168 6.0 -15.522 34.110
180 6.0 -15.578 34.104
192 6.0 -15.681 34.082
204 6.0 -15.775 34.037
216 6.0 -15.811 34.072
228 6.0 -15.784 34.028
0 15.0 -8.722 41.385
12 15.0 -8.665 41.312
24 15.0 -8.607 41.312
36 15.0 -8.549 41.312
48 15.0 -8.491 41.312
60 15.0 -8.433 41.312
72 15.0 -8.375 41.312
84 15.0 -8.317 41.312
96 15.0 -8.284 41.306
108 15.0 -8.177 41.238
120 15.0 -8.286 41.258
132 15.0 -8.041 41.099
144 15.0 -7.984 41.071
156 15.0 -7.671 41.139
168 15.0 -7.522 40.986
180 15.0 -7.330 41.087
192 15.0 -7.141 41.172
204 15.0 -6.477 40.618
216 15.0 -6.372 40.693
228 15.0 -5.799 40.279
0 22.0 -6.061 28.786
12 22.0 -5.829 27.802
24 22.0 -5.598 26.847
36 22.0 -5.381 25.864
48 22.0 -5.164 24.894
60 22.0 -4.875 23.925
72 22.0 -4.643 22.942
84 22.0 -4.643 21.972
96 22.0 -4.797 23.606
108 22.0 -4.943 21.557
120 22.0 -4.610 22.639
132 22.0 -4.486 20.600
144 22.0 -4.727 22.571
156 22.0 -4.413 22.142
168 22.0 -4.706 21.000
180 22.0 -3.758 18.867
192 22.0 -4.676 23.109
204 22.0 -5.029 23.859
216 22.0 -4.641 23.694
228 22.0 -4.685 22.158
0 24.0 6.929 9.807
12 24.0 7.218 9.561
24 24.0 7.565 9.431
36 24.0 7.912 9.316
48 24.0 8.260 9.200
60 24.0 8.607 9.070
72 24.0 8.925 8.954
84 24.0 9.272 8.824
96 24.0 9.220 8.574
108 24.0 10.704 7.934
120 24.0 10.490 8.048
132 24.0 10.293 8.034
144 24.0 11.416 7.382
156 24.0 11.311 7.606
168 24.0 12.481 6.591
180 24.0 13.153 6.172
192 24.0 13.502 6.259
204 24.0 14.221 5.913
216 24.0 13.185 5.930
228 24.0 14.436 5.694
0 50.0 -5.584 17.532
12 50.0 -5.627 18.023
24 50.0 -5.685 18.631
36 50.0 -5.743 19.239
48 50.0 -5.800 19.730
60 50.0 -5.858 20.338
72 50.0 -5.916 20.945
84 50.0 -5.974 21.423
96 50.0 -5.745 20.895
108 50.0 -5.929 20.948
120 50.0 -5.990 21.979
132 50.0 -5.977 22.512
144 50.0 -6.113 23.096
156 50.0 -5.843 22.963
168 50.0 -5.814 23.369
180 50.0 -6.164 23.875
192 50.0 -6.553 23.276
204 50.0 -5.451 25.046
216 50.0 -7.097 24.133
228 50.0 -6.307 26.064
36 64.0 -8.288 40.083
48 64.0 -8.578 39.186
60 64.0 -8.578 38.578
72 64.0 -8.636 38.087
84 64.0 -8.636 37.609
96 64.0 -8.694 37.117
108 64.0 -8.694 36.582
120 64.0 -8.737 36.033
132 64.0 -8.775 36.660
144 64.0 -8.465 36.893
156 64.0 -8.891 35.983
168 64.0 -8.829 34.657
180 64.0 -8.755 34.615
192 64.0 -8.404 33.443
204 64.0 -8.608 33.671
216 64.0 -8.651 33.573
228 64.0 -8.728 32.897
240 64.0 -8.718 33.551
252 64.0 -9.188 30.523
264 64.0 -9.161 30.237
240 7.0 -15.695 34.138
252 7.0 -15.695 34.138
264 7.0 -15.695 34.138
276 7.0 -15.695 34.138
288 7.0 -15.695 34.138
300 7.0 -15.695 34.138
312 7.0 -15.695 34.138
324 7.0 -15.695 34.138
336 7.0 -15.661 34.173
348 7.0 -15.733 34.260
360 7.0 -15.743 34.300
372 7.0 -15.706 34.295
384 7.0 -15.773 34.268
396 7.0 -15.832 34.369
408 7.0 -15.722 34.282
420 7.0 -15.759 34.285
432 7.0 -15.779 34.317
444 7.0 -15.737 34.275
456 7.0 -15.785 34.308
468 7.0 -15.798 34.333
240 16.0 -7.233 37.175
252 16.0 -7.117 36.568
264 16.0 -7.016 35.960
276 16.0 -6.958 35.353
288 16.0 -6.842 34.745
300 16.0 -6.726 34.138
312 16.0 -6.611 33.530
324 16.0 -6.495 32.923
336 16.0 -6.329 33.426
348 16.0 -6.503 33.252
360 16.0 -6.312 32.381
372 16.0 -5.999 32.387
384 16.0 -6.205 30.803
396 16.0 -5.998 31.233
408 16.0 -6.529 30.198
420 16.0 -6.245 27.050
432 16.0 -6.095 27.938
444 16.0 -5.911 27.215
456 16.0 -6.170 27.590
468 16.0 -6.388 32.457
240 23.0 -15.347 11.630
252 23.0 -16.881 11.514
264 23.0 -18.298 11.138
276 23.0 -19.456 10.776
288 23.0 -19.213 11.064
300 23.0 -18.485 11.620
312 23.0 -17.757 12.177
324 23.0 -17.029 12.733
336 23.0 -18.282 12.396
348 23.0 -19.153 12.966
360 23.0 -18.416 12.388
372 23.0 -19.359 12.370
384 23.0 -20.150 12.627
396 23.0 -20.264 13.128
408 23.0 -19.990 12.537
420 23.0 -21.740 13.175
432 23.0 -20.847 13.185
444 23.0 -22.855 13.323
456 23.0 -22.134 13.497
468 23.0 -19.813 13.228
240 51.0 -7.290 29.089
252 51.0 -7.392 29.639
264 51.0 -7.507 30.246
276 51.0 -7.623 30.854
288 51.0 -7.739 31.389
300 51.0 -7.855 31.997
312 51.0 -7.970 32.561
324 51.0 -8.086 33.168
336 51.0 -7.747 32.440
348 51.0 -7.796 33.673
360 51.0 -8.306 33.610
372 51.0 -8.196 33.868
384 51.0 -8.477 34.124
396 51.0 -8.227 34.039
408 51.0 -7.196 35.400
420 51.0 -8.387 34.807
432 51.0 -8.350 36.393
444 51.0 -8.110 36.321
456 51.0 -8.127 35.269
468 51.0 -8.845 35.774
276 65.0 -9.142 29.263
288 65.0 -9.142 28.786
300 65.0 -9.084 28.308
312 65.0 -9.026 27.816
324 65.0 -8.910 27.209
336 65.0 -8.795 26.717
348 65.0 -8.737 26.109
360 65.0 -8.636 25.618
372 65.0 -8.927 25.486
384 65.0 -8.722 25.334
396 65.0 -8.545 24.409
408 65.0 -8.484 22.865
420 65.0 -8.300 23.707
432 65.0 -8.248 22.803
444 65.0 -8.494 21.706
456 65.0 -8.329 22.423
468 65.0 -8.158 20.292
480 65.0 -8.402 20.615
492 65.0 -8.227 21.692
504 65.0 -8.250 21.706
312 55.0 5.439 35.237
324 55.0 5.410 35.541
336 55.0 5.352 35.902
348 55.0 5.294 36.264
360 55.0 5.236 36.568
372 55.0 5.179 36.944
384 55.0 4.672 37.175
396 55.0 4.209 37.551
408 55.0 4.836 37.050
420 55.0 4.677 37.137
432 55.0 4.484 37.865
444 55.0 4.868 37.585
456 55.0 4.462 37.717
468 55.0 4.621 37.936
480 55.0 4.449 37.960
492 55.0 4.583 39.058
504 55.0 4.294 38.191
516 55.0 4.162 38.287
528 55.0 4.379 38.991
540 55.0 4.419 39.416
336 60.0 3.081 40.951
348 60.0 3.081 40.343
360 60.0 3.023 39.866
372 60.0 2.965 39.258
384 60.0 2.965 38.766
396 60.0 2.907 38.159
408 60.0 2.907 37.667
420 60.0 2.907 37.060
432 60.0 3.108 36.328
444 60.0 3.010 35.744
456 60.0 2.854 35.293
468 60.0 2.924 34.769
480 60.0 2.872 32.944
492 60.0 2.757 34.566
504 60.0 2.672 33.340
516 60.0 2.682 33.184
528 60.0 2.573 30.321
540 60.0 3.102 33.318
552 60.0 2.922 32.788
564 60.0 3.081 30.738
396 0.0 3.703 25.560
408 0.0 3.746 25.068
420 0.0 3.804 24.591
432 0.0 3.862 24.099
444 0.0 3.920 23.621
456 0.0 3.978 23.188
468 0.0 4.094 22.696
480 0.0 4.151 22.204
492 0.0 3.847 21.836
504 0.0 4.000 20.947
516 0.0 3.916 20.065
528 0.0 3.673 19.534
540 0.0 4.167 19.614
552 0.0 4.096 17.851
564 0.0 3.783 16.983
576 0.0 3.734 17.031
588 0.0 3.639 18.262
600 0.0 3.727 17.616
612 0.0 3.641 17.260
624 0.0 3.202 15.612
456 33.0 3.645 41.833
468 33.0 3.645 40.893
480 33.0 3.703 40.415
492 33.0 3.804 39.924
504 33.0 3.862 39.374
516 33.0 3.978 38.651
528 33.0 4.036 37.971
540 33.0 4.036 37.479
552 33.0 4.100 37.251
564 33.0 4.701 36.966
576 33.0 4.094 37.241
588 33.0 4.330 36.275
600 33.0 4.376 36.182
612 33.0 4.465 35.607
624 33.0 4.882 34.791
636 33.0 4.759 33.744
648 33.0 4.585 33.618
660 33.0 4.803 32.926
672 33.0 4.846 33.944
684 33.0 4.555 33.951
480 8.0 -15.695 34.138
492 8.0 -15.695 34.138
504 8.0 -15.752 34.080
516 8.0 -15.752 34.080
528 8.0 -15.752 34.080
540 8.0 -15.752 34.080
552 8.0 -15.781 34.080
564 8.0 -15.781 34.080
576 8.0 -15.725 34.027
588 8.0 -15.759 34.039
600 8.0 -15.686 34.083
612 8.0 -15.756 34.125
624 8.0 -15.661 34.117
636 8.0 -15.677 34.082
648 8.0 -15.662 34.046
660 8.0 -15.576 34.062
672 8.0 -15.594 34.070
684 8.0 -15.547 34.035
696 8.0 -15.659 34.047
708 8.0 -15.656 34.066
480 17.0 -5.584 25.140
492 17.0 -5.584 24.533
504 17.0 -5.555 24.041
516 17.0 -5.584 23.665
528 17.0 -5.612 23.318
540 17.0 -5.612 22.942
552 17.0 -5.670 22.580
564 17.0 -5.699 22.103
576 17.0 -5.504 21.023
588 17.0 -5.567 21.258
600 17.0 -5.618 20.301
612 17.0 -5.395 19.870
624 17.0 -5.333 18.688
636 17.0 -5.287 19.411
648 17.0 -5.332 19.050
660 17.0 -5.209 18.785
672 17.0 -5.527 18.887
684 17.0 -5.382 18.129
696 17.0 -5.277 17.334
708 17.0 -5.270 14.876
504 12.0 -6.611 24.533
516 12.0 -6.611 23.925
528 12.0 -6.611 23.303
540 12.0 -6.611 22.696
552 12.0 -6.668 22.218
564 12.0 -6.668 21.727
576 12.0 -6.668 21.307
588 12.0 -6.611 20.757
600 12.0 -6.788 19.634
612 12.0 -6.759 20.220
624 12.0 -6.811 19.880
636 12.0 -6.967 18.397
648 12.0 -6.733 19.160
660 12.0 -6.836 17.582
672 12.0 -6.546 17.613
684 12.0 -6.414 18.915
696 12.0 -6.506 16.552
708 12.0 -6.748 15.507
720 12.0 -6.647 14.449
732 12.0 -6.468 16.923
504 46.0 1.794 -6.509
516 46.0 1.794 -6.509
528 46.0 1.765 -6.871
540 46.0 1.649 -7.233
552 46.0 1.591 -7.609
564 46.0 1.475 -8.086
576 46.0 1.418 -8.824
588 46.0 1.360 -9.431
600 46.0 1.421 -9.570
612 46.0 1.784 -9.791
624 46.0 1.485 -10.845
636 46.0 1.753 -10.376
648 46.0 1.374 -11.632
660 46.0 1.203 -11.487
672 46.0 1.595 -12.208
684 46.0 1.444 -13.426
696 46.0 1.247 -12.239
708 46.0 1.461 -12.392
720 46.0 1.495 -12.720
732 46.0 1.928 -15.870
516 66.0 -6.871 19.354
528 66.0 -6.697 18.689
540 66.0 -6.582 18.067
552 66.0 -6.408 17.459
564 66.0 -6.292 16.852
576 66.0 -6.177 16.244
588 66.0 -6.061 15.637
600 66.0 -5.887 15.159
612 66.0 -5.816 14.682
624 66.0 -6.246 13.892
636 66.0 -5.864 13.002
648 66.0 -5.787 11.211
660 66.0 -5.852 13.605
672 66.0 -5.926 12.375
684 66.0 -5.643 11.928
696 66.0 -5.466 9.644
708 66.0 -6.126 10.909
720 66.0 -5.856 11.974
732 66.0 -5.826 7.521
744 66.0 -5.226 4.682
552 56.0 -1.548 39.359
564 56.0 -2.097 39.359
576 56.0 -2.676 39.359
588 56.0 -3.370 39.851
600 56.0 -4.094 40.343
612 56.0 -4.499 40.589
624 56.0 -4.846 40.835
636 56.0 -5.468 41.009
648 56.0 -5.557 40.855
660 56.0 -5.932 41.161
672 56.0 -6.925 42.139
684 56.0 -8.311 42.802
696 56.0 -7.577 42.417
708 56.0 -8.021 42.799
720 56.0 -7.257 42.335
732 56.0 -7.999 42.915
744 56.0 -10.176 44.281
756 56.0 -7.949 43.664
768 56.0 -10.692 45.202
780 56.0 -10.276 44.824
576 52.0 -13.843 30.680
588 52.0 -13.901 30.058
600 52.0 -13.901 29.451
612 52.0 -13.901 29.335
624 52.0 -13.843 29.089
636 52.0 -13.785 28.843
648 52.0 -13.785 28.482
660 52.0 -13.785 28.236
672 52.0 -13.793 28.148
684 52.0 -13.831 27.280
696 52.0 -13.749 26.612
708 52.0 -13.958 26.343
720 52.0 -14.131 25.933
732 52.0 -13.901 25.186
744 52.0 -13.974 24.488
756 52.0 -13.976 25.115
768 52.0 -13.856 24.321
780 52.0 -13.446 22.871
792 52.0 -13.269 22.989
804 52.0 -13.916 23.396
576 61.0 4.238 29.509
588 61.0 4.296 28.786
600 61.0 4.412 28.178
612 61.0 4.470 27.570
624 61.0 4.585 26.847
636 61.0 4.528 26.355
648 61.0 4.412 25.979
660 61.0 4.296 25.618
672 61.0 4.241 25.022
684 61.0 4.471 24.759
696 61.0 4.667 23.735
708 61.0 4.363 23.372
720 61.0 4.428 21.406
732 61.0 4.526 22.704
744 61.0 4.480 22.171
756 61.0 4.228 21.532
768 61.0 4.389 24.095
780 61.0 4.114 24.245
792 61.0 3.725 23.091
804 61.0 3.859 22.448
600 48.0 -14.639 30.333
612 48.0 -14.523 29.523
624 48.0 -14.465 29.147
636 48.0 -14.465 28.655
648 48.0 -14.465 28.308
660 48.0 -14.407 27.816
672 48.0 -14.407 27.440
684 48.0 -14.349 27.093
696 48.0 -14.804 27.101
708 48.0 -14.652 27.015
720 48.0 -14.586 25.663
732 48.0 -14.594 24.701
744 48.0 -14.473 24.078
756 48.0 -14.570 23.984
768 48.0 -14.723 23.772
780 48.0 -14.371 21.915
792 48.0 -14.218 22.124
804 48.0 -14.465 23.894
816 48.0 -14.694 21.678
828 48.0 -14.628 16.549
636 1.0 3.862 15.998
648 1.0 3.920 15.391
660 1.0 3.978 14.783
672 1.0 3.978 14.060
684 1.0 4.036 13.453
696 1.0 4.036 12.845
708 1.0 4.094 12.237
720 1.0 4.151 11.746
732 1.0 4.005 11.347
744 1.0 4.149 11.007
756 1.0 4.181 10.702
768 1.0 4.018 10.167
780 1.0 4.030 8.477
792 1.0 4.229 8.528
804 1.0 4.137 9.228
816 1.0 4.097 7.070
828 1.0 4.189 11.606
840 1.0 3.840 6.147
852 1.0 4.322 9.469
864 1.0 4.267 8.064
696 34.0 4.267 27.455
708 34.0 4.267 27.252
720 34.0 4.238 27.252
732 34.0 4.209 27.194
744 34.0 4.180 27.194
756 34.0 4.180 26.905
768 34.0 4.296 26.298
780 34.0 4.412 25.690
792 34.0 4.569 25.870
804 34.0 4.901 25.649
816 34.0 5.381 26.300
828 34.0 5.572 25.946
840 34.0 5.061 25.582
852 34.0 5.641 25.288
864 34.0 6.054 25.489
876 34.0 6.621 25.755
888 34.0 7.129 25.337
900 34.0 7.374 24.666
912 34.0 8.981 23.857
924 34.0 9.549 23.256
720 9.0 -15.868 34.080
732 9.0 -15.897 34.080
744 9.0 -15.897 34.080
756 9.0 -15.897 34.022
768 9.0 -15.897 34.022
780 9.0 -15.926 34.022
792 9.0 -15.926 34.022
804 9.0 -15.926 34.022
816 9.0 -15.961 33.946
828 9.0 -15.956 33.958
840 9.0 -15.919 33.890
852 9.0 -15.971 33.977
864 9.0 -16.109 33.932
876 9.0 -16.138 33.898
888 9.0 -16.075 33.917
900 9.0 -16.222 33.873
912 9.0 -16.115 33.827
924 9.0 -16.055 33.885
936 9.0 -15.908 33.859
948 9.0 -15.912 33.864
720 18.0 -5.179 14.306
732 18.0 -5.121 13.814
744 18.0 -5.121 13.091
756 18.0 -5.077 12.353
768 18.0 -4.904 11.861
780 18.0 -4.730 11.384
792 18.0 -4.730 10.776
804 18.0 -4.730 10.169
816 18.0 -4.747 9.238
828 18.0 -4.952 9.456
840 18.0 -4.618 7.839
852 18.0 -4.731 8.456
864 18.0 -4.529 7.249
876 18.0 -4.669 5.345
888 18.0 -4.467 7.062
900 18.0 -4.286 5.414
912 18.0 -3.937 5.512
924 18.0 -4.471 7.235
936 18.0 -4.529 6.360
948 18.0 -5.083 6.694
744 13.0 -6.032 12.975
756 13.0 -5.974 12.483
768 13.0 -5.873 12.107
780 13.0 -5.699 11.630
792 13.0 -5.584 11.268
804 13.0 -5.584 10.531
816 13.0 -5.584 9.923
828 13.0 -5.584 9.446
840 13.0 -5.709 9.222
852 13.0 -5.348 7.970
864 13.0 -5.631 7.235
876 13.0 -5.815 6.677
888 13.0 -5.769 5.391
900 13.0 -5.802 5.506
912 13.0 -5.735 4.675
924 13.0 -5.608 6.624
936 13.0 -5.808 3.566
948 13.0 -5.257 4.738
960 13.0 -5.299 5.006
972 13.0 -5.033 2.920
744 20.0 -20.078 21.596
756 20.0 -19.730 21.857
768 20.0 -19.354 22.088
780 20.0 -18.964 22.334
792 20.0 -18.501 22.826
804 20.0 -18.110 23.188
816 20.0 -17.763 23.188
828 20.0 -17.488 23.303
840 20.0 -17.875 23.710
852 20.0 -17.601 23.951
864 20.0 -17.917 23.529
876 20.0 -17.689 23.507
888 20.0 -18.389 24.482
900 20.0 -18.377 23.569
912 20.0 -18.097 24.706
924 20.0 -18.533 24.092
936 20.0 -18.259 24.602
948 20.0 -18.204 25.225
960 20.0 -17.618 26.393
972 20.0 -18.112 25.093
756 67.0 2.416 41.298
768 67.0 2.416 40.589
780 67.0 2.416 40.227
792 67.0 2.416 39.851
804 67.0 2.416 39.504
816 67.0 2.416 39.012
828 67.0 2.474 38.636
840 67.0 2.531 38.144
852 67.0 2.467 38.116
864 67.0 2.448 36.853
876 67.0 2.494 37.097
888 67.0 2.651 36.568
900 67.0 2.684 34.821
912 67.0 2.746 36.049
924 67.0 2.757 34.761
936 67.0 2.918 33.891
948 67.0 2.756 34.601
960 67.0 3.187 32.050
972 67.0 2.470 34.786
984 67.0 2.448 34.930
792 57.0 -7.037 41.535
804 57.0 -7.055 41.539
816 57.0 -7.073 41.542
828 57.0 -7.090 41.545
840 57.0 -7.108 41.548
852 57.0 -7.126 41.552
864 57.0 -7.145 41.555
876 57.0 -7.163 41.558
888 57.0 -7.210 41.531
900 57.0 -7.180 41.627
912 57.0 -7.120 41.520
924 57.0 -7.134 41.532
936 57.0 -7.031 41.442
948 57.0 -7.158 41.462
960 57.0 -7.209 41.430
972 57.0 -7.190 41.424
984 57.0 -7.199 41.518
996 57.0 -7.339 41.539
1008 57.0 -7.365 41.544
1020 57.0 -7.439 41.558
816 62.0 5.887 18.920
828 62.0 5.887 18.689
840 62.0 5.887 18.573
852 62.0 5.887 18.197
864 62.0 6.234 16.866
876 62.0 6.408 15.883
888 62.0 6.408 15.391
900 62.0 6.408 14.914
912 62.0 6.095 15.432
924 62.0 6.204 15.555
936 62.0 6.297 14.086
948 62.0 6.167 14.048
960 62.0 6.507 15.022
972 62.0 6.494 12.278
984 62.0 6.560 11.810
996 62.0 6.425 12.225
1008 62.0 5.923 12.543
1020 62.0 6.258 12.120
1032 62.0 6.357 11.817
1044 62.0 5.752 11.999
840 49.0 -15.145 22.696
852 49.0 -15.203 22.349
864 49.0 -15.261 21.972
876 49.0 -15.376 21.596
888 49.0 -15.666 21.249
900 49.0 -15.941 20.873
912 49.0 -16.230 20.642
924 49.0 -16.461 20.381
936 49.0 -15.433 20.880
948 49.0 -15.417 20.664
960 49.0 -15.546 19.734
972 49.0 -15.512 19.427
984 49.0 -15.568 18.467
996 49.0 -15.584 18.346
1008 49.0 -15.460 16.715
1020 49.0 -15.471 16.728
1032 49.0 -15.390 15.683
1044 49.0 -15.548 16.271
1056 49.0 -16.134 16.836
1068 49.0 -15.437 15.931
876 2.0 4.788 4.817
888 2.0 4.788 4.325
900 2.0 4.788 3.848
912 2.0 4.788 3.110
924 2.0 4.788 2.372
936 2.0 4.672 1.895
948 2.0 4.557 1.649
960 2.0 4.499 1.287
972 2.0 4.328 0.750
984 2.0 4.476 0.294
996 2.0 4.436 -0.482
1008 2.0 4.384 -1.418
1020 2.0 4.350 -1.682
1032 2.0 4.453 -1.585
1044 2.0 4.209 -2.743
1056 2.0 4.427 -1.524
1068 2.0 4.654 -1.048
1080 2.0 4.829 0.654
1092 2.0 4.432 -2.929
1104 2.0 4.628 -3.142
936 35.0 5.627 19.108
948 35.0 5.743 18.501
960 35.0 5.974 18.139
972 35.0 6.263 17.647
984 35.0 6.437 17.286
996 35.0 6.553 16.924
1008 35.0 6.770 16.490
1020 35.0 7.059 15.941
1032 35.0 7.345 15.046
1044 35.0 7.880 14.011
1056 35.0 7.993 13.910
1068 35.0 7.901 14.805
1080 35.0 8.946 13.330
1092 35.0 7.567 14.154
1104 35.0 7.710 13.396
1116 35.0 7.586 13.706
1128 35.0 8.362 12.364
1140 35.0 7.947 12.655
1152 35.0 8.512 9.422
1164 35.0 8.352 11.406
960 10.0 -16.027 34.007
972 10.0 -16.027 34.007
984 10.0 -16.027 34.007
996 10.0 -16.027 34.007
1008 10.0 -16.085 33.950
1020 10.0 -16.085 33.950
1032 10.0 -16.085 33.950
1044 10.0 -16.085 33.892
1056 10.0 -16.091 33.899
1068 10.0 -16.139 33.852
1080 10.0 -16.128 33.781
1092 10.0 -16.064 33.778
1104 10.0 -16.127 33.908
1116 10.0 -16.172 33.838
1128 10.0 -16.148 33.832
1140 10.0 -16.108 33.894
1152 10.0 -16.079 33.834
1164 10.0 -15.967 33.916
1176 10.0 -16.023 33.844
1188 10.0 -16.119 33.765
960 19.0 -3.935 3.356
972 19.0 -3.935 2.864
984 19.0 -3.935 2.372
996 19.0 -3.935 1.895
1008 19.0 -3.963 1.215
1020 19.0 -3.963 0.608
1032 19.0 -3.992 0.072
1044 19.0 -4.021 -0.535
1056 19.0 -3.887 -0.746
1068 19.0 -3.954 -2.084
1080 19.0 -3.672 -2.490
1092 19.0 -3.664 -2.814
1104 19.0 -3.825 -2.205
1116 19.0 -3.782 -1.986
1128 19.0 -3.710 -4.243
1140 19.0 -3.824 -6.398
1152 19.0 -3.951 -5.144
1164 19.0 -3.796 -2.505
1176 19.0 -3.949 -5.776
1188 19.0 -4.707 -4.317
984 14.0 -4.846 2.864
996 14.0 -4.730 2.257
1008 14.0 -4.672 1.519
1020 14.0 -4.672 0.984
1032 14.0 -4.672 0.318
1044 14.0 -4.672 -0.231
1056 14.0 -4.672 -0.897
1068 14.0 -4.672 -1.504
1080 14.0 -4.761 -1.510
1092 14.0 -4.742 -1.671
1104 14.0 -4.839 -2.931
1116 14.0 -4.877 -2.820
1128 14.0 -4.989 -3.642
1140 14.0 -5.281 -4.395
1152 14.0 -4.927 -3.339
1164 14.0 -4.827 -3.513
1176 14.0 -5.033 -5.800
1188 14.0 -4.898 -4.053
1200 14.0 -4.057 0.333
1212 14.0 -4.532 -2.965
984 21.0 -14.856 29.147
996 21.0 -14.697 29.523
1008 21.0 -14.552 29.943
1020 21.0 -14.465 30.608
1032 21.0 -14.378 31.158
1044 21.0 -14.292 31.823
1056 21.0 -14.219 32.373
1068 21.0 -14.017 32.865
1080 21.0 -14.098 33.064
1092 21.0 -14.254 33.650
1104 21.0 -14.112 34.277
1116 21.0 -13.749 34.235
1128 21.0 -13.557 34.542
1140 21.0 -13.563 34.464
1152 21.0 -13.398 33.767
1164 21.0 -13.678 35.322
1176 21.0 -13.492 35.280
1188 21.0 -13.507 34.359
1200 21.0 -13.745 36.377
1212 21.0 -13.734 36.275
996 54.0 -9.316 24.374
1008 54.0 -9.026 23.419
1020 54.0 -8.578 22.811
1032 54.0 -8.115 22.349
1044 54.0 -7.594 21.741
1056 54.0 -7.146 21.119
1068 54.0 -7.030 20.989
1080 54.0 -6.929 20.873
1092 54.0 -6.526 19.394
1104 54.0 -5.831 18.803
1116 54.0 -5.793 19.348
1128 54.0 -5.889 18.704
1140 54.0 -5.298 18.092
1152 54.0 -4.695 18.170
1164 54.0 -5.191 17.155
1176 54.0 -3.491 17.940
1188 54.0 -6.384 20.784
1200 54.0 -2.901 15.732
1212 54.0 -4.032 18.790
1224 54.0 -4.585 19.759
996 68.0 3.269 31.230
1008 68.0 3.182 30.782
1020 68.0 3.124 30.304
1032 68.0 3.124 29.813
1044 68.0 3.182 29.205
1056 68.0 3.240 28.713
1068 68.0 3.240 28.250
1080 68.0 3.298 27.758
1092 68.0 3.131 27.971
1104 68.0 3.146 27.485
1116 68.0 3.125 26.570
1128 68.0 3.155 26.540
1140 68.0 3.177 26.125
1152 68.0 3.150 25.419
1164 68.0 3.221 25.056
1176 68.0 3.080 25.584
1188 68.0 3.101 25.300
1200 68.0 2.909 23.547
1212 68.0 2.668 24.248
1224 68.0 2.292 25.005
1020 29.0 -8.375 -2.850
1032 29.0 -8.824 -3.341
1044 29.0 -9.229 -3.718
1056 29.0 -9.677 -4.180
1068 29.0 -10.140 -4.557
1080 29.0 -10.603 -5.048
1092 29.0 -10.993 -5.410
1104 29.0 -11.442 -5.887
1116 29.0 -11.189 -4.906
1128 29.0 -11.660 -5.693
1140 29.0 -11.629 -5.734
1152 29.0 -11.750 -5.278
1164 29.0 -11.562 -6.154
1176 29.0 -12.373 -5.400
1188 29.0 -12.056 -5.355
1200 29.0 -12.037 -6.550
1212 29.0 -11.455 -7.155
1224 29.0 -12.228 -7.182
1236 29.0 -13.031 -7.924
1248 29.0 -12.616 -5.718
1032 58.0 -7.396 41.600
1044 58.0 -7.414 41.603
1056 58.0 -7.432 41.607
1068 58.0 -7.450 41.610
1080 58.0 -7.468 41.613
1092 58.0 -7.486 41.616
1104 58.0 -7.504 41.620
1116 58.0 -7.522 41.623
1128 58.0 -7.572 41.610
1140 58.0 -7.520 41.575
1152 58.0 -7.583 41.644
1164 58.0 -7.566 41.684
1176 58.0 -7.585 41.682
1188 58.0 -7.663 41.788
1200 58.0 -7.551 41.910
1212 58.0 -7.632 41.916
1224 58.0 -7.684 41.712
1236 58.0 -7.641 41.806
1248 58.0 -7.725 41.861
1260 58.0 -7.774 41.856
1056 63.0 5.092 5.844
1068 63.0 5.034 5.236
1080 63.0 4.918 4.629
1092 63.0 4.918 3.906
1104 63.0 4.918 3.298
1116 63.0 4.918 2.560
1128 63.0 4.918 1.953
1140 63.0 4.918 1.230
1152 63.0 4.791 0.977
1164 63.0 4.913 0.638
1176 63.0 4.764 0.279
1188 63.0 4.863 -0.556
1200 63.0 4.575 0.518
1212 63.0 4.788 -0.634
1224 63.0 5.271 -1.250
1236 63.0 5.066 0.146
1248 63.0 5.145 -1.031
1260 63.0 4.527 -0.164
1272 63.0 5.024 -3.294
1284 63.0 4.286 0.450
1116 3.0 3.804 -5.164
1128 3.0 3.746 -5.280
1140 3.0 3.703 -5.395
1152 3.0 3.645 -5.395
1164 3.0 3.587 -5.395
1176 3.0 3.472 -5.395
1188 3.0 3.414 -5.280
1200 3.0 3.356 -5.280
1212 3.0 3.441 -5.399
1224 3.0 3.304 -5.366
1236 3.0 3.073 -5.411
1248 3.0 3.288 -5.348
1260 3.0 3.489 -5.403
1272 3.0 3.451 -5.596
1284 3.0 3.589 -5.719
1296 3.0 3.494 -5.678
1308 3.0 3.444 -5.898
1320 3.0 3.438 -5.983
1332 3.0 3.348 -5.996
1344 3.0 3.543 -6.018
1152 39.0 15.579 19.181
1164 39.0 15.174 19.296
1176 39.0 14.711 19.412
1188 39.0 14.320 19.412
1200 39.0 13.915 19.528
1212 39.0 13.525 19.658
1224 39.0 13.120 19.788
1236 39.0 12.671 19.788
1248 39.0 13.275 19.858
1260 39.0 13.163 19.962
1272 39.0 13.113 20.174
1284 39.0 12.798 20.150
1296 39.0 12.827 20.241
1308 39.0 11.707 20.831
1320 39.0 10.945 20.796
1332 39.0 10.230 21.176
1344 39.0 10.294 20.928
1356 39.0 9.812 21.312
1368 39.0 8.521 21.885
1380 39.0 9.037 21.776
1188 38.0 15.116 21.293
1200 38.0 14.176 20.627
1212 38.0 13.843 20.685
1224 38.0 13.496 20.815
1236 38.0 13.149 20.945
1248 38.0 12.744 21.061
1260 38.0 12.411 21.119
1272 38.0 12.078 21.235
1284 38.0 12.164 21.351
1296 38.0 12.371 21.398
1308 38.0 11.754 21.382
1320 38.0 11.441 21.501
1332 38.0 10.237 21.689
1344 38.0 10.111 21.168
1356 38.0 10.741 21.451
1368 38.0 11.663 21.533
1380 38.0 10.725 21.813
1392 38.0 11.020 21.822
1404 38.0 9.385 22.401
1416 38.0 9.777 22.167
1200 11.0 -16.085 33.414
1212 11.0 -16.085 33.414
1224 11.0 -16.085 33.414
1236 11.0 -16.085 33.299
1248 11.0 -16.085 33.299
1260 11.0 -16.085 33.299
1272 11.0 -16.085 33.226
1284 11.0 -16.085 33.226
1296 11.0 -16.083 33.247
1308 11.0 -16.063 33.235
1320 11.0 -16.055 33.263
1332 11.0 -16.128 33.268
1344 11.0 -16.186 33.198
1356 11.0 -16.124 33.229
1368 11.0 -16.109 33.271
1380 11.0 -16.113 33.162
1392 11.0 -16.110 33.095
1404 11.0 -16.132 33.142
1416 11.0 -16.140 33.212
1428 11.0 -16.169 33.295
1236 69.0 3.298 21.191
1248 69.0 3.298 20.700
1260 69.0 3.298 20.208
1272 69.0 3.298 19.716
1284 69.0 3.414 19.108
1296 69.0 3.472 18.617
1308 69.0 3.529 18.125
1320 69.0 3.587 17.662
1332 69.0 3.445 17.656
1344 69.0 3.431 17.627
1356 69.0 3.481 16.315
1368 69.0 3.518 16.437
1380 69.0 3.617 15.224
1392 69.0 3.671 13.406
1404 69.0 3.677 14.202
1416 69.0 3.610 12.826
1428 69.0 3.389 13.757
1440 69.0 3.691 14.947
1452 69.0 3.067 12.137
1464 69.0 3.135 14.441
1260 30.0 -16.563 -9.793
1272 30.0 -16.852 -10.285
1284 30.0 -17.141 -10.632
1296 30.0 -17.373 -11.008
1308 30.0 -17.604 -11.384
1320 30.0 -17.792 -11.731
1332 30.0 -17.966 -12.107
1344 30.0 -18.183 -12.397
1356 30.0 -18.282 -12.095
1368 30.0 -18.129 -13.311
1380 30.0 -17.846 -12.300
1392 30.0 -18.114 -12.627
1404 30.0 -17.234 -13.205
1416 30.0 -17.651 -15.256
1428 30.0 -17.156 -14.851
1440 30.0 -17.830 -16.855
1452 30.0 -16.742 -16.543
1464 30.0 -17.691 -19.330
1476 30.0 -17.480 -19.575
1488 30.0 -17.205 -18.794
1272 59.0 -6.726 34.933
1284 59.0 -6.668 34.326
1296 59.0 -6.553 33.704
1308 59.0 -6.495 33.096
1320 59.0 -6.437 32.489
1332 59.0 -6.321 31.881
1344 59.0 -6.321 31.274
1356 59.0 -6.321 30.550
1368 59.0 -6.270 30.412
1380 59.0 -6.282 30.515
1392 59.0 -6.635 29.834
1404 59.0 -6.323 28.994
1416 59.0 -5.902 28.884
1428 59.0 -6.551 27.959
1440 59.0 -6.024 26.710
1452 59.0 -5.915 26.477
1464 59.0 -6.504 27.210
1476 59.0 -6.293 26.642
1488 59.0 -6.108 27.735
1500 59.0 -5.827 27.214
