312 104.0 -19.495 19.852
324 104.0 -19.309 19.852
336 104.0 -18.896 19.852
348 104.0 -18.268 19.852
360 104.0 -17.640 19.852
372 104.0 -17.012 19.623
384 104.0 -16.327 19.395
396 104.0 -15.699 19.395
408 104.0 -15.407 19.177
420 104.0 -15.550 18.884
432 104.0 -16.184 18.543
444 104.0 -15.164 18.211
456 104.0 -15.676 18.290
468 104.0 -15.005 18.474
480 104.0 -14.374 18.221
492 104.0 -14.334 18.081
504 104.0 -13.377 17.930
516 104.0 -13.789 17.628
528 104.0 -13.842 17.427
540 104.0 -14.349 17.770
408 108.0 -19.495 19.338
420 108.0 -19.181 19.338
432 108.0 -18.767 19.338
444 108.0 -18.296 19.338
456 108.0 -17.768 19.452
468 108.0 -17.083 19.452
480 108.0 -16.398 19.452
492 108.0 -15.770 19.338
504 108.0 -16.498 19.015
516 108.0 -15.870 19.239
528 108.0 -15.888 19.283
540 108.0 -16.289 19.054
552 108.0 -16.441 19.560
564 108.0 -15.931 19.301
576 108.0 -17.090 19.593
588 108.0 -16.402 19.561
600 108.0 -16.203 19.603
612 108.0 -16.024 19.860
624 108.0 -16.038 20.278
636 108.0 -15.230 19.596
552 105.0 -8.078 19.795
564 105.0 -7.478 19.795
576 105.0 -6.922 19.680
588 105.0 -6.308 19.680
600 105.0 -5.766 19.738
612 105.0 -5.252 19.738
624 105.0 -4.667 19.738
636 105.0 -4.139 19.738
648 105.0 -4.012 19.195
660 105.0 -5.026 19.987
672 105.0 -2.999 18.386
684 105.0 -4.502 19.359
696 105.0 -3.437 19.125
708 105.0 -4.217 18.918
720 105.0 -2.960 18.403
732 105.0 -3.149 17.770
744 105.0 -1.951 17.753
756 105.0 -1.250 16.913
768 105.0 -1.630 17.237
780 105.0 -2.959 17.356
648 109.0 -8.206 19.566
660 109.0 -7.578 19.566
672 109.0 -7.007 19.452
684 109.0 -6.422 19.452
696 109.0 -5.894 19.452
708 109.0 -5.323 19.338
720 109.0 -4.795 19.338
732 109.0 -4.224 19.338
744 109.0 -4.273 18.952
756 109.0 -4.633 18.791
768 109.0 -5.182 19.175
780 109.0 -4.784 19.203
792 109.0 -4.664 19.651
804 109.0 -4.095 19.094
816 109.0 -4.899 19.362
828 109.0 -4.943 18.942
840 109.0 -3.659 19.053
852 109.0 -3.376 18.969
864 109.0 -2.357 17.988
876 109.0 -3.461 19.159
684 100.0 16.298 18.111
696 100.0 15.670 18.111
708 100.0 15.085 18.111
720 100.0 14.514 18.111
732 100.0 13.943 18.111
744 100.0 13.358 18.111
756 100.0 12.730 18.054
768 100.0 12.159 18.054
780 100.0 13.746 18.078
792 100.0 12.615 18.103
804 100.0 13.033 18.138
816 100.0 12.875 18.145
828 100.0 12.203 17.952
840 100.0 12.851 18.595
852 100.0 12.494 18.480
864 100.0 12.383 18.035
876 100.0 11.220 18.068
888 100.0 12.447 18.450
900 100.0 11.605 18.819
912 100.0 10.312 18.288
792 106.0 3.568 19.623
804 106.0 4.082 19.623
816 106.0 4.610 19.623
828 106.0 5.195 19.623
840 106.0 5.709 19.509
852 106.0 6.279 19.509
864 106.0 6.822 19.395
876 106.0 7.393 19.395
888 106.0 7.124 19.260
900 106.0 8.146 19.187
912 106.0 8.527 18.768
924 106.0 10.218 17.725
936 106.0 9.029 18.503
948 106.0 8.334 18.383
960 106.0 8.620 18.900
972 106.0 10.631 18.049
984 106.0 9.620 18.252
996 106.0 10.789 17.281
1008 106.0 8.309 18.591
1020 106.0 8.085 18.828
924 101.0 4.496 17.825
936 101.0 3.925 17.825
948 101.0 3.354 17.768
960 101.0 2.783 17.768
972 101.0 2.198 17.768
984 101.0 1.570 17.768
996 101.0 0.985 17.768
1008 101.0 0.414 17.768
1020 101.0 0.392 17.893
1032 101.0 0.338 17.955
1044 101.0 -0.408 17.749
1056 101.0 0.997 18.091
1068 101.0 -0.427 18.387
1080 101.0 -0.538 18.668
1092 101.0 -2.174 18.901
1104 101.0 -0.896 19.429
1116 101.0 -2.375 18.968
1128 101.0 -1.267 19.914
1140 101.0 -3.151 20.284
1152 101.0 -3.133 20.263
1140 67.0 -18.439 14.885
1152 67.0 -17.811 14.885
1164 67.0 -17.183 14.885
1176 67.0 -16.555 14.771
1188 67.0 -15.927 14.771
1200 67.0 -15.299 14.771
1212 67.0 -14.671 14.643
1224 67.0 -14.043 14.643
1236 67.0 -14.007 15.144
1248 67.0 -14.126 14.479
1260 67.0 -14.484 15.086
1272 67.0 -14.581 15.138
1284 67.0 -14.416 14.977
1296 67.0 -13.875 15.118
1308 67.0 -14.048 14.848
1320 67.0 -13.515 13.920
1332 67.0 -14.290 16.120
1344 67.0 -14.210 15.103
1356 67.0 -14.061 14.795
1368 67.0 -13.551 15.216
1164 102.0 -7.721 18.111
1176 102.0 -8.363 18.168
1188 102.0 -8.991 18.168
1200 102.0 -9.619 18.225
1212 102.0 -10.247 18.225
1224 102.0 -10.889 18.282
1236 102.0 -11.517 18.282
1248 102.0 -12.145 18.282
1260 102.0 -11.129 18.841
1272 102.0 -11.765 18.833
1284 102.0 -13.342 19.285
1296 102.0 -11.752 19.822
1308 102.0 -12.433 20.133
1320 102.0 -12.099 20.200
1332 102.0 -12.473 20.064
1344 102.0 -13.031 20.246
1356 102.0 -14.662 20.801
1368 102.0 -14.956 21.022
1380 102.0 -15.714 21.701
1392 102.0 -14.214 21.320
1380 68.0 -6.251 14.414
1392 68.0 -5.652 14.414
1404 68.0 -5.081 14.528
1416 68.0 -4.767 14.528
1428 68.0 -4.396 14.643
1440 68.0 -4.039 14.643
1452 68.0 -3.682 14.771
1464 68.0 -3.311 14.771
1476 68.0 -3.798 15.228
1488 68.0 -3.449 15.168
1500 68.0 -3.518 14.841
1512 68.0 -3.758 14.321
1524 68.0 -3.254 14.751
1536 68.0 -2.724 14.505
1548 68.0 -2.438 13.912
1560 68.0 -2.865 14.437
1572 68.0 -2.077 14.766
1584 68.0 -2.692 14.204
1596 68.0 -1.471 14.131
1608 68.0 -1.629 14.222
1500 70.0 6.494 6.208
1512 70.0 5.766 6.208
1524 70.0 5.024 6.208
1536 70.0 4.353 6.322
1548 70.0 3.611 6.322
1560 70.0 2.940 6.322
1572 70.0 2.198 6.436
1584 70.0 1.513 6.436
1596 70.0 2.566 7.093
1608 70.0 2.890 7.420
1620 70.0 2.359 7.353
1632 70.0 2.785 7.350
1644 70.0 1.306 7.653
1656 70.0 1.048 7.271
1668 70.0 1.176 8.285
1680 70.0 1.084 7.951
1692 70.0 -0.027 8.389
1704 70.0 -0.301 8.484
1716 70.0 -1.294 8.607
1728 70.0 -0.237 9.128
1536 58.0 16.983 28.757
1548 58.0 16.955 28.186
1560 58.0 16.926 27.601
1572 58.0 16.898 27.016
1584 58.0 16.883 26.445
1596 58.0 16.883 25.874
1608 58.0 16.855 25.218
1620 58.0 16.683 24.647
1632 58.0 16.596 25.073
1644 58.0 16.768 23.927
1656 58.0 16.689 23.654
1668 58.0 16.654 21.661
1680 58.0 17.031 22.111
1692 58.0 16.817 21.150
1704 58.0 16.909 20.627
1716 58.0 16.690 19.779
1728 58.0 15.930 19.786
1740 58.0 17.151 20.163
1752 58.0 16.302 21.508
1764 58.0 15.827 20.401
1620 69.0 2.968 16.855
1632 69.0 3.596 16.969
1644 69.0 4.224 17.083
1656 69.0 4.852 17.197
1668 69.0 5.480 17.311
1680 69.0 6.108 17.426
1692 69.0 6.736 17.540
1704 69.0 7.364 17.540
1716 69.0 5.649 17.556
1728 69.0 5.315 17.654
1740 69.0 5.015 17.957
1752 69.0 5.717 17.307
1764 69.0 5.726 17.220
1776 69.0 5.288 17.614
1788 69.0 5.909 17.301
1800 69.0 5.176 17.507
1812 69.0 5.199 17.534
1824 69.0 4.944 17.359
1836 69.0 6.028 16.773
1848 69.0 5.791 17.493
1740 71.0 -7.707 6.436
1752 71.0 -8.434 6.436
1764 71.0 -9.120 6.436
1776 71.0 -9.847 6.436
1788 71.0 -10.590 6.551
1800 71.0 -11.275 6.551
1812 71.0 -12.002 6.551
1824 71.0 -12.730 6.551
1836 71.0 -11.893 6.861
1848 71.0 -12.570 7.110
1860 71.0 -11.382 6.866
1872 71.0 -13.167 7.583
1884 71.0 -13.270 7.886
1896 71.0 -13.544 6.962
1908 71.0 -14.195 7.847
1920 71.0 -12.893 7.733
1932 71.0 -14.675 8.643
1944 71.0 -13.974 7.575
1956 71.0 -15.581 8.992
1968 71.0 -16.178 8.559
1776 59.0 12.488 19.095
1788 59.0 12.031 18.867
1800 59.0 11.546 18.639
1812 59.0 11.089 18.282
1824 59.0 10.661 17.939
1836 59.0 10.190 17.597
1848 59.0 9.776 17.140
1860 59.0 9.348 16.783
1872 59.0 9.681 17.359
1884 59.0 9.448 16.835
1896 59.0 10.613 18.752
1908 59.0 9.648 17.670
1920 59.0 10.326 17.838
1932 59.0 8.432 16.828
1944 59.0 8.589 16.354
1956 59.0 7.754 16.990
1968 59.0 6.291 17.557
1980 59.0 8.508 17.809
1992 59.0 7.834 17.331
2004 59.0 8.079 17.283
2016 60.0 4.724 10.547
2028 60.0 4.296 10.076
2040 60.0 3.882 9.605
2052 60.0 3.482 9.148
2064 60.0 3.026 8.691
2076 60.0 2.655 8.235
2088 60.0 2.226 7.764
2100 60.0 1.827 7.364
2112 60.0 2.245 7.378
2124 60.0 1.780 7.374
2136 60.0 1.229 6.587
2148 60.0 1.184 6.772
2160 60.0 1.698 7.837
2172 60.0 1.922 6.596
2184 60.0 1.147 7.118
2196 60.0 1.524 7.843
2208 60.0 0.822 5.302
2220 60.0 3.066 7.060
2232 60.0 3.554 7.533
2244 60.0 2.368 9.041
2256 61.0 -4.767 3.539
2268 61.0 -5.195 3.083
2280 61.0 -5.609 2.726
2292 61.0 -6.037 2.269
2304 61.0 -6.494 1.927
2316 61.0 -7.022 1.570
2328 61.0 -7.393 1.227
2340 61.0 -7.707 0.885
2352 61.0 -6.987 1.816
2364 61.0 -8.150 0.855
2376 61.0 -7.838 1.474
2388 61.0 -8.935 0.986
2400 61.0 -8.345 1.754
2412 61.0 -8.830 1.318
2424 61.0 -7.943 2.268
2436 61.0 -7.303 1.543
2448 61.0 -7.837 1.886
2460 61.0 -9.739 1.485
2472 61.0 -8.813 2.488
2484 61.0 -8.036 2.026
3012 21.0 16.812 19.795
3024 21.0 16.155 19.452
3036 21.0 15.527 19.338
3048 21.0 14.900 19.338
3060 21.0 14.500 19.338
3072 21.0 14.015 19.338
3084 21.0 13.387 19.110
3096 21.0 12.759 18.867
3108 21.0 14.917 18.958
3120 21.0 14.339 19.485
3132 21.0 14.227 19.584
3144 21.0 14.070 19.702
3156 21.0 13.444 19.683
3168 21.0 12.827 19.691
3180 21.0 12.758 19.293
3192 21.0 11.546 19.900
3204 21.0 11.757 19.847
3216 21.0 11.586 19.978
3228 21.0 10.588 19.823
3240 21.0 11.975 21.197
3060 141.0 -19.538 17.197
3072 141.0 -19.395 16.312
3084 141.0 -19.024 16.084
3096 141.0 -18.653 15.856
3108 141.0 -18.282 15.627
3120 141.0 -17.925 15.399
3132 141.0 -17.397 15.285
3144 141.0 -16.940 15.171
3156 141.0 -17.118 14.564
3168 141.0 -16.793 14.979
3180 141.0 -16.444 14.347
3192 141.0 -14.355 13.572
3204 141.0 -15.962 14.046
3216 141.0 -14.469 13.134
3228 141.0 -14.513 13.061
3240 141.0 -15.467 13.277
3252 141.0 -14.127 12.197
3264 141.0 -13.146 12.284
3276 141.0 -12.137 11.676
3288 141.0 -14.248 12.240
3108 137.0 16.869 18.910
3120 137.0 16.270 18.453
3132 137.0 15.799 18.453
3144 137.0 15.271 18.339
3156 137.0 14.757 18.339
3168 137.0 14.214 18.225
3180 137.0 13.758 18.225
3192 137.0 13.230 18.225
3204 137.0 13.578 18.011
3216 137.0 14.194 17.913
3228 137.0 13.864 18.308
3240 137.0 13.868 17.973
3252 137.0 13.987 18.350
3264 137.0 13.787 18.234
3276 137.0 12.151 18.963
3288 137.0 13.957 19.115
3300 137.0 12.722 19.095
3312 137.0 12.922 18.696
3324 137.0 12.123 18.873
3336 137.0 12.160 19.179
3252 22.0 4.367 18.995
3264 22.0 3.682 18.995
3276 22.0 3.054 18.995
3288 22.0 2.426 18.995
3300 22.0 1.741 18.995
3312 22.0 1.113 18.995
3324 22.0 0.485 18.995
3336 22.0 -0.143 18.995
3348 22.0 0.995 18.561
3360 22.0 1.436 19.055
3372 22.0 0.471 18.918
3384 22.0 0.259 18.656
3396 22.0 -0.813 19.151
3408 22.0 0.449 19.027
3420 22.0 -0.700 19.824
3432 22.0 0.191 20.014
3444 22.0 -1.318 19.728
3456 22.0 -1.077 19.388
3468 22.0 -2.824 19.870
3480 22.0 -0.600 20.182
3300 142.0 -12.488 10.661
3312 142.0 -12.059 10.433
3324 142.0 -11.574 10.204
3336 142.0 -11.175 9.962
3348 142.0 -10.689 9.719
3360 142.0 -10.233 9.491
3372 142.0 -9.862 9.262
3384 142.0 -9.548 9.034
3396 142.0 -9.246 8.726
3408 142.0 -9.445 9.305
3420 142.0 -8.792 9.002
3432 142.0 -8.175 9.013
3444 142.0 -7.615 8.445
3456 142.0 -7.831 8.520
3468 142.0 -8.337 8.633
3480 142.0 -7.801 8.255
3492 142.0 -6.894 7.930
3504 142.0 -5.344 6.863
3516 142.0 -5.630 7.449
3528 142.0 -5.113 7.065
3348 138.0 6.479 19.053
3360 138.0 5.994 19.167
3372 138.0 5.537 19.167
3384 138.0 4.995 19.281
3396 138.0 4.481 19.281
3408 138.0 3.953 19.281
3420 138.0 3.482 19.281
3432 138.0 3.054 19.281
3444 138.0 3.564 18.954
3456 138.0 2.997 18.785
3468 138.0 3.267 18.789
3480 138.0 2.808 19.342
3492 138.0 2.389 19.199
3504 138.0 1.150 19.674
3516 138.0 1.488 19.524
3528 138.0 0.224 19.926
3540 138.0 2.709 19.389
3552 138.0 2.530 18.265
3564 138.0 1.292 19.424
3576 138.0 2.885 19.268
3504 136.0 -6.608 16.955
3516 136.0 -7.264 17.540
3528 136.0 -7.949 17.426
3540 136.0 -8.634 17.311
3552 136.0 -9.262 17.183
3564 136.0 -9.890 17.183
3576 136.0 -10.490 17.183
3588 136.0 -11.060 17.183
3600 136.0 -10.957 18.186
3612 136.0 -10.214 18.218
3624 136.0 -11.469 18.363
3636 136.0 -11.294 18.440
3648 136.0 -11.464 18.479
3660 136.0 -12.480 19.209
3672 136.0 -12.696 19.706
3684 136.0 -13.585 20.454
3696 136.0 -13.394 20.129
3708 136.0 -12.340 19.454
3720 136.0 -13.537 20.506
3732 136.0 -13.078 20.171
3540 143.0 -4.581 5.980
3552 143.0 -4.153 5.737
3564 143.0 -3.725 5.737
3576 143.0 -3.297 5.737
3588 143.0 -2.911 5.737
3600 143.0 -2.440 5.623
3612 143.0 -1.969 5.623
3624 143.0 -1.441 5.623
3636 143.0 -1.670 5.731
3648 143.0 -1.646 5.452
3660 143.0 -1.258 5.373
3672 143.0 -0.937 5.283
3684 143.0 -0.102 5.266
3696 143.0 -1.339 5.454
3708 143.0 -1.144 5.556
3720 143.0 -0.166 5.196
3732 143.0 -0.519 5.752
3744 143.0 -1.206 5.721
3756 143.0 -0.182 5.531
3768 143.0 0.208 5.632
3588 139.0 -3.639 19.038
3600 139.0 -4.224 19.038
3612 139.0 -4.795 19.038
3624 139.0 -5.323 19.038
3636 139.0 -5.894 18.924
3648 139.0 -6.322 18.810
3660 139.0 -6.793 18.810
3672 139.0 -7.207 18.696
3684 139.0 -6.973 19.050
3696 139.0 -6.672 18.813
3708 139.0 -6.897 19.175
3720 139.0 -7.371 19.244
3732 139.0 -7.487 19.233
3744 139.0 -8.170 19.757
3756 139.0 -8.557 19.197
3768 139.0 -7.661 19.498
3780 139.0 -9.092 19.883
3792 139.0 -10.380 20.228
3804 139.0 -9.852 20.047
3816 139.0 -10.844 20.291
3780 147.0 4.567 5.395
3792 147.0 5.138 5.280
3804 147.0 5.751 5.280
3816 147.0 6.123 5.280
3828 147.0 6.494 5.280
3840 147.0 6.865 5.280
3852 147.0 7.236 5.280
3864 147.0 7.650 5.152
3876 147.0 7.711 4.594
3888 147.0 7.601 4.702
3900 147.0 8.117 4.495
3912 147.0 8.841 4.104
3924 147.0 9.029 3.833
3936 147.0 9.014 3.923
3948 147.0 9.617 3.717
3960 147.0 8.695 4.376
3972 147.0 10.175 3.932
3984 147.0 10.795 3.744
3996 147.0 10.524 3.591
4008 147.0 11.419 3.833
3996 149.0 7.321 33.610
4008 149.0 7.107 33.610
4020 149.0 7.107 33.610
4032 149.0 7.107 33.610
4044 149.0 7.107 33.724
4056 149.0 7.050 33.724
4068 149.0 7.050 33.838
4080 149.0 7.050 33.838
4092 149.0 6.976 33.932
4104 149.0 6.882 34.139
4116 149.0 6.806 34.204
4128 149.0 6.603 34.074
4140 149.0 6.566 34.313
4152 149.0 6.476 34.475
4164 149.0 6.374 34.710
4176 149.0 6.107 34.683
4188 149.0 6.250 34.748
4200 149.0 5.834 34.862
4212 149.0 5.592 34.863
4224 149.0 5.388 34.891
4236 150.0 6.879 34.423
4248 150.0 6.879 34.423
4260 150.0 6.879 34.537
4272 150.0 6.836 34.537
4284 150.0 6.836 34.537
4296 150.0 6.836 34.651
4308 150.0 6.836 34.651
4320 150.0 6.793 34.651
4332 150.0 6.734 34.692
4344 150.0 6.741 34.632
4356 150.0 6.759 34.566
4368 150.0 6.720 34.506
4380 150.0 6.762 34.469
4392 150.0 6.807 34.476
4404 150.0 6.710 34.506
4416 150.0 6.890 34.436
4428 150.0 6.882 34.389
4440 150.0 6.876 34.431
4452 150.0 6.864 34.397
4464 150.0 6.880 34.369
5400 148.0 16.655 17.597
5412 148.0 16.512 17.483
5424 148.0 16.341 17.483
5436 148.0 16.241 17.369
5448 148.0 16.084 17.369
5460 148.0 15.984 17.254
5472 148.0 15.827 17.254
5484 148.0 15.713 17.140
5496 148.0 15.605 17.388
5508 148.0 15.446 17.605
5520 148.0 15.326 17.452
5532 148.0 15.465 17.432
5544 148.0 15.403 17.176
5556 148.0 15.235 17.087
5568 148.0 15.300 17.114
5580 148.0 15.175 17.230
5592 148.0 15.309 17.227
5604 148.0 15.295 16.808
5616 148.0 15.107 17.190
5628 148.0 15.031 17.156
5484 78.0 16.541 18.924
5496 78.0 15.913 19.152
5508 78.0 14.985 18.981
5520 78.0 14.229 18.867
5532 78.0 13.772 18.924
5544 78.0 13.287 18.924
5556 78.0 12.702 18.924
5568 78.0 12.188 18.810
5580 78.0 13.437 18.801
5592 78.0 13.543 19.136
5604 78.0 12.712 19.640
5616 78.0 12.115 19.123
5628 78.0 12.544 19.446
5640 78.0 10.459 19.742
5652 78.0 10.766 19.430
5664 78.0 10.264 20.652
5676 78.0 10.320 21.256
5688 78.0 10.131 21.315
5700 78.0 11.227 21.031
5712 78.0 9.313 21.350
5484 151.0 16.213 19.966
5496 151.0 15.670 19.966
5508 151.0 14.900 20.023
5520 151.0 14.015 20.251
5532 151.0 13.158 20.423
5544 151.0 12.673 20.651
5556 151.0 12.216 20.651
5568 151.0 11.646 20.423
5580 151.0 12.652 20.603
5592 151.0 12.566 20.364
5604 151.0 12.267 20.812
5616 151.0 10.885 21.261
5628 151.0 10.949 20.856
5640 151.0 10.713 21.350
5652 151.0 9.763 21.451
5664 151.0 10.657 21.722
5676 151.0 9.753 22.172
5688 151.0 7.787 22.940
5700 151.0 10.375 21.602
5712 151.0 9.593 22.390
5556 5.0 15.642 18.054
5568 5.0 15.385 18.225
5580 5.0 15.099 18.396
5592 5.0 14.828 18.567
5604 5.0 14.557 18.696
5616 5.0 14.300 18.924
5628 5.0 14.015 19.038
5640 5.0 13.701 19.167
5652 5.0 14.179 19.516
5664 5.0 13.784 19.386
5676 5.0 13.086 19.822
5688 5.0 12.538 19.651
5700 5.0 12.130 20.057
5712 5.0 12.262 20.598
5724 5.0 11.603 20.759
5736 5.0 10.598 20.735
5748 5.0 9.983 21.116
5760 5.0 9.990 21.582
5772 5.0 8.942 21.746
5784 5.0 8.642 21.953
5580 131.0 16.170 17.825
5592 131.0 15.742 17.483
5604 131.0 15.428 17.369
5616 131.0 15.057 17.369
5628 131.0 14.800 17.254
5640 131.0 14.571 17.254
5652 131.0 14.300 17.254
5664 131.0 14.072 17.254
5676 131.0 14.203 17.735
5688 131.0 14.058 17.113
5700 131.0 13.969 17.163
5712 131.0 13.602 17.212
5724 131.0 13.921 17.264
5736 131.0 12.862 17.476
5748 131.0 12.665 17.202
5760 131.0 12.490 17.897
5772 131.0 11.867 17.343
5784 131.0 11.592 17.331
5796 131.0 11.887 17.316
5808 131.0 11.606 17.532
5640 154.0 13.344 16.612
5652 154.0 13.144 16.555
5664 154.0 12.973 16.555
5676 154.0 12.759 16.498
5688 154.0 12.573 16.498
5700 154.0 12.388 16.441
5712 154.0 12.159 16.441
5724 154.0 11.845 16.441
5736 154.0 11.657 16.436
5748 154.0 11.530 16.361
5760 154.0 12.092 16.847
5772 154.0 11.520 16.950
5784 154.0 11.983 16.778
5796 154.0 11.665 16.626
5808 154.0 11.394 17.169
5820 154.0 11.449 16.935
5832 154.0 11.181 16.757
5844 154.0 11.003 16.886
5856 154.0 11.859 16.659
5868 154.0 10.717 16.929
5724 79.0 4.039 18.810
5736 79.0 3.568 18.810
5748 79.0 3.040 18.810
5760 79.0 2.512 18.810
5772 79.0 2.041 18.810
5784 79.0 1.570 18.810
5796 79.0 0.999 18.753
5808 79.0 0.414 18.624
5820 79.0 1.402 18.743
5832 79.0 0.741 19.100
5844 79.0 0.272 18.852
5856 79.0 -0.443 19.139
5868 79.0 -0.419 19.127
5880 79.0 -0.877 19.303
5892 79.0 -0.200 18.651
5904 79.0 -0.699 18.743
5916 79.0 -1.674 19.111
5928 79.0 0.033 19.005
5940 79.0 -1.334 20.169
5952 79.0 -1.381 19.480
5724 152.0 3.967 20.423
5736 152.0 3.454 20.537
5748 152.0 2.997 20.423
5760 152.0 2.398 20.423
5772 152.0 1.884 20.308
5784 152.0 1.256 20.308
5796 152.0 0.628 20.423
5808 152.0 0.057 20.423
5820 152.0 1.319 19.866
5832 152.0 1.420 20.288
5844 152.0 1.237 19.928
5856 152.0 0.290 19.830
5868 152.0 0.963 20.112
5880 152.0 -0.211 20.117
5892 152.0 0.446 19.675
5904 152.0 -0.062 20.301
5916 152.0 -0.224 19.621
5928 152.0 -1.484 20.243
5940 152.0 0.640 19.990
5952 152.0 -1.567 19.898
5736 90.0 -20.194 13.358
5748 90.0 -17.411 12.559
5760 90.0 -14.500 12.331
5772 90.0 -11.660 12.502
5784 90.0 -8.834 12.673
5796 90.0 -6.008 12.902
5808 90.0 -3.168 13.144
5820 90.0 -0.285 13.372
5832 90.0 -12.693 12.112
5844 90.0 -16.245 13.592
5856 90.0 -14.292 12.258
5868 90.0 -15.455 13.513
5880 90.0 -14.468 12.930
5892 90.0 -14.742 12.654
5904 90.0 -15.648 12.592
5916 90.0 -15.619 12.861
5928 90.0 -13.976 11.755
5940 90.0 -14.281 12.513
5952 90.0 -14.441 12.833
5964 90.0 -13.156 12.206
5796 6.0 10.033 19.623
5808 6.0 9.762 19.623
5820 6.0 9.505 19.738
5832 6.0 9.248 19.738
5844 6.0 8.991 19.738
5856 6.0 8.734 19.852
5868 6.0 8.449 19.852
5880 6.0 8.192 19.966
5892 6.0 8.705 19.952
5904 6.0 8.708 20.031
5916 6.0 8.359 19.770
5928 6.0 8.384 19.898
5940 6.0 8.199 20.095
5952 6.0 7.932 20.372
5964 6.0 7.996 20.429
5976 6.0 8.425 20.617
5988 6.0 7.749 20.626
6000 6.0 7.610 21.049
6012 6.0 7.634 20.900
6024 6.0 7.297 21.152
5820 132.0 10.347 18.282
5832 132.0 10.033 18.282
5844 132.0 9.747 18.282
5856 132.0 9.476 18.282
5868 132.0 9.191 18.282
5880 132.0 8.934 18.282
5892 132.0 8.649 18.282
5904 132.0 8.392 18.396
5916 132.0 8.122 18.630
5928 132.0 8.347 18.544
5940 132.0 8.948 17.976
5952 132.0 8.991 17.906
5964 132.0 8.823 18.022
5976 132.0 8.605 18.120
5988 132.0 8.856 17.970
6000 132.0 9.063 17.845
6012 132.0 8.999 18.213
6024 132.0 8.807 18.233
6036 132.0 8.775 17.839
6048 132.0 9.140 18.309
5880 155.0 7.749 17.026
5892 155.0 7.435 17.026
5904 155.0 7.122 17.026
5916 155.0 6.808 17.026
5928 155.0 6.494 17.026
5940 155.0 6.180 17.026
5952 155.0 5.866 17.026
5964 155.0 5.552 17.026
5976 155.0 4.976 17.076
5988 155.0 4.725 17.297
6000 155.0 5.353 16.858
6012 155.0 5.516 17.047
6024 155.0 4.637 16.811
6036 155.0 4.393 17.045
6048 155.0 4.075 17.389
6060 155.0 4.391 16.761
6072 155.0 2.959 17.138
6084 155.0 2.817 17.378
6096 155.0 2.888 17.765
6108 155.0 3.199 18.051
5964 80.0 -7.792 18.681
5976 80.0 -8.306 18.810
5988 80.0 -8.734 18.924
6000 80.0 -9.191 18.681
6012 80.0 -9.776 18.624
6024 80.0 -10.333 18.624
6036 80.0 -10.875 18.567
6048 80.0 -11.417 18.567
6060 80.0 -10.941 18.141
6072 80.0 -11.700 18.558
6084 80.0 -10.955 18.863
6096 80.0 -10.821 18.719
6108 80.0 -12.558 19.252
6120 80.0 -12.659 19.416
6132 80.0 -12.854 19.929
6144 80.0 -13.682 19.405
6156 80.0 -13.603 20.287
6168 80.0 -11.948 19.322
6180 80.0 -12.491 19.811
6192 80.0 -12.889 19.892
5964 153.0 -7.906 20.423
5976 153.0 -8.506 20.423
5988 153.0 -9.077 20.537
6000 153.0 -9.648 20.651
6012 153.0 -10.161 20.480
6024 153.0 -10.647 20.366
6036 153.0 -11.146 20.251
6048 153.0 -11.603 20.137
6060 153.0 -9.537 19.932
6072 153.0 -10.573 20.042
6084 153.0 -10.020 20.207
6096 153.0 -11.434 20.495
6108 153.0 -11.166 20.810
6120 153.0 -11.975 20.867
6132 153.0 -11.671 20.859
6144 153.0 -12.259 20.905
6156 153.0 -11.917 20.499
6168 153.0 -12.431 20.893
6180 153.0 -12.628 20.946
6192 153.0 -12.150 21.235
6000 125.0 6.779 17.882
6012 125.0 6.522 17.768
6024 125.0 6.265 17.768
6036 125.0 6.023 17.768
6048 125.0 5.794 17.768
6060 125.0 5.552 17.711
6072 125.0 5.295 17.711
6084 125.0 5.081 17.711
6096 125.0 4.860 17.715
6108 125.0 4.898 17.634
6120 125.0 4.531 17.813
6132 125.0 4.671 17.824
6144 125.0 4.652 17.741
6156 125.0 3.985 17.965
6168 125.0 4.085 18.425
6180 125.0 3.587 17.961
6192 125.0 3.418 17.907
6204 125.0 2.053 17.928
6216 125.0 2.307 18.341
6228 125.0 1.542 18.175
6036 7.0 5.423 19.623
6048 7.0 5.266 19.566
6060 7.0 5.138 19.452
6072 7.0 5.009 19.395
6084 7.0 4.838 19.338
6096 7.0 4.724 19.281
6108 7.0 4.581 19.224
6120 7.0 4.524 19.110
6132 7.0 4.375 19.049
6144 7.0 4.344 19.134
6156 7.0 4.446 18.766
6168 7.0 4.718 18.813
6180 7.0 4.430 18.456
6192 7.0 4.988 18.240
6204 7.0 4.632 17.575
6216 7.0 4.954 17.617
6228 7.0 5.025 17.346
6240 7.0 5.142 17.210
6252 7.0 4.944 16.982
6264 7.0 5.168 16.696
6060 133.0 5.309 18.168
6072 133.0 5.052 18.111
6084 133.0 4.824 18.111
6096 133.0 4.524 18.054
6108 133.0 4.324 18.054
6120 133.0 4.110 18.054
6132 133.0 3.839 18.054
6144 133.0 3.639 18.168
6156 133.0 3.236 18.232
6168 133.0 3.649 18.276
6180 133.0 3.433 18.429
6192 133.0 3.181 18.309
6204 133.0 3.018 17.949
6216 133.0 2.575 17.982
6228 133.0 3.158 17.601
6240 133.0 3.013 17.866
6252 133.0 2.190 18.139
6264 133.0 3.037 17.683
6276 133.0 2.470 17.832
6288 133.0 1.769 18.273
6120 156.0 2.369 17.369
6132 156.0 2.112 17.369
6144 156.0 1.855 17.369
6156 156.0 1.598 17.369
6168 156.0 1.342 17.369
6180 156.0 1.227 17.254
6192 156.0 1.113 17.254
6204 156.0 1.028 17.254
6216 156.0 0.396 16.948
6228 156.0 0.924 17.232
6240 156.0 1.017 17.159
6252 156.0 0.970 16.891
6264 156.0 1.164 16.903
6276 156.0 0.368 16.861
6288 156.0 0.607 16.973
6300 156.0 0.808 17.366
6312 156.0 0.501 17.125
6324 156.0 -0.172 17.049
6336 156.0 0.131 16.953
6348 156.0 0.593 17.457
6240 126.0 1.784 17.711
6252 126.0 1.513 17.825
6264 126.0 1.413 17.825
6276 126.0 1.313 17.825
6288 126.0 1.199 17.825
6300 126.0 1.099 17.825
6312 126.0 0.999 17.825
6324 126.0 0.885 17.825
6336 126.0 1.071 17.884
6348 126.0 0.916 18.027
6360 126.0 1.203 18.153
6372 126.0 0.982 18.248
6384 126.0 0.698 18.263
6396 126.0 0.998 18.307
6408 126.0 0.708 18.324
6420 126.0 0.873 18.188
6432 126.0 0.356 18.655
6444 126.0 0.359 18.558
6456 126.0 0.453 18.622
6468 126.0 -0.533 18.830
6276 8.0 4.096 18.624
6288 8.0 4.096 18.624
6300 8.0 4.096 18.624
6312 8.0 4.096 18.624
6324 8.0 4.096 18.624
6336 8.0 4.096 18.624
6348 8.0 4.096 18.624
6360 8.0 4.096 18.624
6372 8.0 4.086 18.592
6384 8.0 4.072 18.615
6396 8.0 4.059 18.634
6408 8.0 4.068 18.635
6420 8.0 4.018 18.633
6432 8.0 4.064 18.554
6444 8.0 4.045 18.577
6456 8.0 4.076 18.514
6468 8.0 4.156 18.594
6480 8.0 4.128 18.563
6492 8.0 4.090 18.558
6504 8.0 4.100 18.537
6300 134.0 1.227 18.525
6312 134.0 1.070 18.525
6324 134.0 0.970 18.525
6336 134.0 0.813 18.525
6348 134.0 0.699 18.525
6360 134.0 0.599 18.525
6372 134.0 0.442 18.525
6384 134.0 0.328 18.525
6396 134.0 0.324 18.571
6408 134.0 0.139 18.574
6420 134.0 0.226 18.919
6432 134.0 0.674 18.869
6444 134.0 0.409 18.973
6456 134.0 0.284 18.870
6468 134.0 0.333 18.653
6480 134.0 0.406 18.737
6492 134.0 0.668 18.670
6504 134.0 0.089 18.564
6516 134.0 -0.090 18.672
6528 134.0 -0.049 18.686
6360 157.0 -0.714 17.483
6372 157.0 -0.856 17.540
6384 157.0 -1.056 17.540
6396 157.0 -1.199 17.540
6408 157.0 -1.370 17.654
6420 157.0 -1.513 17.654
6432 157.0 -1.684 17.654
6444 157.0 -1.884 17.654
6456 157.0 -2.092 17.641
6468 157.0 -2.007 17.698
6480 157.0 -1.956 17.437
6492 157.0 -1.830 17.627
6504 157.0 -1.794 17.654
6516 157.0 -2.063 17.790
6528 157.0 -2.847 17.562
6540 157.0 -2.566 17.548
6552 157.0 -2.232 17.711
6564 157.0 -2.552 17.229
6576 157.0 -2.656 17.303
6588 157.0 -2.996 17.313
6420 128.0 16.840 19.566
6432 128.0 16.241 19.566
6444 128.0 15.770 19.680
6456 128.0 15.299 19.680
6468 128.0 14.728 19.680
6480 128.0 14.043 19.566
6492 128.0 13.415 19.566
6504 128.0 12.573 19.509
6516 128.0 14.494 19.341
6528 128.0 13.634 19.036
6540 128.0 13.440 19.542
6552 128.0 12.596 19.465
6564 128.0 12.426 19.344
6576 128.0 12.396 19.875
6588 128.0 12.127 19.867
6600 128.0 11.620 19.745
6612 128.0 11.656 20.493
6624 128.0 12.266 20.252
6636 128.0 11.184 20.559
6648 128.0 11.100 20.701
6480 127.0 -1.841 17.939
6492 127.0 -2.155 17.939
6504 127.0 -2.498 18.054
6516 127.0 -2.811 18.054
6528 127.0 -3.154 18.054
6540 127.0 -3.468 18.054
6552 127.0 -3.811 18.054
6564 127.0 -4.096 18.054
6576 127.0 -4.344 18.246
6588 127.0 -4.307 18.306
6600 127.0 -4.753 18.456
6612 127.0 -5.108 18.268
6624 127.0 -4.712 18.175
6636 127.0 -5.333 18.150
6648 127.0 -4.858 18.156
6660 127.0 -6.099 18.179
6672 127.0 -5.401 17.731
6684 127.0 -5.976 18.246
6696 127.0 -6.660 19.093
6708 127.0 -4.790 18.549
6516 9.0 3.896 18.624
6528 9.0 3.796 18.624
6540 9.0 3.696 18.624
6552 9.0 3.554 18.624
6564 9.0 3.454 18.624
6576 9.0 3.354 18.696
6588 9.0 3.240 18.696
6600 9.0 3.111 18.753
6612 9.0 2.996 18.960
6624 9.0 2.704 18.896
6636 9.0 2.982 19.095
6648 9.0 2.786 19.007
6660 9.0 2.646 19.171
6672 9.0 2.689 18.995
6684 9.0 2.828 18.843
6696 9.0 3.228 18.999
6708 9.0 2.723 19.134
6720 9.0 2.516 19.107
6732 9.0 2.293 19.180
6744 9.0 2.206 19.022
6540 135.0 -3.225 18.753
6552 135.0 -3.511 18.753
6564 135.0 -3.796 18.753
6576 135.0 -4.110 18.753
6588 135.0 -4.381 18.867
6600 135.0 -4.667 18.867
6612 135.0 -4.981 18.867
6624 135.0 -5.280 18.867
6636 135.0 -5.156 19.001
6648 135.0 -5.057 18.932
6660 135.0 -5.121 19.293
6672 135.0 -5.994 19.394
6684 135.0 -5.840 19.260
6696 135.0 -6.635 19.957
6708 135.0 -7.333 20.245
6720 135.0 -7.520 20.026
6732 135.0 -8.713 20.327
6744 135.0 -8.146 20.422
6756 135.0 -8.876 20.235
6768 135.0 -8.159 19.944
6600 158.0 -6.579 17.426
6612 158.0 -6.965 17.426
6624 158.0 -7.364 17.426
6636 158.0 -7.764 17.426
6648 158.0 -8.178 17.426
6660 158.0 -8.549 17.426
6672 158.0 -8.948 17.426
6684 158.0 -10.276 17.654
6696 158.0 -8.539 17.222
6708 158.0 -8.385 17.212
6720 158.0 -9.196 17.399
6732 158.0 -8.803 17.387
6744 158.0 -8.854 17.560
6756 158.0 -9.399 17.165
6768 158.0 -10.400 17.079
6780 158.0 -10.834 16.799
6792 158.0 -10.335 16.677
6804 158.0 -11.171 17.555
6816 158.0 -11.042 17.452
6828 158.0 -12.456 17.128
6660 129.0 2.412 19.680
6672 129.0 1.299 19.795
6684 129.0 0.157 20.023
6696 129.0 -1.042 20.251
6708 129.0 -1.527 20.251
6720 129.0 -1.898 20.137
6732 129.0 -2.312 20.137
6744 129.0 -2.726 20.023
6756 129.0 -1.466 20.735
6768 129.0 -2.391 20.757
6780 129.0 -2.149 20.963
6792 129.0 -2.500 20.184
6804 129.0 -2.372 20.735
6816 129.0 -1.892 20.892
6828 129.0 -2.322 20.901
6840 129.0 -4.392 21.093
6852 129.0 -4.547 21.789
6864 129.0 -4.778 21.867
6876 129.0 -3.210 21.265
6888 129.0 -2.535 21.426
6720 130.0 -10.233 18.111
6732 130.0 -10.176 17.996
6744 130.0 -10.176 17.882
6756 130.0 -10.119 17.768
6768 130.0 -10.119 17.654
6780 130.0 -10.061 17.654
6792 130.0 -10.061 17.540
6804 130.0 -10.318 17.540
6816 130.0 -10.123 17.425
6828 130.0 -10.176 17.615
6840 130.0 -10.121 17.460
6852 130.0 -10.256 17.386
6864 130.0 -10.235 17.236
6876 130.0 -10.029 16.933
6888 130.0 -10.204 16.977
6900 130.0 -10.168 17.071
6912 130.0 -10.215 16.739
6924 130.0 -9.969 15.977
6936 130.0 -9.966 15.613
6948 130.0 -10.062 15.194
6756 10.0 3.625 18.924
6768 10.0 3.882 18.924
6780 10.0 4.139 18.924
6792 10.0 3.967 18.924
6804 10.0 3.711 18.924
6816 10.0 3.397 18.924
6828 10.0 3.140 18.924
6840 10.0 2.826 18.810
6852 10.0 2.825 18.867
6864 10.0 2.814 19.034
6876 10.0 2.612 18.706
6888 10.0 2.524 19.024
6900 10.0 2.778 18.908
6912 10.0 2.755 19.023
6924 10.0 2.956 18.958
6936 10.0 2.831 18.909
6948 10.0 2.692 18.955
6960 10.0 2.169 19.069
6972 10.0 2.703 19.001
6984 10.0 2.781 18.996
6780 140.0 -9.762 18.981
6792 140.0 -9.705 18.981
6804 140.0 -9.962 18.867
6816 140.0 -10.333 18.867
6828 140.0 -10.647 18.867
6840 140.0 -11.018 18.753
6852 140.0 -11.374 18.753
6864 140.0 -11.731 18.639
6876 140.0 -11.704 18.918
6888 140.0 -11.779 18.912
6900 140.0 -11.432 18.944
6912 140.0 -11.990 19.009
6924 140.0 -11.057 18.945
6936 140.0 -11.456 19.109
6948 140.0 -11.649 18.874
6960 140.0 -11.597 19.093
6972 140.0 -11.746 19.152
6984 140.0 -11.868 18.961
6996 140.0 -12.328 19.018
7008 140.0 -12.002 18.781
6840 159.0 -12.902 17.083
6852 159.0 -13.215 17.083
6864 159.0 -13.572 17.083
6876 159.0 -13.901 17.083
6888 159.0 -14.257 17.083
6900 159.0 -14.628 17.083
6912 159.0 -14.942 17.083
6924 159.0 -15.299 17.083
6936 159.0 -15.594 17.286
6948 159.0 -15.525 17.088
6960 159.0 -15.668 16.855
6972 159.0 -15.349 16.716
6984 159.0 -16.474 17.657
6996 159.0 -16.941 17.385
7008 159.0 -16.459 17.507
7020 159.0 -16.953 17.462
7032 159.0 -18.389 17.838
7044 159.0 -17.854 18.228
7056 159.0 -18.889 17.963
7068 159.0 -18.981 18.305
6996 11.0 -0.942 18.567
7008 11.0 -1.227 18.510
7020 11.0 -1.541 18.510
7032 11.0 -1.855 18.510
7044 11.0 -2.141 18.567
7056 11.0 -2.469 18.567
7068 11.0 -2.811 18.624
7080 11.0 -3.125 18.624
7092 11.0 -3.269 18.508
7104 11.0 -3.372 18.461
7116 11.0 -3.509 18.553
7128 11.0 -4.078 18.928
7140 11.0 -4.181 18.884
7152 11.0 -4.129 18.826
7164 11.0 -3.347 19.372
7176 11.0 -4.546 20.086
7188 11.0 -5.231 19.914
7200 11.0 -4.797 20.006
7212 11.0 -6.558 20.495
7224 11.0 -5.846 20.455
7140 23.0 15.713 21.350
7152 23.0 15.199 21.008
7164 23.0 14.671 20.779
7176 23.0 14.143 20.437
7188 23.0 13.672 20.194
7200 23.0 13.144 19.966
7212 23.0 12.630 19.623
7224 23.0 12.159 19.381
7236 23.0 14.036 20.738
7248 23.0 14.457 19.703
7260 23.0 12.781 18.230
7272 23.0 13.819 19.000
7284 23.0 13.521 18.947
7296 23.0 12.371 19.059
7308 23.0 12.098 18.913
7320 23.0 12.484 18.949
7332 23.0 11.906 19.109
7344 23.0 10.988 19.477
7356 23.0 11.858 18.571
7368 23.0 11.688 19.715
7236 12.0 -7.150 18.924
7248 12.0 -7.478 18.924
7260 12.0 -7.792 18.924
7272 12.0 -8.106 18.981
7284 12.0 -8.420 18.981
7296 12.0 -8.706 19.038
7308 12.0 -9.048 19.038
7320 12.0 -9.362 19.038
7332 12.0 -8.928 19.277
7344 12.0 -8.594 19.384
7356 12.0 -9.347 19.578
7368 12.0 -9.059 19.487
7380 12.0 -9.901 19.715
7392 12.0 -10.417 19.630
7404 12.0 -10.614 20.113
7416 12.0 -10.441 19.574
7428 12.0 -10.381 19.740
7440 12.0 -11.924 20.344
7452 12.0 -12.640 20.202
7464 12.0 -11.683 20.262
7380 24.0 4.082 18.696
7392 24.0 3.454 18.696
7404 24.0 2.783 18.696
7416 24.0 2.141 18.696
7428 24.0 1.513 18.696
7440 24.0 0.885 18.696
7452 24.0 0.214 18.696
7464 24.0 -0.414 18.696
7476 24.0 1.180 18.289
7488 24.0 0.580 18.392
7500 24.0 1.046 18.889
7512 24.0 0.155 18.981
7524 24.0 -1.002 18.549
7536 24.0 -1.194 19.446
7548 24.0 -1.683 19.778
7560 24.0 0.071 19.525
7572 24.0 -2.097 19.456
7584 24.0 0.303 19.822
7596 24.0 -2.219 20.431
7608 24.0 -2.474 20.359
7476 13.0 -13.401 19.324
7488 13.0 -13.715 19.324
7500 13.0 -13.744 19.381
7512 13.0 -14.257 19.152
7524 13.0 -14.728 18.924
7536 13.0 -15.256 18.739
7548 13.0 -15.656 18.624
7560 13.0 -16.013 18.624
7572 13.0 -15.095 18.728
7584 13.0 -15.464 18.492
7596 13.0 -15.455 19.031
7608 13.0 -16.274 18.572
7620 13.0 -16.630 19.495
7632 13.0 -17.496 19.058
7644 13.0 -17.283 18.911
7656 13.0 -16.863 19.545
7668 13.0 -17.609 18.822
7680 13.0 -17.193 19.141
7692 13.0 -18.766 18.756
7704 13.0 -18.857 19.800
7620 38.0 2.740 38.576
7632 38.0 3.054 38.119
7644 38.0 3.425 37.891
7656 38.0 3.768 37.663
7668 38.0 4.110 37.377
7680 38.0 4.481 37.092
7692 38.0 4.852 36.863
7704 38.0 5.209 36.549
7716 38.0 5.468 36.648
7728 38.0 5.708 36.792
7740 38.0 6.417 36.221
7752 38.0 6.560 35.692
7764 38.0 6.919 35.800
7776 38.0 7.514 35.479
7788 38.0 7.852 35.325
7800 38.0 8.545 35.001
7812 38.0 9.706 34.322
7824 38.0 9.771 33.939
7836 38.0 10.270 34.506
7848 38.0 9.475 34.615
7716 14.0 -19.752 19.110
7728 14.0 -19.809 19.110
7740 14.0 -19.837 19.109
7752 14.0 -19.827 19.104
7764 14.0 -19.818 19.099
7776 14.0 -19.809 19.094
7788 14.0 -19.800 19.089
7800 14.0 -19.791 19.083
7812 14.0 -19.803 19.066
7824 14.0 -19.876 19.089
7836 14.0 -19.839 19.032
7848 14.0 -19.931 19.088
7860 14.0 -19.837 19.124
7872 14.0 -19.717 19.030
7884 14.0 -19.779 19.005
7896 14.0 -19.773 19.008
7908 14.0 -19.714 18.945
7920 14.0 -19.774 18.976
7932 14.0 -19.754 18.993
7944 14.0 -19.725 18.948
7860 39.0 9.962 34.951
7872 39.0 10.318 34.951
7884 39.0 10.746 34.951
7896 39.0 11.160 34.951
7908 39.0 11.574 34.951
7920 39.0 12.002 34.951
7932 39.0 12.416 34.837
7944 39.0 12.787 34.837
7956 39.0 12.844 34.905
7968 39.0 13.056 34.577
7980 39.0 13.880 34.428
7992 39.0 13.481 34.270
8004 39.0 13.389 34.167
8016 39.0 12.658 34.420
8028 39.0 13.579 34.287
8040 39.0 13.163 34.412
8052 39.0 13.974 33.803
8064 39.0 14.512 33.809
8076 39.0 14.611 34.092
8088 39.0 15.573 33.333
7956 15.0 -19.672 19.016
7968 15.0 -19.663 19.011
7980 15.0 -19.654 19.005
7992 15.0 -19.645 19.000
8004 15.0 -19.636 18.995
8016 15.0 -19.627 18.990
8028 15.0 -19.617 18.985
8040 15.0 -19.608 18.980
8052 15.0 -19.706 18.994
8064 15.0 -19.718 18.995
8076 15.0 -19.700 18.987
8088 15.0 -19.668 18.985
8100 15.0 -19.679 18.972
8112 15.0 -19.681 19.004
8124 15.0 -19.772 19.031
8136 15.0 -19.737 19.068
8148 15.0 -19.711 19.085
8160 15.0 -19.778 19.086
8172 15.0 -19.889 19.163
8184 15.0 -19.781 19.086
8004 37.0 11.003 35.750
8016 37.0 11.317 35.750
8028 37.0 11.631 35.750
8040 37.0 11.945 35.636
8052 37.0 12.202 35.522
8064 37.0 12.673 35.522
8076 37.0 13.158 35.522
8088 37.0 13.315 35.522
8100 37.0 12.757 35.817
8112 37.0 12.442 35.806
8124 37.0 12.920 35.767
8136 37.0 12.883 35.786
8148 37.0 13.317 35.625
8160 37.0 13.161 35.514
8172 37.0 13.014 35.361
8184 37.0 14.055 34.927
8196 37.0 13.817 35.104
8208 37.0 13.166 35.427
8220 37.0 13.992 35.561
8232 37.0 14.853 35.147
8052 81.0 16.555 6.379
8064 81.0 15.984 6.379
8076 81.0 15.413 6.379
8088 81.0 14.828 6.379
8100 81.0 14.243 6.379
8112 81.0 13.672 6.379
8124 81.0 13.101 6.379
8136 81.0 12.530 6.379
8148 81.0 12.845 6.499
8160 81.0 11.754 6.335
8172 81.0 10.827 6.562
8184 81.0 11.635 6.759
8196 81.0 11.575 6.743
8208 81.0 12.096 6.571
8220 81.0 10.512 7.816
8232 81.0 10.297 7.516
8244 81.0 9.744 8.061
8256 81.0 9.641 7.830
8268 81.0 9.368 7.870
8280 81.0 9.389 7.793
8196 16.0 -19.489 18.912
8208 16.0 -19.480 18.907
8220 16.0 -19.471 18.902
8232 16.0 -19.462 18.897
8244 16.0 -19.453 18.892
8256 16.0 -19.444 18.886
8268 16.0 -19.434 18.881
8280 16.0 -19.425 18.876
8292 16.0 -19.477 18.854
8304 16.0 -19.413 18.903
8316 16.0 -19.450 18.913
8328 16.0 -19.505 18.912
8340 16.0 -19.456 18.914
8352 16.0 -19.496 18.902
8364 16.0 -19.512 18.903
8376 16.0 -19.548 18.972
8388 16.0 -19.510 18.969
8400 16.0 -19.568 18.970
8412 16.0 -19.570 18.938
8424 16.0 -19.580 18.921
8292 82.0 4.767 6.265
8304 82.0 4.139 6.265
8316 82.0 3.511 6.265
8328 82.0 2.883 6.265
8340 82.0 2.312 6.265
8352 82.0 1.727 6.265
8364 82.0 1.142 6.265
8376 82.0 0.628 6.379
8388 82.0 1.509 6.227
8400 82.0 1.346 6.854
8412 82.0 0.308 6.899
8424 82.0 -0.143 6.726
8436 82.0 0.093 7.435
8448 82.0 -0.496 7.533
8460 82.0 0.052 7.424
8472 82.0 -1.124 8.614
8484 82.0 -1.311 8.236
8496 82.0 -1.492 8.491
8508 82.0 -1.476 8.666
8520 82.0 -1.935 9.368
8436 17.0 -12.074 19.224
8448 17.0 -11.446 19.224
8460 17.0 -10.818 19.224
8472 17.0 -10.190 19.224
8484 17.0 -9.562 19.224
8496 17.0 -8.934 19.224
8508 17.0 -8.363 19.053
8520 17.0 -7.749 18.867
8532 17.0 -8.458 18.772
8544 17.0 -8.325 18.382
8556 17.0 -7.861 18.365
8568 17.0 -7.876 18.278
8580 17.0 -8.139 18.639
8592 17.0 -5.947 17.520
8604 17.0 -7.164 18.535
8616 17.0 -7.195 18.598
8628 17.0 -7.228 19.041
8640 17.0 -6.003 18.147
8652 17.0 -6.771 18.939
8664 17.0 -5.932 18.156
8532 83.0 -7.179 6.551
8544 83.0 -7.807 6.322
8556 83.0 -8.377 5.980
8568 83.0 -9.005 5.923
8580 83.0 -9.662 5.980
8592 83.0 -10.304 6.037
8604 83.0 -10.961 6.094
8616 83.0 -11.589 6.037
8628 83.0 -9.713 6.456
8640 83.0 -10.568 6.717
8652 83.0 -11.587 6.674
8664 83.0 -11.759 6.683
8676 83.0 -12.312 6.779
8688 83.0 -11.724 6.605
8700 83.0 -12.118 6.976
8712 83.0 -11.608 6.081
8724 83.0 -11.094 7.039
8736 83.0 -12.848 7.280
8748 83.0 -13.982 7.755
8760 83.0 -12.085 7.250
8676 18.0 0.271 18.339
8688 18.0 0.842 18.339
8700 18.0 1.470 18.225
8712 18.0 2.098 18.225
8724 18.0 2.669 18.225
8736 18.0 3.297 18.339
8748 18.0 3.868 18.453
8760 18.0 4.453 18.567
8772 18.0 3.988 18.226
8784 18.0 3.885 18.031
8796 18.0 3.302 18.259
8808 18.0 3.211 18.497
8820 18.0 2.989 18.571
8832 18.0 3.613 18.137
8844 18.0 3.956 18.312
8856 18.0 4.835 17.515
8868 18.0 4.579 17.564
8880 18.0 5.589 17.523
8892 18.0 5.206 17.621
8904 18.0 6.593 17.040
8820 2.0 16.113 23.719
8832 2.0 16.041 22.906
8844 2.0 15.956 22.107
8856 2.0 15.899 21.365
8868 2.0 15.827 20.537
8880 2.0 15.770 19.852
8892 2.0 15.456 19.167
8904 2.0 15.142 18.453
8916 2.0 15.599 17.895
8928 2.0 15.800 17.632
8940 2.0 15.443 16.609
8952 2.0 15.992 17.267
8964 2.0 14.761 16.197
8976 2.0 15.436 16.555
8988 2.0 15.234 17.302
9000 2.0 15.339 17.237
9012 2.0 15.148 15.754
9024 2.0 15.413 12.673
9036 2.0 15.393 13.492
9048 2.0 15.330 14.306
9060 3.0 11.060 10.946
9072 3.0 10.433 10.375
9084 3.0 9.862 9.904
9096 3.0 9.248 9.319
9108 3.0 8.663 8.748
9120 3.0 8.035 8.178
9132 3.0 10.147 10.133
9144 3.0 7.022 7.407
9156 3.0 7.545 8.829
9168 3.0 8.463 8.851
9180 3.0 8.551 8.891
9192 3.0 8.780 8.881
9204 3.0 8.043 8.628
9216 3.0 7.102 7.721
9228 3.0 6.857 7.991
9240 3.0 6.950 8.646
9252 3.0 6.609 9.306
9264 3.0 6.001 7.675
9276 3.0 7.965 8.119
9288 3.0 6.498 8.353
9108 19.0 14.971 7.350
9120 19.0 14.172 7.122
9132 19.0 13.430 7.007
9144 19.0 12.802 6.893
9156 19.0 12.174 6.665
9168 19.0 11.603 6.551
9180 19.0 11.089 6.436
9192 19.0 10.547 6.322
9204 19.0 11.038 6.355
9216 19.0 11.916 7.388
9228 19.0 11.374 7.292
9240 19.0 9.678 6.960
9252 19.0 10.491 6.619
9264 19.0 8.928 7.011
9276 19.0 9.023 6.743
9288 19.0 9.467 6.737
9300 19.0 10.086 6.480
9312 19.0 9.858 6.639
9324 19.0 10.571 7.230
9336 19.0 9.135 7.338
9300 4.0 0.842 -1.727
9312 4.0 0.842 -1.727
9324 4.0 0.842 -1.727
9336 4.0 0.842 -1.727
9348 4.0 0.842 -1.727
9360 4.0 0.842 -1.727
9372 4.0 0.842 -1.727
9384 4.0 0.842 -1.727
9396 4.0 0.927 -1.752
9408 4.0 1.040 -1.810
9420 4.0 0.982 -1.784
9432 4.0 0.878 -1.839
9444 4.0 0.888 -1.764
9456 4.0 0.869 -1.773
9468 4.0 0.974 -1.802
9480 4.0 0.892 -1.790
9492 4.0 0.939 -1.786
9504 4.0 0.880 -1.770
9516 4.0 0.933 -1.785
9528 4.0 0.787 -1.778
9456 27.0 -18.867 18.054
9468 27.0 -18.239 18.111
9480 27.0 -17.611 18.225
9492 27.0 -17.083 18.168
9504 27.0 -16.569 18.054
9516 27.0 -16.041 17.939
9528 27.0 -15.513 17.768
9540 27.0 -14.957 17.711
9552 27.0 -15.136 17.519
9564 27.0 -14.938 17.633
9576 27.0 -15.086 17.360
9588 27.0 -15.611 17.347
9600 27.0 -13.720 16.643
9612 27.0 -13.970 16.407
9624 27.0 -14.430 16.458
9636 27.0 -13.546 16.291
9648 27.0 -12.672 15.944
9660 27.0 -13.110 15.606
9672 27.0 -12.944 15.406
9684 27.0 -13.178 15.768
9456 111.0 -18.353 17.197
9468 111.0 -17.754 17.197
9480 111.0 -17.183 17.197
9492 111.0 -16.612 17.083
9504 111.0 -16.141 16.840
9516 111.0 -15.727 16.840
9528 111.0 -15.342 16.726
9540 111.0 -14.800 16.840
9552 111.0 -14.593 16.563
9564 111.0 -15.141 17.165
9576 111.0 -14.282 16.594
9588 111.0 -13.319 16.205
9600 111.0 -13.066 16.287
9612 111.0 -13.119 15.121
9624 111.0 -11.363 15.138
9636 111.0 -13.359 16.318
9648 111.0 -10.815 14.690
9660 111.0 -11.691 15.751
9672 111.0 -12.924 15.753
9684 111.0 -13.245 16.378
9696 28.0 -7.592 17.996
9708 28.0 -7.136 17.996
9720 28.0 -6.708 17.996
9732 28.0 -6.251 18.111
9744 28.0 -5.709 18.111
9756 28.0 -5.195 18.111
9768 28.0 -4.710 18.111
9780 28.0 -4.196 18.111
9792 28.0 -3.883 17.981
9804 28.0 -4.328 18.038
9816 28.0 -4.469 18.386
9828 28.0 -4.133 18.198
9840 28.0 -5.164 18.678
9852 28.0 -4.300 18.298
9864 28.0 -4.445 18.075
9876 28.0 -3.471 18.034
9888 28.0 -3.232 17.804
9900 28.0 -4.138 18.353
9912 28.0 -2.466 17.560
9924 28.0 -4.077 18.533
9696 112.0 -7.407 16.969
9708 112.0 -6.950 16.840
9720 112.0 -6.522 16.840
9732 112.0 -6.108 16.840
9744 112.0 -5.751 16.969
9756 112.0 -5.380 16.969
9768 112.0 -4.895 17.083
9780 112.0 -4.324 17.083
9792 112.0 -4.893 16.692
9804 112.0 -4.326 16.757
9816 112.0 -4.291 16.716
9828 112.0 -2.872 15.906
9840 112.0 -4.120 16.454
9852 112.0 -3.509 16.170
9864 112.0 -3.468 16.292
9876 112.0 -1.965 15.719
9888 112.0 -1.490 15.650
9900 112.0 -2.570 16.752
9912 112.0 -2.105 16.238
9924 112.0 -2.968 16.397
9936 29.0 3.083 18.111
9948 29.0 3.397 18.111
9960 29.0 3.654 18.111
9972 29.0 4.139 18.111
9984 29.0 4.710 18.111
9996 29.0 5.338 18.111
10008 29.0 5.837 17.939
10020 29.0 6.294 17.882
10032 29.0 6.406 17.853
10044 29.0 6.117 17.959
10056 29.0 6.300 17.799
10068 29.0 7.079 17.374
10080 29.0 6.415 17.472
10092 29.0 6.802 17.248
10104 29.0 6.348 17.410
10116 29.0 6.815 17.845
10128 29.0 6.908 17.439
10140 29.0 7.674 17.415
10152 29.0 7.252 17.481
10164 29.0 7.323 17.413
9936 113.0 3.354 17.197
9948 113.0 3.668 17.197
9960 113.0 3.925 17.197
9972 113.0 4.353 16.969
9984 113.0 4.810 16.840
9996 113.0 5.181 16.726
10008 113.0 5.580 16.726
10020 113.0 6.194 16.840
10032 113.0 5.754 16.701
10044 113.0 6.173 16.394
10056 113.0 7.324 16.188
10068 113.0 8.420 15.362
10080 113.0 8.654 15.328
10092 113.0 9.362 15.283
10104 113.0 7.551 15.854
10116 113.0 7.875 16.014
10128 113.0 7.044 16.355
10140 113.0 8.833 15.443
10152 113.0 10.063 15.366
10164 113.0 8.719 15.718
10308 144.0 -20.180 19.252
10320 144.0 -19.837 18.339
10332 144.0 -19.566 18.396
10344 144.0 -19.295 18.510
10356 144.0 -18.838 18.739
10368 144.0 -18.325 18.739
10380 144.0 -17.740 18.739
10392 144.0 -17.169 18.739
10404 144.0 -17.407 18.634
10416 144.0 -17.881 18.949
10428 144.0 -16.990 19.020
10440 144.0 -16.308 18.308
10452 144.0 -16.740 18.831
10464 144.0 -15.861 18.573
10476 144.0 -17.021 18.979
10488 144.0 -16.224 18.858
10500 144.0 -15.839 18.781
10512 144.0 -16.528 18.745
10524 144.0 -15.812 18.697
10536 144.0 -15.613 18.608
10452 75.0 -20.094 18.054
10464 75.0 -19.880 18.168
10476 75.0 -19.595 18.111
10488 75.0 -19.181 18.054
10500 75.0 -18.582 18.054
10512 75.0 -18.068 17.996
10524 75.0 -17.483 18.054
10536 75.0 -16.912 18.111
10548 75.0 -16.677 17.710
10560 75.0 -16.526 17.654
10572 75.0 -16.553 17.811
10584 75.0 -16.317 17.675
10596 75.0 -15.339 17.495
10608 75.0 -16.438 17.990
10620 75.0 -15.837 17.585
10632 75.0 -16.343 17.760
10644 75.0 -14.996 17.320
10656 75.0 -15.080 17.284
10668 75.0 -15.345 17.197
10680 75.0 -12.747 15.750
10548 145.0 -9.933 17.825
10560 145.0 -9.462 17.711
10572 145.0 -8.963 17.597
10584 145.0 -8.520 17.311
10596 145.0 -8.106 16.840
10608 145.0 -7.735 16.270
10620 145.0 -7.307 15.799
10632 145.0 -6.936 15.342
10644 145.0 -6.690 15.697
10656 145.0 -6.095 15.245
10668 145.0 -5.998 15.047
10680 145.0 -5.631 15.293
10692 145.0 -4.846 14.622
10704 145.0 -4.741 14.173
10716 145.0 -5.597 14.486
10728 145.0 -4.090 14.213
10740 145.0 -4.155 14.383
10752 145.0 -2.050 12.986
10764 145.0 -6.436 15.444
10776 145.0 -3.477 13.518
10692 76.0 -9.676 18.168
10704 76.0 -9.091 18.168
10716 76.0 -8.520 18.054
10728 76.0 -7.935 17.939
10740 76.0 -7.364 17.825
10752 76.0 -6.836 17.711
10764 76.0 -6.265 17.711
10776 76.0 -5.737 17.711
10788 76.0 -6.213 17.901
10800 76.0 -6.762 17.833
10812 76.0 -6.970 17.998
10824 76.0 -7.075 18.493
10836 76.0 -6.233 17.581
10848 76.0 -7.052 18.046
10860 76.0 -7.373 18.304
10872 76.0 -5.168 17.426
10884 76.0 -5.611 17.576
10896 76.0 -5.233 17.290
10908 76.0 -5.181 17.279
10920 76.0 -5.329 17.383
10788 146.0 -2.655 8.977
10800 146.0 -2.226 8.520
10812 146.0 -1.798 8.049
10824 146.0 -1.342 7.707
10836 146.0 -0.813 7.592
10848 146.0 -0.228 7.364
10860 146.0 0.285 7.236
10872 146.0 0.856 7.122
10884 146.0 0.901 6.757
10896 146.0 1.591 6.474
10908 146.0 1.110 6.294
10920 146.0 2.223 6.185
10932 146.0 2.797 5.830
10944 146.0 2.405 6.090
10956 146.0 1.886 6.109
10968 146.0 2.735 6.061
10980 146.0 3.868 5.290
10992 146.0 3.957 5.210
11004 146.0 3.341 5.406
11016 146.0 4.072 5.222
10932 77.0 1.912 18.282
10944 77.0 2.483 18.282
10956 77.0 3.068 18.168
10968 77.0 3.582 18.054
10980 77.0 4.167 18.054
10992 77.0 4.738 17.939
11004 77.0 5.338 17.882
11016 77.0 5.980 17.825
11028 77.0 4.899 18.454
11040 77.0 4.465 18.615
11052 77.0 4.859 18.540
11064 77.0 4.773 18.772
11076 77.0 5.218 18.091
11088 77.0 5.713 17.825
11100 77.0 5.856 17.575
11112 77.0 6.890 17.490
11124 77.0 7.174 17.447
11136 77.0 6.603 17.944
11148 77.0 8.211 17.195
11160 77.0 6.201 18.149
12072 166.0 16.427 4.981
12084 166.0 15.856 4.981
12096 166.0 15.328 5.095
12108 166.0 14.800 5.095
12120 166.0 14.229 5.209
12132 166.0 13.715 5.209
12144 166.0 13.116 5.338
12156 166.0 12.602 5.338
12168 166.0 13.197 5.920
12180 166.0 13.068 6.050
12192 166.0 12.629 6.469
12204 166.0 12.744 6.660
12216 166.0 11.297 6.819
12228 166.0 10.337 7.000
12240 166.0 10.645 6.999
12252 166.0 10.554 7.432
12264 166.0 10.314 7.542
12276 166.0 8.885 7.717
12288 166.0 8.626 8.195
12300 166.0 9.735 7.334
12312 168.0 3.211 5.095
12324 168.0 2.440 5.095
12336 168.0 1.641 5.095
12348 168.0 0.871 5.095
12360 168.0 0.071 5.095
12372 168.0 -0.699 5.095
12384 168.0 -1.499 5.095
12396 168.0 -2.269 5.095
12408 168.0 -0.929 5.134
12420 168.0 -0.210 5.578
12432 168.0 -2.128 5.260
12444 168.0 -0.553 5.038
12456 168.0 -1.061 4.686
12468 168.0 -1.190 5.200
12480 168.0 -2.441 5.625
12492 168.0 -2.544 5.755
12504 168.0 -3.092 6.516
12516 168.0 -2.765 6.081
12528 168.0 -2.960 6.452
12540 168.0 -4.985 6.851
12360 121.0 -19.495 6.608
12372 121.0 -19.081 6.722
12384 121.0 -18.610 6.836
12396 121.0 -18.139 7.079
12408 121.0 -17.711 7.193
12420 121.0 -17.254 7.307
12432 121.0 -16.769 7.535
12444 121.0 -16.255 7.535
12456 121.0 -17.027 7.118
12468 121.0 -17.024 7.096
12480 121.0 -18.463 7.059
12492 121.0 -17.546 7.022
12504 121.0 -17.167 6.828
12516 121.0 -17.397 7.280
12528 121.0 -17.033 7.672
12540 121.0 -16.586 7.491
12552 121.0 -16.629 6.809
12564 121.0 -16.879 6.758
12576 121.0 -15.752 6.572
12588 121.0 -15.892 6.707
12480 45.0 16.598 6.950
12492 45.0 16.369 7.407
12504 45.0 16.113 7.992
12516 45.0 15.799 8.463
12528 45.0 15.428 8.920
12540 45.0 15.085 9.376
12552 45.0 14.743 9.847
12564 45.0 14.371 10.304
12576 45.0 14.470 10.448
12588 45.0 14.614 9.941
12600 45.0 14.248 10.536
12612 45.0 14.752 10.311
12624 45.0 14.511 10.784
12636 45.0 13.885 11.284
12648 45.0 14.177 10.767
12660 45.0 13.023 10.919
12672 45.0 12.102 11.485
12684 45.0 12.228 11.583
12696 45.0 12.562 11.912
12708 45.0 13.500 11.284
12600 122.0 -6.750 7.179
12612 122.0 -5.809 7.179
12624 122.0 -4.867 7.179
12636 122.0 -4.096 7.179
12648 122.0 -3.468 7.179
12660 122.0 -2.840 7.236
12672 122.0 -2.212 7.236
12684 122.0 -1.627 7.236
12696 122.0 -2.965 7.407
12708 122.0 -2.394 7.174
12720 122.0 -3.985 7.849
12732 122.0 -2.698 7.069
12744 122.0 -3.359 7.446
12756 122.0 -2.353 6.270
12768 122.0 -1.644 6.138
12780 122.0 -0.934 6.333
12792 122.0 -2.078 6.249
12804 122.0 -0.217 5.419
12816 122.0 0.074 5.641
12828 122.0 -0.452 5.760
12720 46.0 9.462 16.270
12732 46.0 8.991 16.726
12744 46.0 8.534 17.197
12756 46.0 8.121 17.540
12768 46.0 7.807 17.768
12780 46.0 7.493 18.111
12792 46.0 7.122 18.339
12804 46.0 6.808 18.582
12816 46.0 6.545 18.617
12828 46.0 6.367 18.751
12840 46.0 5.446 19.265
12852 46.0 5.575 19.236
12864 46.0 4.500 19.694
12876 46.0 3.790 19.663
12888 46.0 4.071 19.923
12900 46.0 3.310 20.627
12912 46.0 4.297 20.602
12924 46.0 3.449 20.928
12936 46.0 1.573 22.043
12948 46.0 2.508 21.373
12840 123.0 5.809 6.665
12852 123.0 6.379 6.665
12864 123.0 6.979 6.665
12876 123.0 7.550 6.665
12888 123.0 8.178 6.665
12900 123.0 8.748 6.665
12912 123.0 9.319 6.665
12924 123.0 9.890 6.665
12936 123.0 8.695 5.913
12948 123.0 8.601 6.564
12960 123.0 8.523 6.690
12972 123.0 8.934 6.231
12984 123.0 9.206 6.454
12996 123.0 9.419 6.056
13008 123.0 9.461 5.884
13020 123.0 8.910 6.236
13032 123.0 9.161 5.747
13044 123.0 10.721 4.703
13056 123.0 10.318 4.890
13068 123.0 10.950 4.731
12960 47.0 -0.457 19.395
12972 47.0 -1.028 19.509
12984 47.0 -1.627 19.509
12996 47.0 -2.198 19.509
13008 47.0 -2.797 19.566
13020 47.0 -3.468 19.680
13032 47.0 -4.124 19.738
13044 47.0 -4.767 19.795
13056 47.0 -4.593 20.174
13068 47.0 -4.869 20.419
13080 47.0 -4.057 20.513
13092 47.0 -4.496 20.486
13104 47.0 -5.159 20.516
13116 47.0 -4.742 20.535
13128 47.0 -5.608 20.876
13140 47.0 -6.790 21.752
13152 47.0 -7.069 22.051
13164 47.0 -8.657 23.400
13176 47.0 -7.496 23.147
13188 47.0 -8.069 22.759
13068 167.0 -19.466 18.168
13080 167.0 -17.797 18.168
13092 167.0 -16.070 18.168
13104 167.0 -14.386 18.168
13116 167.0 -12.659 18.168
13128 167.0 -10.932 18.168
13140 167.0 -9.305 18.054
13152 167.0 -7.778 18.054
13164 167.0 -13.467 17.226
13176 167.0 -14.198 17.929
13188 167.0 -13.901 17.896
13200 167.0 -14.257 17.671
13212 167.0 -14.286 17.774
13224 167.0 -13.758 17.612
13236 167.0 -13.026 17.479
13248 167.0 -13.120 17.920
13260 167.0 -15.870 19.117
13272 167.0 -13.755 17.839
13284 167.0 -13.680 17.716
13296 167.0 -13.326 17.112
13188 51.0 16.840 31.826
13200 51.0 16.798 31.826
13212 51.0 16.741 31.826
13224 51.0 16.641 31.826
13236 51.0 16.584 31.826
13248 51.0 16.526 31.826
13260 51.0 16.526 31.940
13272 51.0 16.526 31.940
13284 51.0 16.492 32.045
13296 51.0 16.254 32.128
13308 51.0 16.138 32.222
13320 51.0 15.969 32.155
13332 51.0 16.306 32.138
13344 51.0 16.363 32.122
13356 51.0 16.307 32.042
13368 51.0 16.476 31.986
13380 51.0 16.197 32.014
13392 51.0 16.035 32.015
13404 51.0 15.977 32.091
13416 51.0 15.971 32.227
13200 48.0 -12.331 20.194
13212 48.0 -12.902 20.194
13224 48.0 -13.472 20.080
13236 48.0 -14.043 20.080
13248 48.0 -14.614 20.080
13260 48.0 -15.213 20.080
13272 48.0 -15.784 20.080
13284 48.0 -16.355 20.080
13296 48.0 -15.503 20.692
13308 48.0 -16.729 21.082
13320 48.0 -16.905 21.465
13332 48.0 -17.124 21.865
13344 48.0 -18.113 21.994
13356 48.0 -18.100 21.661
13368 48.0 -19.261 22.225
13380 48.0 -17.941 22.351
13392 48.0 -18.729 22.297
13404 48.0 -18.967 22.744
13416 48.0 -19.746 23.378
13428 48.0 -19.445 23.126
13428 52.0 16.526 31.940
13440 52.0 16.526 31.940
13452 52.0 16.526 31.940
13464 52.0 16.526 31.940
13476 52.0 16.526 31.940
13488 52.0 16.526 31.940
13500 52.0 16.526 31.940
13512 52.0 16.484 31.883
13524 52.0 16.545 31.895
13536 52.0 16.510 31.886
13548 52.0 16.489 31.893
13560 52.0 16.366 31.907
13572 52.0 16.418 31.849
13584 52.0 16.365 31.847
13596 52.0 16.423 31.843
13608 52.0 16.517 31.896
13620 52.0 16.502 31.810
13632 52.0 16.483 31.755
13644 52.0 16.452 31.736
13656 52.0 16.339 31.758
13440 49.0 -19.568 20.033
13452 49.0 -19.546 20.026
13464 49.0 -19.524 20.019
13476 49.0 -19.503 20.013
13488 49.0 -19.481 20.006
13500 49.0 -19.459 20.000
13512 49.0 -19.438 19.993
13524 49.0 -19.416 19.986
13536 49.0 -19.436 20.057
13548 49.0 -19.462 20.109
13560 49.0 -19.475 20.100
13572 49.0 -19.509 20.202
13584 49.0 -19.417 20.220
13596 49.0 -19.424 20.222
13608 49.0 -19.504 20.264
13620 49.0 -19.448 20.382
13632 49.0 -19.509 20.261
13644 49.0 -19.481 20.256
13656 49.0 -19.342 20.229
13668 49.0 -19.295 20.241
13524 42.0 16.869 28.301
13536 42.0 16.741 27.715
13548 42.0 16.626 27.130
13560 42.0 16.512 26.616
13572 42.0 16.369 26.046
13584 42.0 16.270 25.460
13596 42.0 16.113 24.875
13608 42.0 15.984 24.247
13620 42.0 16.362 24.175
13632 42.0 16.459 23.142
13644 42.0 16.500 22.967
13656 42.0 16.378 21.285
13668 42.0 15.980 20.923
13680 42.0 16.574 21.458
13692 42.0 16.222 21.785
13704 42.0 16.755 20.619
13716 42.0 16.670 21.583
13728 42.0 15.902 23.661
13740 42.0 16.674 21.440
13752 42.0 16.433 22.438
13668 53.0 16.398 31.868
13680 53.0 16.398 31.868
13692 53.0 16.398 31.868
13704 53.0 16.369 31.868
13716 53.0 16.369 31.868
13728 53.0 16.369 31.868
13740 53.0 16.369 31.868
13752 53.0 16.341 31.926
13764 53.0 16.373 31.898
13776 53.0 16.315 31.921
13788 53.0 16.300 31.957
13800 53.0 16.218 31.920
13812 53.0 16.329 31.868
13824 53.0 16.277 31.897
13836 53.0 16.374 31.889
13848 53.0 16.328 31.851
13860 53.0 16.400 31.836
13872 53.0 16.368 31.835
13884 53.0 16.304 31.815
13896 53.0 16.340 31.835
13680 50.0 -19.134 19.900
13692 50.0 -19.112 19.894
13704 50.0 -19.090 19.887
13716 50.0 -19.069 19.881
13728 50.0 -19.047 19.874
13740 50.0 -19.025 19.867
13752 50.0 -19.003 19.861
13764 50.0 -18.982 19.854
13776 50.0 -18.929 19.904
13788 50.0 -18.903 19.876
13800 50.0 -18.931 19.841
13812 50.0 -18.900 19.914
13824 50.0 -19.137 19.927
13836 50.0 -19.090 19.990
13848 50.0 -19.006 19.894
13860 50.0 -19.115 19.881
13872 50.0 -19.071 19.871
13884 50.0 -19.102 19.858
13896 50.0 -19.082 19.857
13908 50.0 -19.052 19.904
13764 43.0 12.216 17.426
13776 43.0 11.474 17.197
13788 43.0 11.003 16.855
13800 43.0 10.475 16.498
13812 43.0 9.790 16.255
13824 43.0 9.162 16.369
13836 43.0 8.763 15.913
13848 43.0 8.335 15.570
13860 43.0 8.927 15.587
13872 43.0 9.726 16.249
13884 43.0 8.913 16.116
13896 43.0 7.680 16.055
13908 43.0 7.809 16.208
13920 43.0 7.426 15.951
13932 43.0 7.265 15.814
13944 43.0 6.914 15.369
13956 43.0 7.182 16.001
13968 43.0 7.316 15.830
13980 43.0 8.859 16.203
13992 43.0 6.272 16.965
