504 10.0 4.086 16.706
516 10.0 4.767 16.706
528 10.0 5.447 16.706
540 10.0 6.083 16.706
552 10.0 6.719 16.706
564 10.0 7.309 16.706
576 10.0 7.899 16.706
588 10.0 8.580 16.524
600 10.0 8.712 15.658
612 10.0 7.737 16.058
624 10.0 8.548 15.936
636 10.0 8.500 16.100
648 10.0 9.720 15.889
660 10.0 10.001 15.845
672 10.0 7.814 15.688
684 10.0 10.131 15.535
696 10.0 8.353 15.970
708 10.0 10.963 14.879
720 10.0 7.801 16.228
732 10.0 9.968 15.818
504 11.0 -11.258 15.208
516 11.0 -11.780 15.208
528 11.0 -12.370 15.208
540 11.0 -12.892 15.208
552 11.0 -13.483 15.208
564 11.0 -14.027 15.208
576 11.0 -14.527 15.208
588 11.0 -15.139 15.208
600 11.0 -13.580 15.179
612 11.0 -14.212 15.322
624 11.0 -14.402 15.435
636 11.0 -15.057 15.743
648 11.0 -14.670 15.745
660 11.0 -15.476 15.813
672 11.0 -15.602 16.013
684 11.0 -14.857 16.242
696 11.0 -15.341 16.145
708 11.0 -15.651 15.962
720 11.0 -16.047 15.710
732 11.0 -16.731 16.182
504 13.0 -20.360 17.296
516 13.0 -21.041 17.296
528 13.0 -21.631 17.296
540 13.0 -22.312 17.455
552 13.0 -22.993 17.455
564 13.0 -23.583 17.455
576 13.0 -24.309 17.296
588 13.0 -24.990 17.114
600 13.0 -24.146 17.702
612 13.0 -23.717 17.533
624 13.0 -24.650 17.511
636 13.0 -25.559 17.999
648 13.0 -26.481 18.720
660 13.0 -26.138 19.155
672 13.0 -25.409 18.846
684 13.0 -26.381 19.228
696 13.0 -25.773 18.619
708 13.0 -27.194 19.467
720 13.0 -26.784 19.534
732 13.0 -26.982 18.905
504 16.0 -0.545 -0.182
516 16.0 -0.840 -0.182
528 16.0 -1.180 -0.182
540 16.0 -1.521 -0.182
552 16.0 -1.816 -0.182
564 16.0 -2.134 -0.182
576 16.0 -2.451 -0.182
588 16.0 -2.815 -0.340
600 16.0 -3.172 0.084
612 16.0 -3.352 -0.359
624 16.0 -3.239 -0.566
636 16.0 -4.360 -0.295
648 16.0 -4.063 0.054
660 16.0 -3.848 -0.403
672 16.0 -4.838 0.007
684 16.0 -4.045 -0.353
696 16.0 -4.476 0.290
708 16.0 -4.468 0.045
720 16.0 -5.851 0.509
732 16.0 -5.430 0.012
504 28.0 7.173 12.053
516 28.0 6.946 12.552
528 28.0 6.809 12.870
540 28.0 6.582 13.369
552 28.0 6.446 13.710
564 28.0 6.219 14.209
576 28.0 6.060 14.549
588 28.0 5.765 14.867
600 28.0 5.955 15.103
612 28.0 5.799 15.146
624 28.0 5.283 15.322
636 28.0 5.777 16.455
648 28.0 5.845 16.065
660 28.0 5.105 16.048
672 28.0 5.122 17.954
684 28.0 5.337 17.318
696 28.0 5.632 17.609
708 28.0 4.216 18.395
720 28.0 4.837 18.351
732 28.0 3.905 19.923
516 14.0 7.967 10.055
528 14.0 7.967 10.373
540 14.0 7.967 10.713
552 14.0 7.967 11.213
564 14.0 7.967 11.712
576 14.0 7.967 12.053
588 14.0 7.967 12.552
600 14.0 8.103 13.051
612 14.0 7.704 12.499
624 14.0 7.956 12.557
636 14.0 7.906 13.567
648 14.0 7.801 13.245
660 14.0 7.494 13.411
672 14.0 7.479 13.978
684 14.0 7.630 14.854
696 14.0 7.262 15.025
708 14.0 7.553 15.431
720 14.0 7.719 15.842
732 14.0 7.682 15.367
744 14.0 7.468 16.303
516 26.0 8.239 23.197
528 26.0 8.012 22.879
540 26.0 7.853 22.380
552 26.0 7.626 22.017
564 26.0 7.400 21.518
576 26.0 7.195 21.200
588 26.0 7.036 20.700
600 26.0 6.809 20.383
612 26.0 6.915 20.862
624 26.0 6.698 19.951
636 26.0 7.146 19.452
648 26.0 6.937 19.548
660 26.0 7.589 18.444
672 26.0 6.691 19.304
684 26.0 6.089 16.581
696 26.0 7.194 16.760
708 26.0 7.480 16.344
720 26.0 6.801 15.901
732 26.0 7.048 15.832
744 26.0 7.204 15.616
696 20.0 -31.255 10.804
708 20.0 -28.940 11.122
720 20.0 -26.557 11.621
732 20.0 -24.173 11.962
744 20.0 -21.767 12.121
756 20.0 -19.316 11.803
768 20.0 -17.137 11.803
780 20.0 -15.366 11.803
792 20.0 -26.145 11.512
804 20.0 -26.836 11.405
816 20.0 -26.753 11.150
828 20.0 -26.062 10.893
840 20.0 -25.897 10.570
852 20.0 -26.631 11.494
864 20.0 -25.813 10.774
876 20.0 -27.370 11.242
888 20.0 -26.203 11.541
900 20.0 -25.848 10.810
912 20.0 -25.619 10.845
924 20.0 -25.158 10.667
744 12.0 -18.567 18.045
756 12.0 -18.249 18.204
768 12.0 -18.521 18.204
780 12.0 -18.748 18.204
792 12.0 -19.066 18.204
804 12.0 -19.656 18.204
816 12.0 -20.473 18.363
828 12.0 -21.835 18.544
840 12.0 -20.924 18.019
852 12.0 -21.295 18.414
864 12.0 -21.108 18.570
876 12.0 -21.132 18.768
888 12.0 -21.631 18.532
900 12.0 -22.200 18.828
912 12.0 -22.580 18.679
924 12.0 -22.347 18.987
936 12.0 -24.264 19.050
948 12.0 -23.737 19.361
960 12.0 -24.217 18.981
972 12.0 -23.913 19.522
744 17.0 -6.106 -4.676
756 17.0 -6.174 -5.334
768 17.0 -6.265 -5.833
780 17.0 -6.537 -6.174
792 17.0 -6.855 -6.333
804 17.0 -7.218 -6.673
816 17.0 -7.218 -7.173
828 17.0 -7.309 -7.831
840 17.0 -6.885 -7.834
852 17.0 -6.533 -9.272
864 17.0 -6.781 -9.749
876 17.0 -6.450 -10.149
888 17.0 -7.026 -10.276
900 17.0 -6.833 -11.793
912 17.0 -6.496 -9.849
924 17.0 -6.265 -10.339
936 17.0 -6.336 -11.335
948 17.0 -6.766 -10.581
960 17.0 -6.641 -12.312
972 17.0 -6.106 -12.772
744 29.0 4.403 20.360
756 29.0 4.630 20.700
768 29.0 4.630 21.041
780 29.0 4.358 21.200
792 29.0 4.131 21.200
804 29.0 3.813 21.359
816 29.0 3.450 21.540
828 29.0 2.928 21.858
840 29.0 2.550 21.366
852 29.0 2.619 21.708
864 29.0 2.231 21.800
876 29.0 1.826 21.914
888 29.0 1.643 22.195
900 29.0 0.650 22.704
912 29.0 0.809 22.468
924 29.0 -0.023 23.157
936 29.0 -0.348 23.139
948 29.0 -0.834 23.470
960 29.0 -0.902 23.219
972 29.0 -1.517 23.665
744 31.0 -10.713 -8.648
756 31.0 -10.623 -8.648
768 31.0 -10.486 -8.512
780 31.0 -10.305 -8.330
792 31.0 -10.078 -8.012
804 31.0 -9.715 -7.649
816 31.0 -9.352 -7.150
828 31.0 -9.034 -6.650
840 31.0 -9.524 -7.335
852 31.0 -9.533 -7.191
864 31.0 -9.728 -7.341
876 31.0 -9.615 -6.609
888 31.0 -9.723 -6.855
900 31.0 -9.685 -7.039
912 31.0 -9.803 -6.794
924 31.0 -9.358 -7.180
936 31.0 -8.924 -6.056
948 31.0 -9.100 -6.272
960 31.0 -9.408 -6.313
972 31.0 -9.197 -6.019
756 27.0 7.853 18.204
768 27.0 7.922 18.204
780 27.0 7.490 18.204
792 27.0 7.104 18.204
804 27.0 6.650 18.204
816 27.0 6.287 18.204
828 27.0 5.765 18.204
840 27.0 5.175 18.204
852 27.0 5.837 18.195
864 27.0 5.607 18.257
876 27.0 5.520 18.345
888 27.0 4.920 17.837
900 27.0 4.629 18.244
912 27.0 4.169 18.560
924 27.0 4.913 18.727
936 27.0 3.885 18.584
948 27.0 3.904 18.935
960 27.0 4.110 18.559
972 27.0 1.526 18.590
984 27.0 3.487 19.188
780 30.0 -9.215 -8.489
792 30.0 -9.056 -8.171
804 30.0 -8.988 -7.831
816 30.0 -8.829 -7.331
828 30.0 -8.602 -7.173
840 30.0 -8.307 -6.991
852 30.0 -8.012 -6.673
864 30.0 -7.717 -6.333
876 30.0 -7.683 -6.806
888 30.0 -7.594 -6.592
900 30.0 -7.640 -6.234
912 30.0 -7.594 -5.688
924 30.0 -7.394 -6.068
936 30.0 -7.161 -5.791
948 30.0 -7.012 -5.938
960 30.0 -7.339 -6.094
972 30.0 -7.036 -5.332
984 30.0 -7.375 -5.563
996 30.0 -7.317 -6.012
1008 30.0 -6.814 -4.532
