0 3.0 40.391 7.389
12 3.0 40.391 7.389
24 3.0 40.391 7.389
36 3.0 40.391 7.389
48 3.0 40.391 7.389
60 3.0 40.391 7.389
72 3.0 40.391 7.389
84 3.0 40.391 7.498
96 3.0 40.418 7.458
108 3.0 40.417 7.424
120 3.0 40.378 7.370
132 3.0 40.379 7.349
144 3.0 40.368 7.345
156 3.0 40.370 7.425
168 3.0 40.410 7.402
180 3.0 40.392 7.446
192 3.0 40.457 7.387
204 3.0 40.379 7.384
216 3.0 40.463 7.330
228 3.0 40.437 7.305
0 5.0 40.500 5.526
12 5.0 40.500 5.526
24 5.0 40.500 5.526
36 5.0 40.500 5.526
48 5.0 40.500 5.526
60 5.0 40.500 5.526
72 5.0 40.500 5.526
84 5.0 40.500 5.526
96 5.0 40.555 5.479
108 5.0 40.559 5.496
120 5.0 40.566 5.423
132 5.0 40.529 5.513
144 5.0 40.531 5.486
156 5.0 40.503 5.568
168 5.0 40.463 5.549
180 5.0 40.434 5.481
192 5.0 40.436 5.479
204 5.0 40.459 5.456
216 5.0 40.378 5.385
228 5.0 40.355 5.360
0 7.0 45.028 7.541
12 7.0 45.028 7.541
24 7.0 45.028 7.541
36 7.0 45.028 7.541
48 7.0 45.028 7.541
60 7.0 45.028 7.541
72 7.0 45.028 7.541
84 7.0 45.028 7.541
96 7.0 44.979 7.470
108 7.0 44.982 7.465
120 7.0 44.952 7.464
132 7.0 45.017 7.393
144 7.0 45.061 7.423
156 7.0 45.039 7.480
168 7.0 45.023 7.403
180 7.0 45.207 7.452
192 7.0 45.137 7.487
204 7.0 45.177 7.528
216 7.0 45.221 7.546
228 7.0 45.102 7.551
0 9.0 44.552 6.869
12 9.0 44.552 6.869
24 9.0 44.552 6.869
36 9.0 44.552 6.869
48 9.0 44.552 6.869
60 9.0 44.552 6.869
72 9.0 44.552 6.869
84 9.0 44.552 6.869
96 9.0 44.541 6.873
108 9.0 44.572 6.877
120 9.0 44.554 6.835
132 9.0 44.559 6.828
144 9.0 44.458 6.842
156 9.0 44.436 6.861
168 9.0 44.394 6.857
180 9.0 44.466 6.837
192 9.0 44.506 6.819
204 9.0 44.498 6.831
216 9.0 44.557 6.849
228 9.0 44.537 6.808
0 11.0 47.889 6.414
12 11.0 47.889 6.414
24 11.0 47.889 6.414
36 11.0 47.889 6.414
48 11.0 47.889 6.414
60 11.0 47.889 6.414
72 11.0 47.889 6.414
84 11.0 47.889 6.414
96 11.0 47.891 6.431
108 11.0 47.858 6.426
120 11.0 47.837 6.431
132 11.0 47.871 6.478
144 11.0 47.888 6.324
156 11.0 47.940 6.323
168 11.0 47.938 6.292
180 11.0 47.807 6.341
192 11.0 47.838 6.376
204 11.0 47.786 6.350
216 11.0 47.845 6.380
228 11.0 47.821 6.359
0 13.0 52.483 3.922
12 13.0 52.483 3.922
24 13.0 52.483 3.922
36 13.0 52.483 3.922
48 13.0 52.483 3.922
60 13.0 52.483 3.922
72 13.0 52.483 3.922
84 13.0 52.483 3.922
96 13.0 52.427 3.880
108 13.0 52.398 3.894
120 13.0 52.401 3.953
132 13.0 52.364 4.007
144 13.0 52.292 3.884
156 13.0 52.265 3.898
168 13.0 52.298 3.791
180 13.0 52.356 3.844
192 13.0 52.369 3.880
204 13.0 52.440 3.926
216 13.0 52.436 3.927
228 13.0 52.389 3.871
0 15.0 51.182 6.111
12 15.0 51.182 6.024
24 15.0 51.182 6.024
36 15.0 51.182 5.916
48 15.0 51.312 5.916
60 15.0 51.312 5.829
72 15.0 51.312 5.829
84 15.0 51.312 5.829
96 15.0 51.337 5.978
108 15.0 51.406 5.950
120 15.0 51.503 5.914
132 15.0 51.296 6.075
144 15.0 51.290 6.076
156 15.0 51.255 6.140
168 15.0 51.277 6.042
180 15.0 51.323 6.056
192 15.0 51.250 6.117
204 15.0 51.187 6.166
216 15.0 51.209 6.144
228 15.0 51.245 6.107
0 17.0 50.467 5.396
12 17.0 50.706 5.179
24 17.0 51.052 4.984
36 17.0 51.312 4.897
48 17.0 51.529 4.897
60 17.0 51.659 4.897
72 17.0 51.789 4.897
84 17.0 52.006 4.897
96 17.0 51.493 5.242
108 17.0 51.969 5.107
120 17.0 52.550 4.954
132 17.0 52.593 4.729
144 17.0 52.768 4.513
156 17.0 53.123 4.300
168 17.0 53.622 4.293
180 17.0 54.246 3.945
192 17.0 54.440 3.914
204 17.0 54.650 3.567
216 17.0 55.419 2.539
228 17.0 55.132 2.708
0 19.0 46.632 9.253
12 19.0 46.415 9.751
24 19.0 46.155 10.249
36 19.0 45.938 10.726
48 19.0 45.808 11.225
60 19.0 45.678 11.723
72 19.0 45.570 12.200
84 19.0 45.570 12.698
96 19.0 45.492 12.344
108 19.0 45.084 12.778
120 19.0 45.248 12.770
132 19.0 44.993 12.330
144 19.0 44.915 13.736
156 19.0 44.261 14.013
168 19.0 44.617 13.929
180 19.0 44.535 14.032
192 19.0 44.914 13.302
204 19.0 44.456 13.734
216 19.0 43.837 14.832
228 19.0 44.126 14.554
0 21.0 46.762 12.806
12 21.0 46.762 12.698
24 21.0 46.762 12.698
36 21.0 46.762 12.698
48 21.0 46.762 12.698
60 21.0 46.762 12.611
72 21.0 46.762 12.611
84 21.0 46.762 12.611
96 21.0 46.736 12.474
108 21.0 46.683 12.509
120 21.0 46.586 12.593
132 21.0 46.508 12.629
144 21.0 46.531 12.633
156 21.0 46.580 12.676
168 21.0 46.525 12.631
180 21.0 46.458 12.670
192 21.0 46.340 12.836
204 21.0 46.069 12.790
216 21.0 46.100 12.710
228 21.0 45.779 13.046
0 23.0 47.130 11.615
12 23.0 47.130 11.615
24 23.0 47.130 11.615
36 23.0 47.130 11.615
48 23.0 47.130 11.615
60 23.0 47.130 11.615
72 23.0 47.130 11.615
84 23.0 47.130 11.615
96 23.0 47.113 11.553
108 23.0 47.107 11.554
120 23.0 47.097 11.636
132 23.0 47.124 11.630
144 23.0 47.170 11.680
156 23.0 47.137 11.639
168 23.0 47.115 11.641
180 23.0 47.129 11.601
192 23.0 47.125 11.639
204 23.0 47.042 11.618
216 23.0 47.115 11.542
228 23.0 47.118 11.505
0 25.0 52.006 9.209
12 25.0 52.266 9.318
24 25.0 52.613 9.404
36 25.0 52.959 9.513
48 25.0 52.962 9.515
60 25.0 52.965 9.517
72 25.0 52.968 9.521
84 25.0 52.972 9.523
96 25.0 53.369 9.524
108 25.0 53.420 9.424
120 25.0 53.003 9.625
132 25.0 53.149 9.309
144 25.0 52.847 9.680
156 25.0 52.939 9.703
168 25.0 52.868 9.955
180 25.0 53.154 9.439
192 25.0 53.005 10.073
204 25.0 53.431 10.129
216 25.0 52.871 10.041
228 25.0 52.797 10.199
0 27.0 53.393 -1.950
12 27.0 53.393 -1.950
24 27.0 53.393 -1.950
36 27.0 53.393 -1.820
48 27.0 53.393 -1.820
60 27.0 53.436 -1.734
72 27.0 53.436 -1.734
84 27.0 53.501 -1.647
96 27.0 53.695 -1.650
108 27.0 53.651 -1.885
120 27.0 53.530 -2.008
132 27.0 53.511 -1.974
144 27.0 53.480 -2.012
156 27.0 53.529 -1.944
168 27.0 53.537 -1.988
180 27.0 53.489 -2.006
192 27.0 53.475 -1.950
204 27.0 53.446 -1.957
216 27.0 53.416 -1.957
228 27.0 53.385 -1.951
0 29.0 11.961 -22.124
12 29.0 12.221 -22.319
24 29.0 12.438 -22.471
36 29.0 12.698 -22.601
48 29.0 13.045 -22.774
60 29.0 13.305 -22.904
72 29.0 13.522 -23.056
84 29.0 13.653 -23.099
96 29.0 13.585 -23.057
108 29.0 14.525 -23.749
120 29.0 14.670 -23.952
132 29.0 15.620 -24.400
144 29.0 16.339 -24.639
156 29.0 15.597 -24.210
168 29.0 17.311 -25.160
180 29.0 16.901 -24.815
192 29.0 17.021 -25.004
204 29.0 17.407 -25.393
216 29.0 17.960 -25.154
228 29.0 18.187 -25.551
60 1.0 -13.391 -22.601
72 1.0 -11.355 -21.431
84 1.0 -9.318 -20.261
96 1.0 -7.302 -18.982
108 1.0 -5.287 -17.790
120 1.0 -3.380 -16.230
132 1.0 -1.560 -14.562
144 1.0 0.347 -12.980
156 1.0 -9.569 -18.672
168 1.0 -10.095 -20.688
180 1.0 -10.931 -20.829
192 1.0 -10.443 -20.967
204 1.0 -10.168 -20.450
216 1.0 -9.736 -19.584
228 1.0 -10.192 -19.665
240 1.0 -9.830 -19.356
252 1.0 -10.011 -20.203
264 1.0 -10.390 -21.217
276 1.0 -9.769 -20.345
288 1.0 -8.769 -21.744
240 4.0 40.391 7.693
252 4.0 40.391 7.693
264 4.0 40.391 7.693
276 4.0 40.391 7.693
288 4.0 40.391 7.693
300 4.0 40.391 7.693
312 4.0 40.391 7.693
324 4.0 40.391 7.693
336 4.0 40.369 7.690
348 4.0 40.395 7.692
360 4.0 40.446 7.632
372 4.0 40.390 7.651
384 4.0 40.459 7.614
396 4.0 40.426 7.644
408 4.0 40.452 7.618
420 4.0 40.372 7.598
432 4.0 40.366 7.606
444 4.0 40.400 7.584
456 4.0 40.364 7.580
468 4.0 40.310 7.635
240 6.0 40.500 5.526
252 6.0 40.500 5.526
264 6.0 40.500 5.526
276 6.0 40.500 5.526
288 6.0 40.500 5.526
300 6.0 40.500 5.526
312 6.0 40.500 5.526
324 6.0 40.500 5.526
336 6.0 40.530 5.530
348 6.0 40.506 5.497
360 6.0 40.548 5.490
372 6.0 40.545 5.487
384 6.0 40.530 5.466
396 6.0 40.483 5.452
408 6.0 40.497 5.393
420 6.0 40.455 5.512
432 6.0 40.477 5.511
444 6.0 40.469 5.458
456 6.0 40.498 5.451
468 6.0 40.482 5.391
240 8.0 45.028 7.541
252 8.0 45.028 7.541
264 8.0 45.028 7.541
276 8.0 45.028 7.541
288 8.0 45.028 7.541
300 8.0 45.028 7.541
312 8.0 45.028 7.541
324 8.0 45.028 7.541
336 8.0 44.973 7.530
348 8.0 44.968 7.501
360 8.0 44.948 7.557
372 8.0 44.975 7.544
384 8.0 45.064 7.492
396 8.0 45.099 7.495
408 8.0 45.019 7.443
420 8.0 45.090 7.409
432 8.0 45.101 7.414
444 8.0 45.096 7.471
456 8.0 45.100 7.478
468 8.0 45.129 7.494
240 10.0 44.552 6.869
252 10.0 44.552 6.869
264 10.0 44.552 6.869
276 10.0 44.552 6.869
288 10.0 44.552 6.869
300 10.0 44.552 6.869
312 10.0 44.552 6.869
324 10.0 44.552 6.869
336 10.0 44.576 6.869
348 10.0 44.572 6.846
360 10.0 44.532 6.886
372 10.0 44.540 6.907
384 10.0 44.557 6.947
396 10.0 44.600 6.874
408 10.0 44.597 6.873
420 10.0 44.582 6.852
432 10.0 44.629 6.823
444 10.0 44.617 6.707
456 10.0 44.514 6.715
468 10.0 44.592 6.717
240 12.0 47.889 6.414
252 12.0 47.889 6.414
264 12.0 47.889 6.414
276 12.0 47.889 6.414
288 12.0 47.889 6.414
300 12.0 47.889 6.414
312 12.0 47.889 6.414
324 12.0 47.889 6.414
336 12.0 47.932 6.388
348 12.0 47.943 6.391
360 12.0 47.962 6.401
372 12.0 47.866 6.446
384 12.0 47.920 6.467
396 12.0 47.913 6.516
408 12.0 47.846 6.572
420 12.0 47.881 6.542
432 12.0 47.874 6.569
444 12.0 47.948 6.490
456 12.0 47.862 6.490
468 12.0 47.898 6.404
240 14.0 52.483 3.922
252 14.0 52.483 3.922
264 14.0 52.483 3.922
276 14.0 52.483 3.922
288 14.0 52.483 3.922
300 14.0 52.483 3.922
312 14.0 52.483 3.922
324 14.0 52.483 3.922
336 14.0 52.556 3.884
348 14.0 52.538 3.878
360 14.0 52.546 3.928
372 14.0 52.489 3.919
384 14.0 52.534 3.884
396 14.0 52.519 3.927
408 14.0 52.500 3.937
420 14.0 52.556 3.939
432 14.0 52.568 3.953
444 14.0 52.467 3.933
456 14.0 52.465 3.934
468 14.0 52.475 4.002
240 16.0 51.659 5.526
252 16.0 51.659 5.526
264 16.0 51.659 5.526
276 16.0 51.659 5.526
288 16.0 51.659 5.526
300 16.0 51.659 5.526
312 16.0 51.659 5.526
324 16.0 51.659 5.526
336 16.0 51.715 5.540
348 16.0 51.718 5.531
360 16.0 51.741 5.508
372 16.0 51.709 5.545
384 16.0 51.631 5.601
396 16.0 51.616 5.514
408 16.0 51.664 5.504
420 16.0 51.614 5.521
432 16.0 51.686 5.534
444 16.0 51.649 5.493
456 16.0 51.632 5.461
468 16.0 51.632 5.476
240 18.0 53.089 5.396
252 18.0 53.089 5.396
264 18.0 52.959 5.396
276 18.0 52.851 5.396
288 18.0 52.851 5.287
300 18.0 52.743 5.287
312 18.0 52.613 5.287
324 18.0 52.483 5.287
336 18.0 52.470 5.467
348 18.0 52.646 5.482
360 18.0 52.674 5.503
372 18.0 52.536 5.500
384 18.0 52.435 5.469
396 18.0 52.579 5.528
408 18.0 52.135 5.767
420 18.0 52.007 5.914
432 18.0 51.621 5.908
444 18.0 51.779 5.936
456 18.0 51.555 5.928
468 18.0 51.224 5.945
240 20.0 46.153 18.568
252 20.0 46.132 18.283
264 20.0 46.111 17.998
276 20.0 46.090 17.713
288 20.0 46.068 17.428
300 20.0 46.047 17.142
312 20.0 46.026 16.857
324 20.0 46.004 16.572
336 20.0 46.184 15.726
348 20.0 46.181 15.676
360 20.0 45.959 14.678
372 20.0 46.019 14.108
384 20.0 45.954 14.195
396 20.0 46.043 13.273
408 20.0 45.828 12.992
420 20.0 45.937 12.604
432 20.0 45.982 12.180
444 20.0 45.832 10.551
456 20.0 45.692 10.619
468 20.0 45.429 11.227
240 22.0 46.892 12.308
252 22.0 46.892 12.308
264 22.0 46.892 12.308
276 22.0 46.892 12.200
288 22.0 46.892 12.200
300 22.0 46.892 12.200
312 22.0 46.892 12.200
324 22.0 46.892 12.200
336 22.0 46.809 12.191
348 22.0 46.936 12.169
360 22.0 46.833 12.161
372 22.0 47.004 12.196
384 22.0 46.970 12.207
396 22.0 46.883 12.191
408 22.0 47.001 12.184
420 22.0 46.869 12.231
432 22.0 46.855 12.270
444 22.0 46.821 12.313
456 22.0 46.745 12.354
468 22.0 46.770 12.311
240 24.0 47.130 11.615
252 24.0 47.130 11.615
264 24.0 47.130 11.615
276 24.0 47.130 11.615
288 24.0 47.130 11.615
300 24.0 47.130 11.615
312 24.0 47.130 11.615
324 24.0 47.130 11.615
336 24.0 47.155 11.632
348 24.0 47.117 11.781
360 24.0 47.112 11.728
372 24.0 47.185 11.738
384 24.0 47.131 11.750
396 24.0 47.201 11.725
408 24.0 47.043 11.743
420 24.0 47.023 11.821
432 24.0 47.105 11.832
444 24.0 47.007 11.848
456 24.0 46.940 11.949
468 24.0 46.954 11.812
240 26.0 53.015 9.559
252 26.0 53.018 9.562
264 26.0 53.022 9.565
276 26.0 53.025 9.567
288 26.0 53.028 9.570
300 26.0 53.032 9.573
312 26.0 53.035 9.576
324 26.0 53.038 9.579
336 26.0 53.004 9.569
348 26.0 53.099 9.570
360 26.0 53.071 9.545
372 26.0 52.999 9.488
384 26.0 53.033 9.447
396 26.0 53.036 9.504
408 26.0 53.097 9.498
420 26.0 53.025 9.464
432 26.0 53.086 9.485
444 26.0 53.031 9.418
456 26.0 53.079 9.503
468 26.0 53.060 9.450
240 28.0 53.804 -1.040
252 28.0 53.848 -0.953
264 28.0 53.848 -0.953
276 28.0 53.848 -0.867
288 28.0 53.848 -0.867
300 28.0 53.978 -0.737
312 28.0 53.978 -0.737
324 28.0 53.978 -0.650
336 28.0 53.935 -0.624
348 28.0 53.900 -0.868
360 28.0 53.761 -0.759
372 28.0 53.939 -0.714
384 28.0 53.884 -0.691
396 28.0 53.978 -0.586
408 28.0 53.855 -0.757
420 28.0 53.902 -0.659
432 28.0 53.867 -0.557
444 28.0 53.760 -0.722
456 28.0 53.856 -0.660
468 28.0 53.990 -0.742
240 30.0 13.700 -23.099
252 30.0 13.704 -23.099
264 30.0 13.707 -23.099
276 30.0 13.711 -23.099
288 30.0 13.715 -23.099
300 30.0 13.719 -23.099
312 30.0 13.722 -23.099
324 30.0 13.726 -23.099
336 30.0 13.684 -23.123
348 30.0 13.632 -23.107
360 30.0 13.728 -23.128
372 30.0 13.725 -23.162
384 30.0 13.695 -23.147
396 30.0 13.694 -23.170
408 30.0 13.778 -23.195
420 30.0 13.733 -23.165
432 30.0 13.706 -23.151
444 30.0 13.678 -23.166
456 30.0 13.640 -23.161
468 30.0 13.735 -23.120
276 0.0 -16.967 -22.861
288 0.0 -15.233 -22.861
300 0.0 -13.457 -22.861
312 0.0 -11.680 -22.861
324 0.0 -9.859 -22.753
336 0.0 -7.823 -22.666
348 0.0 -5.829 -22.666
360 0.0 -3.792 -22.558
372 0.0 -11.596 -22.063
384 0.0 -12.294 -22.765
396 0.0 -11.707 -23.488
408 0.0 -13.108 -22.770
420 0.0 -11.989 -23.333
432 0.0 -12.240 -23.150
444 0.0 -11.095 -23.179
456 0.0 -11.373 -23.588
468 0.0 -12.593 -22.859
480 0.0 -10.472 -23.759
492 0.0 -11.267 -23.148
504 0.0 -11.893 -22.853
