0 1.0 10.292 13.907
12 1.0 10.803 14.014
24 1.0 11.398 14.205
36 1.0 11.994 14.396
48 1.0 12.568 14.545
60 1.0 13.163 14.715
72 1.0 13.737 14.864
84 1.0 14.333 15.077
96 1.0 13.491 15.048
108 1.0 12.917 14.725
120 1.0 12.928 14.669
132 1.0 13.229 14.211
144 1.0 12.814 14.040
156 1.0 13.595 13.918
168 1.0 13.374 13.939
180 1.0 14.477 13.432
192 1.0 13.747 14.124
204 1.0 13.906 13.871
216 1.0 13.685 13.475
228 1.0 13.198 13.717
0 3.0 35.938 22.201
12 3.0 35.470 22.094
24 3.0 35.002 22.009
36 3.0 34.535 21.924
48 3.0 34.194 21.797
60 3.0 33.726 21.712
72 3.0 33.259 21.627
84 3.0 32.833 21.542
96 3.0 33.056 21.320
108 3.0 32.827 21.129
120 3.0 32.468 21.545
132 3.0 32.229 21.660
144 3.0 33.008 21.964
156 3.0 32.243 21.991
168 3.0 32.219 21.607
180 3.0 31.957 21.693
192 3.0 32.525 21.795
204 3.0 32.305 22.129
216 3.0 32.473 22.185
228 3.0 31.985 21.667
0 5.0 32.663 15.119
12 5.0 32.195 14.630
24 5.0 31.728 14.248
36 5.0 31.260 13.865
48 5.0 30.898 13.461
60 5.0 30.430 13.078
72 5.0 29.963 12.695
84 5.0 29.601 12.227
96 5.0 28.567 13.203
108 5.0 29.479 13.025
120 5.0 28.114 13.028
132 5.0 28.347 12.383
144 5.0 29.573 13.006
156 5.0 29.617 13.097
168 5.0 29.336 12.599
180 5.0 28.525 12.792
192 5.0 27.580 12.384
204 5.0 27.825 12.918
216 5.0 28.177 11.600
228 5.0 28.335 12.356
0 7.0 41.680 13.673
12 7.0 40.978 13.269
24 7.0 40.276 12.887
36 7.0 39.681 12.610
48 7.0 38.979 12.227
60 7.0 38.341 11.930
72 7.0 37.682 11.547
84 7.0 37.044 11.271
96 7.0 38.887 12.987
108 7.0 37.625 12.969
120 7.0 37.434 13.363
132 7.0 37.855 13.265
144 7.0 37.655 13.406
156 7.0 37.307 13.758
168 7.0 37.998 13.293
180 7.0 36.949 13.960
192 7.0 36.928 13.280
204 7.0 37.688 13.485
216 7.0 36.903 13.581
228 7.0 35.463 13.083
0 9.0 10.866 -16.693
12 9.0 11.334 -16.587
24 9.0 11.930 -16.502
36 9.0 12.504 -16.417
48 9.0 13.099 -16.310
60 9.0 13.673 -16.119
72 9.0 14.141 -16.034
84 9.0 14.737 -15.928
96 9.0 13.855 -16.469
108 9.0 13.893 -16.542
120 9.0 13.862 -16.420
132 9.0 14.089 -16.359
144 9.0 14.485 -16.208
156 9.0 14.903 -16.199
168 9.0 15.589 -16.782
180 9.0 15.153 -16.432
192 9.0 14.726 -16.415
204 9.0 14.261 -16.509
216 9.0 14.512 -16.802
228 9.0 14.379 -16.571
0 11.0 -25.731 13.907
12 11.0 -25.263 13.716
24 11.0 -24.753 13.610
36 11.0 -24.285 13.525
48 11.0 -23.753 13.440
60 11.0 -23.221 13.291
72 11.0 -22.690 13.184
84 11.0 -22.222 13.078
96 11.0 -22.812 13.172
108 11.0 -21.054 12.515
120 11.0 -20.626 12.629
132 11.0 -22.037 13.276
144 11.0 -21.490 12.730
156 11.0 -20.236 12.508
168 11.0 -20.789 12.773
180 11.0 -20.030 13.269
192 11.0 -22.379 13.625
204 11.0 -19.869 12.046
216 11.0 -18.641 11.481
228 11.0 -18.781 12.022
0 13.0 -26.092 5.338
12 13.0 -25.965 5.146
24 13.0 -25.731 4.934
36 13.0 -25.497 4.763
48 13.0 -25.263 4.551
60 13.0 -25.029 4.466
72 13.0 -24.923 4.551
84 13.0 -24.689 4.657
96 13.0 -24.315 4.504
108 13.0 -24.215 4.301
120 13.0 -23.854 4.041
132 13.0 -23.974 4.149
144 13.0 -23.406 3.928
156 13.0 -23.460 3.713
168 13.0 -23.148 3.685
180 13.0 -22.784 3.218
192 13.0 -22.201 3.012
204 13.0 -21.759 2.611
216 13.0 -20.917 2.067
228 13.0 -21.404 2.545
0 15.0 -20.797 11.079
12 15.0 -20.585 11.079
24 15.0 -20.329 11.164
36 15.0 -20.117 11.249
48 15.0 -19.862 11.356
60 15.0 -19.649 11.462
72 15.0 -19.394 11.547
84 15.0 -19.181 11.632
96 15.0 -19.672 11.818
108 15.0 -19.500 11.760
120 15.0 -19.204 12.017
132 15.0 -19.206 12.009
144 15.0 -18.696 12.248
156 15.0 -19.167 11.975
168 15.0 -19.199 11.819
180 15.0 -19.224 12.153
192 15.0 -19.063 12.552
204 15.0 -18.879 13.101
216 15.0 -19.245 12.758
228 15.0 -19.032 12.517
0 17.0 -23.115 -1.744
12 17.0 -23.200 -1.744
24 17.0 -23.200 -1.744
36 17.0 -23.200 -1.744
48 17.0 -23.200 -1.744
60 17.0 -23.200 -1.744
72 17.0 -23.200 -1.744
84 17.0 -23.200 -1.744
96 17.0 -23.112 -1.731
108 17.0 -23.115 -1.733
120 17.0 -23.139 -1.708
132 17.0 -23.173 -1.732
144 17.0 -23.249 -1.769
156 17.0 -23.248 -1.773
168 17.0 -23.178 -1.760
180 17.0 -23.149 -1.750
192 17.0 -23.140 -1.748
204 17.0 -23.142 -1.712
216 17.0 -23.308 -1.732
228 17.0 -23.383 -1.659
0 19.0 -7.507 -22.711
12 19.0 -7.166 -22.626
24 19.0 -6.699 -22.541
36 19.0 -6.231 -22.435
48 19.0 -5.827 -22.286
60 19.0 -5.359 -22.137
72 19.0 -4.955 -22.052
84 19.0 -4.529 -21.903
96 19.0 -5.345 -21.917
108 19.0 -5.001 -22.184
120 19.0 -4.835 -22.160
132 19.0 -4.412 -22.308
144 19.0 -4.263 -22.212
156 19.0 -4.399 -22.508
168 19.0 -4.999 -22.008
180 19.0 -4.184 -22.746
192 19.0 -4.026 -22.402
204 19.0 -4.875 -21.485
216 19.0 -4.279 -21.390
228 19.0 -3.761 -21.634
240 2.0 21.116 17.055
252 2.0 21.712 17.225
264 2.0 22.286 17.437
276 2.0 22.881 17.522
288 2.0 23.583 17.714
300 2.0 24.051 18.012
312 2.0 24.625 18.203
324 2.0 25.093 18.501
336 2.0 24.570 18.047
348 2.0 24.695 18.275
360 2.0 24.066 18.580
372 2.0 23.584 17.859
384 2.0 23.438 18.391
396 2.0 23.463 18.425
408 2.0 23.065 18.696
420 2.0 23.838 19.037
432 2.0 23.658 18.286
444 2.0 23.866 19.034
456 2.0 23.225 18.731
468 2.0 23.779 18.488
240 4.0 26.858 20.648
252 4.0 26.390 20.648
264 4.0 25.795 20.563
276 4.0 25.327 20.563
288 4.0 24.859 20.478
300 4.0 24.391 20.478
312 4.0 23.817 20.351
324 4.0 23.349 20.266
336 4.0 23.467 20.476
348 4.0 23.194 21.002
360 4.0 22.290 21.664
372 4.0 22.628 21.448
384 4.0 22.341 21.647
396 4.0 22.182 22.188
408 4.0 21.519 22.286
420 4.0 20.395 22.772
432 4.0 19.634 23.186
444 4.0 19.296 23.722
456 4.0 20.377 23.561
468 4.0 20.845 23.005
240 6.0 23.859 7.400
252 6.0 23.392 7.017
264 6.0 22.924 6.741
276 6.0 22.456 6.358
288 6.0 21.988 6.061
300 6.0 21.520 5.678
312 6.0 21.052 5.295
324 6.0 20.585 4.997
336 6.0 21.201 6.474
348 6.0 21.105 6.713
360 6.0 21.197 6.505
372 6.0 20.994 6.984
384 6.0 20.904 7.004
396 6.0 20.064 7.059
408 6.0 20.866 7.144
420 6.0 19.856 6.544
432 6.0 19.571 7.028
444 6.0 19.163 6.619
456 6.0 19.769 6.510
468 6.0 19.982 6.643
240 8.0 29.197 6.146
252 8.0 28.623 5.763
264 8.0 28.027 5.274
276 8.0 27.453 4.891
288 8.0 26.858 4.508
300 8.0 26.156 4.125
312 8.0 25.582 3.658
324 8.0 24.986 3.254
336 8.0 26.418 5.129
348 8.0 26.569 4.410
360 8.0 25.515 4.368
372 8.0 25.375 4.004
384 8.0 26.134 3.967
396 8.0 26.699 4.194
408 8.0 25.813 3.917
420 8.0 25.654 4.103
432 8.0 25.111 4.479
444 8.0 26.783 3.764
456 8.0 26.556 4.410
468 8.0 26.874 3.818
240 10.0 21.542 -14.758
252 10.0 22.116 -14.673
264 10.0 22.584 -14.588
276 10.0 23.051 -14.588
288 10.0 23.519 -14.482
300 10.0 24.093 -14.375
312 10.0 24.561 -14.375
324 10.0 25.050 -14.290
336 10.0 24.666 -14.867
348 10.0 24.701 -14.352
360 10.0 24.840 -15.140
372 10.0 25.267 -14.797
384 10.0 25.118 -15.144
396 10.0 24.376 -14.623
408 10.0 24.887 -14.685
420 10.0 25.643 -14.906
432 10.0 24.798 -14.577
444 10.0 24.170 -13.831
456 10.0 25.724 -14.744
468 10.0 25.731 -14.929
240 12.0 -19.543 14.248
252 12.0 -19.415 14.248
264 12.0 -19.075 14.354
276 12.0 -18.820 14.354
288 12.0 -18.479 14.439
300 12.0 -18.224 14.439
312 12.0 -17.884 14.524
324 12.0 -17.671 14.524
336 12.0 -17.826 14.824
348 12.0 -17.916 14.792
360 12.0 -18.245 15.111
372 12.0 -17.697 14.693
384 12.0 -17.485 14.981
396 12.0 -17.230 14.786
408 12.0 -16.529 14.013
420 12.0 -17.574 14.334
432 12.0 -17.773 14.619
444 12.0 -16.709 14.053
456 12.0 -16.572 14.214
468 12.0 -16.309 14.312
240 14.0 -21.520 6.592
252 14.0 -21.159 6.677
264 14.0 -20.819 6.869
276 14.0 -20.457 6.975
288 14.0 -20.117 7.166
300 14.0 -19.755 7.251
312 14.0 -19.415 7.443
324 14.0 -19.054 7.655
336 14.0 -19.454 7.614
348 14.0 -18.989 7.435
360 14.0 -18.518 7.314
372 14.0 -18.393 6.842
384 14.0 -18.540 7.031
396 14.0 -18.923 6.869
408 14.0 -18.974 7.204
420 14.0 -19.294 6.681
432 14.0 -17.886 6.737
444 14.0 -17.261 6.349
456 14.0 -17.979 6.817
468 14.0 -17.190 6.237
240 16.0 -15.906 12.695
252 16.0 -15.524 12.695
264 16.0 -15.311 12.695
276 16.0 -15.056 12.695
288 16.0 -14.843 12.802
300 16.0 -14.503 12.802
312 16.0 -14.248 12.802
324 16.0 -14.035 12.802
336 16.0 -13.804 13.164
348 16.0 -14.218 13.002
360 16.0 -14.067 13.681
372 16.0 -14.227 13.319
384 16.0 -14.137 13.251
396 16.0 -14.133 13.742
408 16.0 -14.299 13.677
420 16.0 -14.352 13.276
432 16.0 -13.782 13.003
444 16.0 -14.240 13.008
456 16.0 -14.238 12.985
468 16.0 -14.660 13.036
240 18.0 -23.392 -1.616
252 18.0 -23.392 -1.616
264 18.0 -23.392 -1.616
276 18.0 -23.392 -1.510
288 18.0 -23.392 -1.510
300 18.0 -23.392 -1.510
312 18.0 -23.392 -1.510
324 18.0 -23.392 -1.510
336 18.0 -23.314 -1.551
348 18.0 -23.373 -1.509
360 18.0 -23.336 -1.487
372 18.0 -23.350 -1.609
384 18.0 -23.397 -1.646
396 18.0 -23.402 -1.723
408 18.0 -23.385 -1.643
420 18.0 -23.309 -1.709
432 18.0 -23.353 -1.625
444 18.0 -23.291 -1.647
456 18.0 -23.341 -1.586
468 18.0 -23.375 -1.581
240 20.0 0.510 -20.457
252 20.0 0.851 -20.351
264 20.0 1.212 -20.181
276 20.0 1.552 -19.968
288 20.0 1.914 -19.777
300 20.0 2.148 -19.585
312 20.0 2.488 -19.394
324 20.0 2.850 -19.287
336 20.0 1.901 -19.880
348 20.0 1.905 -19.797
360 20.0 2.165 -20.001
372 20.0 2.038 -19.928
384 20.0 1.734 -19.829
396 20.0 1.635 -19.504
408 20.0 1.793 -19.521
420 20.0 2.029 -19.355
432 20.0 2.155 -19.564
444 20.0 1.775 -19.363
456 20.0 1.977 -19.391
468 20.0 2.094 -18.974
