0 0.0 -9.746 -14.063
12 0.0 -9.266 -13.845
24 0.0 -8.787 -13.562
36 0.0 -8.307 -13.365
48 0.0 -7.827 -13.060
60 0.0 -7.239 -12.755
72 0.0 -6.759 -12.581
84 0.0 -6.279 -12.275
96 0.0 -7.100 -13.220
108 0.0 -7.860 -13.173
120 0.0 -7.858 -12.720
132 0.0 -7.392 -12.982
144 0.0 -7.968 -12.360
156 0.0 -7.523 -12.081
168 0.0 -7.970 -12.382
180 0.0 -7.846 -12.183
192 0.0 -7.865 -11.280
204 0.0 -8.028 -12.087
216 0.0 -7.454 -11.983
228 0.0 -7.397 -12.536
0 1.0 -7.588 15.284
12 1.0 -7.217 15.415
24 1.0 -6.868 15.502
36 1.0 -6.388 15.698
48 1.0 -6.040 15.807
60 1.0 -5.560 15.982
72 1.0 -5.189 16.091
84 1.0 -4.819 16.200
96 1.0 -5.021 15.799
108 1.0 -4.957 15.394
120 1.0 -4.661 15.564
132 1.0 -5.070 15.792
144 1.0 -5.655 16.175
156 1.0 -5.186 16.056
168 1.0 -4.901 16.224
180 1.0 -4.550 16.460
192 1.0 -4.492 15.897
204 1.0 -4.274 15.642
216 1.0 -3.237 15.149
228 1.0 -4.099 15.580
0 3.0 28.148 19.558
12 3.0 28.148 19.558
24 3.0 28.148 19.558
36 3.0 28.148 19.558
48 3.0 28.148 19.558
60 3.0 28.148 19.558
72 3.0 28.148 19.558
84 3.0 28.148 19.558
96 3.0 28.129 19.541
108 3.0 28.164 19.488
120 3.0 28.093 19.520
132 3.0 28.136 19.455
144 3.0 28.208 19.502
156 3.0 28.215 19.573
168 3.0 28.192 19.568
180 3.0 28.207 19.568
192 3.0 28.225 19.517
204 3.0 28.159 19.536
216 3.0 28.176 19.547
228 3.0 28.223 19.538
0 5.0 27.123 20.735
12 5.0 27.123 20.735
24 5.0 27.123 20.735
36 5.0 27.123 20.735
48 5.0 27.123 20.735
60 5.0 27.123 20.735
72 5.0 27.123 20.735
84 5.0 27.123 20.735
96 5.0 27.105 20.723
108 5.0 27.048 20.722
120 5.0 27.017 20.622
132 5.0 26.965 20.562
144 5.0 26.976 20.565
156 5.0 26.950 20.448
168 5.0 26.984 20.456
180 5.0 26.953 20.445
192 5.0 26.870 20.400
204 5.0 26.918 20.479
216 5.0 26.881 20.432
228 5.0 26.942 20.403
0 7.0 27.254 21.629
12 7.0 27.254 21.629
24 7.0 27.254 21.629
36 7.0 27.254 21.629
48 7.0 27.254 21.629
60 7.0 27.254 21.629
72 7.0 27.254 21.629
84 7.0 27.254 21.629
96 7.0 27.230 21.661
108 7.0 27.209 21.620
120 7.0 27.207 21.585
132 7.0 27.300 21.559
144 7.0 27.231 21.557
156 7.0 27.247 21.586
168 7.0 27.263 21.614
180 7.0 27.272 21.642
192 7.0 27.220 21.548
204 7.0 27.217 21.565
216 7.0 27.339 21.548
228 7.0 27.340 21.543
0 9.0 11.338 21.367
12 9.0 11.817 21.476
24 9.0 12.406 21.585
36 9.0 12.908 21.673
48 9.0 13.475 21.782
60 9.0 14.085 21.869
72 9.0 14.565 21.978
84 9.0 15.175 22.065
96 9.0 14.602 22.095
108 9.0 14.178 22.227
120 9.0 14.201 21.619
132 9.0 14.632 21.777
144 9.0 14.247 22.111
156 9.0 15.240 21.330
168 9.0 14.929 21.227
180 9.0 14.576 21.428
192 9.0 14.931 20.747
204 9.0 14.249 20.972
216 9.0 14.696 20.731
228 9.0 14.794 20.818
240 2.0 0.589 17.857
252 2.0 0.938 18.075
264 2.0 1.417 18.162
276 2.0 1.766 18.249
288 2.0 2.137 18.380
300 2.0 2.507 18.555
312 2.0 2.856 18.664
324 2.0 3.205 18.860
336 2.0 2.552 18.359
348 2.0 2.741 18.596
360 2.0 2.493 18.975
372 2.0 3.461 18.825
384 2.0 2.905 19.310
396 2.0 2.369 18.652
408 2.0 3.072 18.625
420 2.0 3.113 18.388
432 2.0 2.689 18.889
444 2.0 2.710 18.882
456 2.0 2.800 19.102
468 2.0 2.862 19.133
240 4.0 28.148 19.558
252 4.0 28.148 19.558
264 4.0 28.148 19.558
276 4.0 28.148 19.558
288 4.0 28.148 19.558
300 4.0 28.148 19.558
312 4.0 28.148 19.558
324 4.0 28.148 19.558
336 4.0 28.203 19.590
348 4.0 28.221 19.556
360 4.0 28.211 19.522
372 4.0 28.225 19.510
384 4.0 28.130 19.558
396 4.0 28.157 19.507
408 4.0 28.040 19.555
420 4.0 28.088 19.581
432 4.0 28.041 19.572
444 4.0 28.174 19.502
456 4.0 28.119 19.420
468 4.0 28.164 19.434
240 6.0 27.123 20.735
252 6.0 27.123 20.735
264 6.0 27.123 20.735
276 6.0 27.123 20.735
288 6.0 27.123 20.735
300 6.0 27.123 20.735
312 6.0 27.123 20.735
324 6.0 27.123 20.735
336 6.0 27.069 20.804
348 6.0 27.132 20.729
360 6.0 27.100 20.703
372 6.0 27.102 20.640
384 6.0 27.208 20.681
396 6.0 27.130 20.696
408 6.0 27.155 20.682
420 6.0 27.175 20.700
432 6.0 27.093 20.716
444 6.0 27.035 20.648
456 6.0 27.081 20.623
468 6.0 27.044 20.616
240 8.0 27.254 21.629
252 8.0 27.254 21.629
264 8.0 27.254 21.629
276 8.0 27.254 21.629
288 8.0 27.254 21.629
300 8.0 27.254 21.629
312 8.0 27.254 21.629
324 8.0 27.254 21.629
336 8.0 27.252 21.628
348 8.0 27.247 21.563
360 8.0 27.225 21.587
372 8.0 27.153 21.608
384 8.0 27.176 21.636
396 8.0 27.281 21.525
408 8.0 27.257 21.526
420 8.0 27.231 21.590
432 8.0 27.243 21.626
444 8.0 27.145 21.561
456 8.0 27.253 21.460
468 8.0 27.201 21.401
