0 1.0 20.467 11.255
12 1.0 20.334 11.255
24 1.0 20.334 11.255
36 1.0 20.201 11.255
48 1.0 20.201 11.255
60 1.0 20.090 11.255
72 1.0 19.979 11.255
84 1.0 19.979 11.255
96 1.0 19.994 11.247
108 1.0 19.798 11.417
120 1.0 19.707 11.450
132 1.0 19.186 11.361
144 1.0 19.139 11.771
156 1.0 18.826 11.792
168 1.0 18.874 11.670
180 1.0 19.278 11.851
192 1.0 18.327 11.983
204 1.0 18.268 12.115
216 1.0 18.543 12.244
228 1.0 18.087 12.319
0 3.0 -25.906 13.519
12 3.0 -23.486 13.807
24 3.0 -21.310 14.429
36 3.0 -18.735 14.829
48 3.0 -16.538 15.517
60 3.0 -14.340 16.227
72 3.0 -12.120 17.337
84 3.0 -9.923 18.536
96 3.0 -20.806 14.232
108 3.0 -21.931 13.966
120 3.0 -21.916 14.041
132 3.0 -21.034 13.528
144 3.0 -21.089 13.600
156 3.0 -20.470 13.538
168 3.0 -20.358 12.851
180 3.0 -21.282 13.960
192 3.0 -19.371 12.800
204 3.0 -19.771 13.186
216 3.0 -21.684 13.977
228 3.0 -22.290 14.552
0 5.0 5.372 11.565
12 5.0 2.908 11.255
24 5.0 1.066 11.166
36 5.0 -0.755 11.033
48 5.0 -2.575 10.855
60 5.0 -4.440 10.744
72 5.0 -6.260 10.744
84 5.0 -8.080 10.633
96 5.0 -0.825 11.511
108 5.0 1.002 12.923
120 5.0 1.629 12.932
132 5.0 -0.086 12.785
144 5.0 0.697 12.920
156 5.0 -1.943 14.433
168 5.0 0.197 14.673
180 5.0 -2.331 14.638
192 5.0 -1.276 13.552
204 5.0 -0.500 14.268
216 5.0 -0.851 14.503
228 5.0 -0.821 14.691
0 7.0 12.143 16.782
12 7.0 12.387 16.582
24 7.0 12.764 16.382
36 7.0 12.986 16.294
48 7.0 13.363 16.072
60 7.0 13.608 15.983
72 7.0 13.985 15.783
84 7.0 14.340 15.672
96 7.0 13.928 15.819
108 7.0 14.670 15.654
120 7.0 15.219 15.303
132 7.0 15.249 15.118
144 7.0 15.596 15.046
156 7.0 15.666 14.926
168 7.0 16.480 14.612
180 7.0 16.914 14.476
192 7.0 17.313 14.330
204 7.0 18.329 13.517
216 7.0 18.032 13.875
228 7.0 17.732 13.837
0 9.0 12.098 4.706
12 9.0 13.075 5.217
24 9.0 14.163 5.705
36 9.0 15.250 6.216
48 9.0 16.360 6.815
60 9.0 17.470 7.325
72 9.0 18.558 7.836
84 9.0 19.646 8.324
96 9.0 14.868 6.633
108 9.0 14.650 6.902
120 9.0 14.800 5.871
132 9.0 14.918 6.465
144 9.0 14.769 5.917
156 9.0 14.244 6.981
168 9.0 14.330 6.320
180 9.0 14.283 7.330
192 9.0 13.791 6.908
204 9.0 14.032 6.582
216 9.0 13.920 6.532
228 9.0 14.055 6.662
192 0.0 -30.478 13.608
204 0.0 -28.747 13.918
216 0.0 -27.060 14.207
228 0.0 -25.328 14.518
240 0.0 -23.508 14.829
252 0.0 -21.777 15.228
264 0.0 -19.823 15.428
276 0.0 -17.870 15.539
288 0.0 -26.350 14.009
300 0.0 -26.245 14.658
312 0.0 -25.120 13.674
324 0.0 -25.800 14.453
336 0.0 -24.968 13.566
348 0.0 -25.364 13.389
360 0.0 -24.714 13.583
372 0.0 -25.553 13.997
384 0.0 -25.163 13.217
396 0.0 -24.533 12.913
408 0.0 -25.392 13.684
420 0.0 -25.495 14.269
240 2.0 19.601 11.055
252 2.0 19.601 11.055
264 2.0 19.601 11.144
276 2.0 19.601 11.144
288 2.0 19.490 11.144
300 2.0 19.490 11.144
312 2.0 19.490 11.255
324 2.0 19.490 11.255
336 2.0 19.437 11.330
348 2.0 19.441 11.381
360 2.0 19.462 11.268
372 2.0 19.463 11.329
384 2.0 19.569 11.336
396 2.0 19.572 11.341
408 2.0 19.731 11.301
420 2.0 19.771 11.346
432 2.0 19.875 11.491
444 2.0 19.692 11.336
456 2.0 19.711 11.378
468 2.0 19.857 11.527
240 4.0 -6.435 21.047
252 4.0 -6.767 20.840
264 4.0 -7.099 20.633
276 4.0 -7.431 20.427
288 4.0 -7.763 20.220
300 4.0 -8.095 20.013
312 4.0 -8.427 19.806
324 4.0 -8.759 19.599
336 4.0 -8.447 21.241
348 4.0 -8.638 20.893
360 4.0 -8.503 20.885
372 4.0 -8.656 20.439
384 4.0 -8.104 20.401
396 4.0 -9.176 20.216
408 4.0 -9.218 20.356
420 4.0 -9.736 20.696
432 4.0 -10.182 20.048
444 4.0 -10.370 19.989
456 4.0 -9.532 20.118
468 4.0 -9.742 20.124
240 6.0 -29.259 8.520
252 6.0 -27.797 8.646
264 6.0 -26.335 8.772
276 6.0 -24.873 8.899
288 6.0 -23.410 9.025
300 6.0 -21.948 9.152
312 6.0 -20.486 9.278
324 6.0 -19.024 9.405
336 6.0 -24.464 9.521
348 6.0 -22.993 8.115
360 6.0 -24.415 9.022
372 6.0 -24.717 8.730
384 6.0 -24.685 9.223
396 6.0 -24.432 8.786
408 6.0 -24.768 9.211
420 6.0 -23.931 8.161
432 6.0 -24.185 7.809
444 6.0 -23.241 8.458
456 6.0 -24.142 8.774
468 6.0 -24.175 8.867
240 8.0 19.246 13.452
252 8.0 19.601 13.363
264 8.0 19.956 13.164
276 8.0 20.445 13.053
288 8.0 20.822 12.964
300 8.0 21.310 12.875
312 8.0 21.799 12.764
324 8.0 22.287 12.653
336 8.0 22.540 12.481
348 8.0 22.713 12.270
360 8.0 23.044 12.282
372 8.0 23.026 11.918
384 8.0 24.479 11.668
396 8.0 26.006 10.884
408 8.0 25.420 10.890
420 8.0 23.571 11.545
432 8.0 22.200 12.330
444 8.0 24.746 11.219
456 8.0 25.270 10.907
468 8.0 24.514 11.499
240 10.0 34.829 13.252
252 10.0 36.161 13.474
264 10.0 37.515 13.763
276 10.0 38.736 14.052
288 10.0 40.068 14.362
300 10.0 41.444 14.673
312 10.0 42.776 14.873
324 10.0 44.241 15.073
336 10.0 39.722 13.631
348 10.0 38.762 14.706
360 10.0 40.781 12.564
372 10.0 39.472 13.529
384 10.0 39.160 12.775
396 10.0 40.745 13.302
408 10.0 39.880 13.709
420 10.0 39.605 12.290
432 10.0 38.723 13.503
444 10.0 39.899 13.455
456 10.0 40.011 14.088
468 10.0 41.294 13.354
276 11.0 54.386 -21.310
288 11.0 53.720 -21.111
300 11.0 53.720 -20.711
312 11.0 53.720 -20.289
324 11.0 53.587 -19.801
336 11.0 53.587 -19.401
348 11.0 53.587 -18.980
360 11.0 53.587 -18.580
372 11.0 52.984 -18.889
384 11.0 52.691 -18.714
396 11.0 52.301 -18.475
408 11.0 52.041 -18.964
420 11.0 51.480 -18.588
432 11.0 51.103 -18.026
444 11.0 50.815 -17.632
456 11.0 50.635 -17.367
468 11.0 50.984 -17.349
480 11.0 50.697 -16.774
492 11.0 49.928 -15.940
504 11.0 48.859 -16.323
