0 32.0 13.493 39.901
12 32.0 13.493 39.751
24 32.0 13.493 39.602
36 32.0 13.493 39.528
48 32.0 13.567 39.453
60 32.0 13.567 39.304
72 32.0 13.567 39.230
84 32.0 13.605 39.155
96 32.0 13.540 39.226
108 32.0 13.573 39.186
120 32.0 13.511 38.831
132 32.0 13.684 38.398
144 32.0 13.537 38.902
156 32.0 13.269 38.048
168 32.0 13.387 37.523
180 32.0 13.279 36.902
192 32.0 13.184 37.424
204 32.0 13.261 36.725
216 32.0 13.192 36.615
228 32.0 13.093 35.938
0 36.0 2.497 -8.815
12 36.0 2.497 -8.815
24 36.0 2.497 -8.815
36 36.0 2.497 -8.815
48 36.0 2.497 -8.815
60 36.0 2.497 -8.815
72 36.0 2.497 -8.815
84 36.0 2.497 -8.815
96 36.0 2.451 -8.787
108 36.0 2.435 -8.733
120 36.0 2.389 -8.738
132 36.0 2.430 -8.802
144 36.0 2.514 -8.696
156 36.0 2.480 -8.623
168 36.0 2.550 -8.743
180 36.0 2.529 -8.670
192 36.0 2.527 -8.634
204 36.0 2.505 -8.616
216 36.0 2.518 -8.500
228 36.0 2.499 -8.537
0 89.0 14.294 38.782
12 89.0 14.294 38.596
24 89.0 14.294 38.596
36 89.0 14.294 38.596
48 89.0 14.294 38.521
60 89.0 14.294 38.521
72 89.0 14.294 38.447
84 89.0 14.294 38.447
96 89.0 14.144 38.444
108 89.0 14.301 38.461
120 89.0 14.245 38.719
132 89.0 14.243 38.766
144 89.0 14.263 38.858
156 89.0 14.237 38.859
168 89.0 14.274 38.836
180 89.0 14.213 38.919
192 89.0 14.213 38.934
204 89.0 14.262 38.802
216 89.0 14.338 38.712
228 89.0 14.306 38.745
0 91.0 -4.380 17.854
12 91.0 -3.895 17.388
24 91.0 -3.261 17.239
36 91.0 -2.665 17.239
48 91.0 -2.031 17.239
60 91.0 -1.360 17.239
72 91.0 -0.727 17.090
84 91.0 -0.242 17.090
96 91.0 -0.897 17.353
108 91.0 -1.180 17.116
120 91.0 -0.717 17.068
132 91.0 0.156 16.113
144 91.0 0.689 16.748
156 91.0 -0.210 16.969
168 91.0 1.408 17.231
180 91.0 1.357 17.114
192 91.0 2.698 16.230
204 91.0 2.143 17.235
216 91.0 1.272 16.367
228 91.0 0.408 16.598
0 93.0 -7.119 48.268
12 93.0 -7.194 47.802
24 93.0 -7.194 47.355
36 93.0 -7.045 46.889
48 93.0 -6.709 46.274
60 93.0 -6.299 45.827
72 93.0 -5.945 45.342
84 93.0 -5.591 44.746
96 93.0 -6.109 44.462
108 93.0 -6.117 43.814
120 93.0 -5.921 44.455
132 93.0 -5.919 43.665
144 93.0 -5.513 43.153
156 93.0 -5.387 41.729
168 93.0 -5.178 42.380
180 93.0 -4.874 41.952
192 93.0 -4.230 39.619
204 93.0 -4.828 38.274
216 93.0 -5.229 36.154
228 93.0 -4.658 36.784
0 95.0 -9.915 43.516
12 95.0 -9.579 44.597
24 95.0 -9.244 45.827
36 95.0 -8.834 46.889
48 95.0 -8.424 48.101
60 95.0 -7.939 49.331
72 95.0 -7.455 50.486
84 95.0 -7.045 51.716
96 95.0 -8.018 49.647
108 95.0 -7.736 48.368
120 95.0 -7.659 49.913
132 95.0 -7.615 49.831
144 95.0 -7.278 50.019
156 95.0 -7.017 49.851
168 95.0 -7.970 47.876
180 95.0 -7.196 49.051
192 95.0 -8.039 46.462
204 95.0 -7.484 49.291
216 95.0 -6.817 47.683
228 95.0 -8.300 50.932
24 97.0 -25.867 19.848
36 97.0 -25.047 19.848
48 97.0 -24.283 19.848
60 97.0 -23.463 19.848
72 97.0 -22.718 19.848
84 97.0 -21.898 19.848
96 97.0 -21.134 19.699
108 97.0 -20.388 19.699
120 97.0 -21.609 20.065
132 97.0 -23.551 20.008
144 97.0 -23.160 19.881
156 97.0 -21.614 19.289
168 97.0 -20.872 19.002
180 97.0 -21.390 18.719
192 97.0 -20.299 19.212
204 97.0 -20.349 19.128
216 97.0 -20.737 19.894
228 97.0 -20.739 18.616
240 97.0 -19.855 19.041
252 97.0 -18.778 17.818
180 99.0 -18.413 -13.400
192 99.0 -18.711 -12.952
204 99.0 -18.897 -12.468
216 99.0 -19.121 -12.020
228 99.0 -19.307 -11.424
240 99.0 -19.382 -10.940
252 99.0 -19.382 -10.343
264 99.0 -19.382 -9.877
276 99.0 -19.323 -10.559
288 99.0 -19.440 -11.479
300 99.0 -19.706 -11.043
312 99.0 -20.146 -10.508
324 99.0 -20.242 -10.775
336 99.0 -20.189 -10.244
348 99.0 -20.693 -10.103
360 99.0 -20.951 -9.546
372 99.0 -21.964 -9.307
384 99.0 -21.117 -9.334
396 99.0 -21.676 -8.617
408 99.0 -22.154 -8.355
228 100.0 -18.338 -13.250
240 100.0 -18.636 -12.952
252 100.0 -18.711 -12.486
264 100.0 -18.785 -11.946
276 100.0 -18.841 -11.499
288 100.0 -18.897 -10.940
300 100.0 -18.972 -10.492
312 100.0 -19.009 -10.045
324 100.0 -18.701 -9.555
336 100.0 -18.653 -9.894
348 100.0 -18.713 -9.920
360 100.0 -18.874 -10.000
372 100.0 -18.537 -9.565
384 100.0 -18.672 -8.892
396 100.0 -18.873 -7.359
408 100.0 -18.767 -7.881
420 100.0 -18.695 -6.624
432 100.0 -18.071 -6.669
444 100.0 -18.358 -5.349
456 100.0 -18.738 -7.155
240 33.0 13.847 37.701
252 33.0 13.865 37.701
264 33.0 13.865 37.552
276 33.0 13.865 37.403
288 33.0 13.903 37.310
300 33.0 13.940 37.217
312 33.0 13.940 37.068
324 33.0 13.940 36.993
336 33.0 14.092 37.277
348 33.0 14.022 37.259
360 33.0 13.979 37.153
372 33.0 13.993 37.048
384 33.0 13.988 36.939
396 33.0 13.977 37.185
408 33.0 13.958 36.985
420 33.0 13.851 37.045
432 33.0 13.951 37.011
444 33.0 14.029 36.928
456 33.0 13.959 36.940
468 33.0 13.990 37.003
240 37.0 2.497 -8.815
252 37.0 2.497 -8.815
264 37.0 2.497 -8.815
276 37.0 2.497 -8.815
288 37.0 2.497 -8.815
300 37.0 2.497 -8.815
312 37.0 2.497 -8.815
324 37.0 2.497 -8.815
336 37.0 2.572 -8.745
348 37.0 2.543 -8.733
360 37.0 2.538 -8.691
372 37.0 2.644 -8.849
384 37.0 2.642 -8.843
396 37.0 2.622 -8.806
408 37.0 2.515 -8.817
420 37.0 2.558 -8.810
432 37.0 2.510 -8.944
444 37.0 2.492 -8.964
456 37.0 2.544 -8.837
468 37.0 2.532 -8.892
240 90.0 14.406 38.000
252 90.0 14.406 37.925
264 90.0 14.406 37.925
276 90.0 14.406 37.925
288 90.0 14.406 37.851
300 90.0 14.406 37.851
312 90.0 14.406 37.776
324 90.0 14.425 37.776
336 90.0 14.477 37.836
348 90.0 14.498 37.898
360 90.0 14.389 37.689
372 90.0 14.529 37.681
384 90.0 14.510 37.674
396 90.0 14.556 37.571
408 90.0 14.609 37.819
420 90.0 14.648 37.604
432 90.0 14.733 37.726
444 90.0 14.802 37.639
456 90.0 14.785 37.718
468 90.0 14.843 37.949
240 92.0 6.591 16.942
252 92.0 6.286 16.954
264 92.0 5.981 16.966
276 92.0 5.676 16.978
288 92.0 5.371 16.990
300 92.0 5.066 17.003
312 92.0 4.762 17.015
324 92.0 4.457 17.027
336 92.0 4.454 17.658
348 92.0 4.778 17.340
360 92.0 3.809 17.754
372 92.0 4.193 17.398
384 92.0 3.889 17.862
396 92.0 3.051 18.348
408 92.0 2.310 18.369
420 92.0 2.074 18.857
432 92.0 2.209 18.824
444 92.0 1.530 18.986
456 92.0 1.887 19.293
468 92.0 1.727 19.183
240 94.0 -1.752 48.734
252 94.0 -1.565 49.181
264 94.0 -1.342 49.647
276 94.0 -1.155 50.113
288 94.0 -0.932 50.561
300 94.0 -0.745 51.026
312 94.0 -0.522 51.492
324 94.0 -0.373 51.865
336 94.0 -0.418 52.060
348 94.0 -0.287 52.646
360 94.0 -1.010 52.330
372 94.0 -0.958 51.873
384 94.0 -0.448 51.712
396 94.0 -0.235 54.167
408 94.0 -0.548 53.070
420 94.0 -0.595 53.575
432 94.0 -1.397 53.057
444 94.0 -0.190 55.253
456 94.0 -0.209 55.267
468 94.0 -0.663 54.261
240 96.0 -6.814 52.214
252 96.0 -6.812 52.218
264 96.0 -6.810 52.222
276 96.0 -6.808 52.226
288 96.0 -6.806 52.230
300 96.0 -6.804 52.234
312 96.0 -6.802 52.239
324 96.0 -6.800 52.243
336 96.0 -6.793 52.103
348 96.0 -6.796 52.195
360 96.0 -6.784 52.216
372 96.0 -6.785 52.152
384 96.0 -6.713 52.222
396 96.0 -6.657 52.179
408 96.0 -6.801 52.202
420 96.0 -6.753 52.209
432 96.0 -6.776 52.145
444 96.0 -6.759 52.215
456 96.0 -6.758 52.118
468 96.0 -6.843 52.141
264 98.0 -10.157 19.699
276 98.0 -9.411 19.699
288 98.0 -8.591 19.699
300 98.0 -7.827 19.699
312 98.0 -7.007 19.699
324 98.0 -6.243 19.699
336 98.0 -5.423 19.699
348 98.0 -4.473 19.699
360 98.0 -6.233 20.034
372 98.0 -6.044 19.271
384 98.0 -6.646 20.316
396 98.0 -6.015 19.349
408 98.0 -6.696 19.690
420 98.0 -5.134 19.320
432 98.0 -5.506 19.051
444 98.0 -5.531 19.358
456 98.0 -4.988 19.288
468 98.0 -4.699 20.115
480 98.0 -6.045 19.754
492 98.0 -4.743 19.867
276 7.0 -3.988 -13.921
288 7.0 -4.137 -13.474
300 7.0 -4.193 -13.027
312 7.0 -4.324 -12.393
324 7.0 -4.473 -11.946
336 7.0 -4.547 -11.499
348 7.0 -4.678 -11.014
360 7.0 -4.734 -10.567
372 7.0 -4.772 -11.413
384 7.0 -4.048 -10.764
396 7.0 -4.314 -10.691
408 7.0 -4.399 -10.147
420 7.0 -4.253 -9.410
432 7.0 -4.386 -8.793
444 7.0 -4.499 -9.658
456 7.0 -4.303 -8.158
468 7.0 -4.391 -8.225
480 7.0 -4.180 -7.868
492 7.0 -4.051 -8.327
504 7.0 -4.372 -6.910
276 26.0 -5.088 -14.089
288 26.0 -5.144 -13.623
300 26.0 -5.293 -13.250
312 26.0 -5.367 -12.803
324 26.0 -5.442 -12.319
336 26.0 -5.535 -11.871
348 26.0 -5.628 -11.499
360 26.0 -5.703 -11.014
372 26.0 -5.599 -10.186
384 26.0 -5.410 -9.601
396 26.0 -5.539 -9.320
408 26.0 -5.172 -7.793
420 26.0 -5.256 -7.744
432 26.0 -5.121 -6.474
444 26.0 -5.473 -4.918
456 26.0 -5.875 -7.918
468 26.0 -5.526 -6.757
480 26.0 -6.076 -8.755
492 26.0 -5.938 -4.921
504 26.0 -5.444 -7.709
480 34.0 14.760 35.018
492 34.0 14.909 34.869
504 34.0 14.835 34.869
516 34.0 14.667 35.018
528 34.0 14.499 35.241
540 34.0 14.387 35.465
552 34.0 14.220 35.689
564 34.0 14.015 35.856
576 34.0 14.033 35.933
588 34.0 13.697 35.930
600 34.0 13.697 36.162
612 34.0 13.535 35.927
624 34.0 13.263 35.927
636 34.0 12.847 36.414
648 34.0 12.757 36.705
660 34.0 12.044 37.008
672 34.0 12.060 36.829
684 34.0 11.957 37.181
696 34.0 11.057 37.551
708 34.0 11.034 37.586
480 38.0 2.497 -8.815
492 38.0 2.497 -8.815
504 38.0 2.460 -8.890
516 38.0 2.460 -8.890
528 38.0 2.460 -8.890
540 38.0 2.460 -8.890
552 38.0 2.460 -8.890
564 38.0 2.460 -8.890
576 38.0 2.459 -8.855
588 38.0 2.454 -8.844
600 38.0 2.535 -8.804
612 38.0 2.493 -8.741
624 38.0 2.524 -8.803
636 38.0 2.506 -8.826
648 38.0 2.473 -8.837
660 38.0 2.502 -8.885
672 38.0 2.473 -8.820
684 38.0 2.447 -8.797
696 38.0 2.476 -8.761
708 38.0 2.431 -8.760
504 31.0 -20.370 1.062
516 31.0 -20.668 1.547
528 31.0 -21.003 1.994
540 31.0 -21.264 2.441
552 31.0 -21.618 2.926
564 31.0 -21.898 3.373
576 31.0 -22.233 3.820
588 31.0 -22.569 4.156
600 31.0 -22.570 3.578
612 31.0 -23.036 3.658
624 31.0 -22.781 3.768
636 31.0 -23.542 4.097
648 31.0 -24.427 4.490
660 31.0 -24.869 4.545
672 31.0 -25.324 5.234
684 31.0 -24.805 4.737
696 31.0 -26.544 5.736
708 31.0 -25.975 5.653
720 31.0 -25.873 5.161
732 31.0 -28.561 7.032
504 145.0 14.555 36.621
516 145.0 14.220 36.621
528 145.0 13.884 36.621
540 145.0 13.549 36.621
552 145.0 13.195 36.621
564 145.0 12.840 36.621
576 145.0 12.654 36.770
588 145.0 12.430 36.770
600 145.0 11.944 37.162
612 145.0 11.352 37.464
624 145.0 11.466 37.423
636 145.0 11.563 37.194
648 145.0 11.547 37.871
660 145.0 11.177 37.914
672 145.0 10.922 38.132
684 145.0 9.389 38.955
696 145.0 9.420 38.724
708 145.0 9.357 38.223
720 145.0 8.710 39.450
732 145.0 8.057 39.678
516 8.0 -6.299 -4.119
528 8.0 -6.485 -3.597
540 8.0 -6.709 -3.150
552 8.0 -6.933 -2.665
564 8.0 -7.156 -2.143
576 8.0 -7.343 -1.677
588 8.0 -7.678 -1.286
600 8.0 -7.976 -0.988
612 8.0 -8.235 -0.978
624 8.0 -8.469 -0.975
636 8.0 -8.517 -0.759
648 8.0 -9.582 -0.814
660 8.0 -10.263 -0.158
672 8.0 -10.233 -0.220
684 8.0 -11.117 -0.672
696 8.0 -10.592 0.211
708 8.0 -11.361 0.211
720 8.0 -12.973 0.454
732 8.0 -11.312 1.148
744 8.0 -12.871 1.404
516 27.0 -7.045 -5.200
528 27.0 -7.305 -4.603
540 27.0 -7.529 -4.119
552 27.0 -7.753 -3.671
564 27.0 -8.051 -3.056
576 27.0 -8.237 -2.590
588 27.0 -8.517 -2.143
600 27.0 -8.796 -1.677
612 27.0 -8.935 -1.975
624 27.0 -9.891 -1.583
636 27.0 -10.477 -1.720
648 27.0 -10.516 -1.065
660 27.0 -9.755 -1.337
672 27.0 -11.098 -0.336
684 27.0 -11.614 -0.913
696 27.0 -11.382 -1.568
708 27.0 -12.742 -0.560
720 27.0 -12.772 -0.271
732 27.0 -12.673 0.095
744 27.0 -13.341 -0.170
720 35.0 9.970 40.460
732 35.0 9.635 40.609
744 35.0 9.355 40.907
756 35.0 9.001 41.056
768 35.0 8.666 41.205
780 35.0 8.330 41.522
792 35.0 7.920 41.839
804 35.0 7.566 42.137
816 35.0 7.797 41.834
828 35.0 6.868 42.053
840 35.0 6.501 42.643
852 35.0 6.207 42.865
864 35.0 5.515 43.481
876 35.0 4.664 43.609
888 35.0 5.326 43.382
900 35.0 3.858 44.077
912 35.0 3.385 44.388
924 35.0 4.391 43.688
936 35.0 4.069 44.640
948 35.0 3.926 45.632
720 39.0 2.460 -8.964
732 39.0 2.460 -8.964
744 39.0 2.460 -8.964
756 39.0 2.460 -8.964
768 39.0 2.460 -8.964
780 39.0 2.460 -8.964
792 39.0 2.460 -8.964
804 39.0 2.460 -8.964
816 39.0 2.448 -8.926
828 39.0 2.467 -8.879
840 39.0 2.512 -8.916
852 39.0 2.470 -8.894
864 39.0 2.428 -8.886
876 39.0 2.465 -8.831
888 39.0 2.480 -8.855
900 39.0 2.419 -8.877
912 39.0 2.391 -8.906
924 39.0 2.417 -8.891
936 39.0 2.386 -8.936
948 39.0 2.418 -8.924
744 64.0 4.845 14.033
756 64.0 4.510 13.884
768 64.0 4.175 13.716
780 64.0 3.839 13.716
792 64.0 3.504 13.549
804 64.0 3.131 13.400
816 64.0 2.795 13.250
828 64.0 2.535 13.101
840 64.0 2.490 13.609
852 64.0 3.395 13.877
864 64.0 2.769 13.816
876 64.0 2.078 13.875
888 64.0 1.426 13.891
900 64.0 0.819 14.353
912 64.0 0.930 14.014
924 64.0 1.065 14.054
936 64.0 0.909 13.809
948 64.0 0.374 14.224
960 64.0 -1.440 14.328
972 64.0 -1.112 14.200
744 146.0 8.051 39.230
756 146.0 7.566 39.528
768 146.0 7.156 39.677
780 146.0 6.802 39.826
792 146.0 6.541 40.143
804 146.0 6.336 40.311
816 146.0 6.057 40.460
828 146.0 5.796 40.609
840 146.0 6.006 40.572
852 146.0 5.061 41.223
864 146.0 5.060 41.174
876 146.0 4.555 41.522
888 146.0 4.669 41.480
900 146.0 4.640 41.248
912 146.0 3.423 41.868
924 146.0 2.612 42.635
936 146.0 2.068 42.360
948 146.0 2.714 42.109
960 146.0 2.548 42.810
972 146.0 1.515 43.112
756 9.0 -12.635 3.448
768 9.0 -13.045 3.746
780 9.0 -13.455 4.063
792 9.0 -13.865 4.380
804 9.0 -14.275 4.827
816 9.0 -14.611 5.125
828 9.0 -15.021 5.442
840 9.0 -15.431 5.759
852 9.0 -15.241 5.537
864 9.0 -15.855 5.714
876 9.0 -16.856 6.210
888 9.0 -17.185 6.443
900 9.0 -17.607 6.927
912 9.0 -18.323 7.101
924 9.0 -18.245 7.105
936 9.0 -19.470 7.044
948 9.0 -19.606 8.280
960 9.0 -17.250 7.176
972 9.0 -19.276 8.209
984 9.0 -20.542 8.526
756 28.0 -13.195 2.609
768 28.0 -13.605 2.926
780 28.0 -13.940 3.224
792 28.0 -14.350 3.522
804 28.0 -14.760 3.820
816 28.0 -15.170 4.156
828 28.0 -15.505 4.454
840 28.0 -15.915 4.752
852 28.0 -15.820 4.450
864 28.0 -16.664 5.100
876 28.0 -16.529 4.982
888 28.0 -17.726 5.363
900 28.0 -17.062 5.260
912 28.0 -17.932 5.778
924 28.0 -18.764 5.784
936 28.0 -20.402 7.045
948 28.0 -18.913 6.446
960 28.0 -19.258 6.579
972 28.0 -18.158 5.860
984 28.0 -19.614 6.233
984 65.0 0.820 9.747
996 65.0 0.820 9.262
1008 65.0 0.783 8.890
1020 65.0 0.783 8.424
1032 65.0 0.745 7.976
1044 65.0 0.745 7.510
1056 65.0 0.745 7.119
1068 65.0 0.708 6.597
1080 65.0 0.676 5.873
1092 65.0 0.525 5.287
1104 65.0 0.338 5.233
1116 65.0 0.547 4.435
1128 65.0 0.504 3.765
1140 65.0 0.371 3.030
1152 65.0 0.573 2.264
1164 65.0 0.487 2.265
1176 65.0 0.759 2.210
1188 65.0 0.153 1.415
1200 65.0 0.325 0.938
1212 65.0 0.624 1.975
984 147.0 4.007 41.839
996 147.0 4.007 41.839
1008 147.0 4.268 41.596
1020 147.0 4.752 41.447
1032 147.0 5.069 41.373
1044 147.0 5.069 41.373
1056 147.0 4.995 41.522
1068 147.0 4.920 41.671
1080 147.0 5.009 41.549
1092 147.0 5.170 41.449
1104 147.0 5.598 41.208
1116 147.0 5.717 41.369
1128 147.0 6.069 40.956
1140 147.0 5.831 41.138
1152 147.0 6.059 41.199
1164 147.0 6.899 40.690
1176 147.0 6.692 40.880
1188 147.0 7.886 40.576
1200 147.0 7.868 40.491
1212 147.0 8.044 40.631
996 101.0 2.963 -5.144
1008 101.0 2.590 -5.889
1020 101.0 2.590 -5.889
1032 101.0 2.590 -5.889
1044 101.0 2.516 -5.889
1056 101.0 2.516 -5.889
1068 101.0 2.516 -5.889
1080 101.0 2.460 -5.889
1092 101.0 2.094 -6.472
1104 101.0 2.342 -6.766
1116 101.0 2.399 -7.048
1128 101.0 2.205 -7.232
1140 101.0 2.191 -7.599
1152 101.0 2.233 -8.055
1164 101.0 2.296 -8.858
1176 101.0 2.197 -10.400
1188 101.0 2.538 -10.069
1200 101.0 2.391 -11.216
1212 101.0 2.766 -11.066
1224 101.0 2.536 -12.331
1188 55.0 -5.367 -14.480
1200 55.0 -5.870 -14.331
1212 55.0 -6.225 -14.015
1224 55.0 -6.560 -13.549
1236 55.0 -6.895 -13.250
1248 55.0 -7.250 -12.952
1260 55.0 -7.604 -12.635
1272 55.0 -7.939 -12.170
1284 55.0 -8.135 -11.847
1296 55.0 -8.458 -12.135
1308 55.0 -9.133 -11.879
1320 55.0 -8.998 -11.941
1332 55.0 -9.263 -11.524
1344 55.0 -10.178 -11.172
1356 55.0 -10.132 -11.168
1368 55.0 -11.007 -10.981
1380 55.0 -11.551 -11.055
1392 55.0 -11.730 -10.718
1404 55.0 -12.151 -10.576
1416 55.0 -11.422 -10.858
1200 50.0 -4.883 -14.089
1212 50.0 -5.218 -13.791
1224 50.0 -5.572 -13.493
1236 50.0 -5.908 -13.157
1248 50.0 -6.262 -13.008
1260 50.0 -6.597 -12.710
1272 50.0 -7.007 -12.412
1284 50.0 -7.343 -12.114
1296 50.0 -8.243 -11.643
1308 50.0 -7.964 -11.481
1320 50.0 -8.445 -11.093
1332 50.0 -9.650 -11.133
1344 50.0 -9.449 -10.752
1356 50.0 -10.283 -10.854
1368 50.0 -10.256 -10.645
1380 50.0 -11.391 -9.763
1392 50.0 -10.276 -10.333
1404 50.0 -9.120 -10.415
1416 50.0 -11.538 -8.887
1428 50.0 -12.913 -8.989
1200 53.0 -5.945 -14.015
1212 53.0 -6.280 -13.716
1224 53.0 -6.635 -13.418
1236 53.0 -6.970 -13.083
1248 53.0 -7.324 -12.785
1260 53.0 -7.660 -12.486
1272 53.0 -7.995 -12.039
1284 53.0 -8.275 -11.704
1296 53.0 -8.574 -11.979
1308 53.0 -9.386 -11.620
1320 53.0 -9.133 -11.582
1332 53.0 -9.719 -11.310
1344 53.0 -9.924 -11.294
1356 53.0 -10.249 -11.225
1368 53.0 -10.768 -10.759
1380 53.0 -11.208 -10.327
1392 53.0 -12.295 -9.997
1404 53.0 -12.366 -9.975
1416 53.0 -11.390 -10.313
1428 53.0 -12.390 -10.076
1224 66.0 -0.075 1.249
1236 66.0 -0.298 0.913
1248 66.0 -0.485 0.615
1260 66.0 -0.634 0.317
1272 66.0 -0.969 -0.130
1284 66.0 -1.249 -0.466
1296 66.0 -1.528 -0.764
1308 66.0 -1.789 -1.062
1320 66.0 -1.774 -0.171
1332 66.0 -1.742 -0.508
1344 66.0 -1.978 -0.675
1356 66.0 -1.889 -1.011
1368 66.0 -2.184 -0.740
1380 66.0 -2.394 -0.464
1392 66.0 -2.286 -0.663
1404 66.0 -2.895 -1.113
1416 66.0 -3.551 -1.187
1428 66.0 -3.403 -0.603
1440 66.0 -3.403 -0.678
1452 66.0 -3.959 -1.036
1224 148.0 4.510 42.752
1236 148.0 4.510 42.752
1248 148.0 4.510 42.752
1260 148.0 4.510 42.752
1272 148.0 4.510 42.752
1284 148.0 4.510 42.752
1296 148.0 4.510 42.752
1308 148.0 4.510 42.752
1320 148.0 4.588 42.704
1332 148.0 4.576 42.671
1344 148.0 4.629 42.748
1356 148.0 4.605 42.796
1368 148.0 4.611 42.734
1380 148.0 4.591 42.698
1392 148.0 4.568 42.710
1404 148.0 4.555 42.672
1416 148.0 4.558 42.683
1428 148.0 4.517 42.699
1440 148.0 4.515 42.613
1452 148.0 4.541 42.683
1236 102.0 2.180 -5.889
1248 102.0 2.180 -5.889
1260 102.0 2.180 -6.038
1272 102.0 2.106 -6.038
1284 102.0 2.106 -6.038
1296 102.0 2.106 -6.038
1308 102.0 2.031 -6.038
1320 102.0 2.031 -6.038
1332 102.0 2.056 -6.121
1344 102.0 2.029 -6.010
1356 102.0 2.113 -6.070
1368 102.0 2.150 -6.075
1380 102.0 2.161 -6.135
1392 102.0 2.174 -6.346
1404 102.0 2.251 -6.306
1416 102.0 2.375 -6.489
1428 102.0 2.210 -6.584
1440 102.0 2.306 -6.829
1452 102.0 2.420 -6.720
1464 102.0 2.391 -6.670
1428 56.0 -12.393 -7.734
1440 56.0 -12.747 -7.436
1452 56.0 -13.083 -6.970
1464 56.0 -13.344 -6.653
1476 56.0 -13.698 -6.206
1488 56.0 -14.033 -5.889
1500 56.0 -14.313 -5.423
1512 56.0 -14.760 -5.125
1524 56.0 -14.881 -5.741
1536 56.0 -15.004 -5.832
1548 56.0 -15.497 -5.205
1560 56.0 -16.437 -4.665
1572 56.0 -16.588 -4.749
1584 56.0 -16.375 -4.635
1596 56.0 -17.218 -4.582
1608 56.0 -17.501 -4.145
1620 56.0 -17.591 -4.254
1632 56.0 -18.415 -3.632
1644 56.0 -19.672 -3.341
1656 56.0 -19.505 -3.599
1440 51.0 -11.815 -6.895
1452 51.0 -12.076 -6.597
1464 51.0 -12.430 -6.113
1476 51.0 -12.840 -5.815
1488 51.0 -13.250 -5.367
1500 51.0 -13.586 -4.883
1512 51.0 -13.940 -4.510
1524 51.0 -14.201 -4.063
1536 51.0 -14.658 -4.763
1548 51.0 -15.070 -4.064
1560 51.0 -15.515 -3.963
1572 51.0 -15.660 -3.786
1584 51.0 -15.999 -3.628
1596 51.0 -16.783 -3.434
1608 51.0 -16.895 -3.303
1620 51.0 -17.590 -2.998
1632 51.0 -17.752 -2.930
1644 51.0 -16.985 -3.315
1656 51.0 -16.612 -3.002
1668 51.0 -18.056 -2.718
1440 54.0 -12.598 -7.417
1452 54.0 -12.952 -6.970
1464 54.0 -13.288 -6.672
1476 54.0 -13.549 -6.336
1488 54.0 -13.903 -6.038
1500 54.0 -14.182 -5.591
1512 54.0 -14.518 -5.218
1524 54.0 -14.853 -4.808
1536 54.0 -15.634 -5.186
1548 54.0 -16.416 -4.688
1560 54.0 -16.367 -4.264
1572 54.0 -16.976 -4.358
1584 54.0 -16.458 -4.072
1596 54.0 -16.988 -3.633
1608 54.0 -18.008 -3.231
1620 54.0 -19.213 -2.529
1632 54.0 -18.058 -2.564
1644 54.0 -17.529 -2.973
1656 54.0 -15.451 -4.113
1668 54.0 -17.756 -2.849
1464 67.0 -5.367 -4.901
1476 67.0 -5.628 -5.050
1488 67.0 -5.908 -5.349
1500 67.0 -6.113 -5.498
1512 67.0 -6.187 -5.572
1524 67.0 -6.187 -5.572
1536 67.0 -6.262 -5.572
1548 67.0 -6.262 -5.572
1560 67.0 -6.373 -5.527
1572 67.0 -6.440 -5.830
1584 67.0 -6.123 -6.498
1596 67.0 -6.160 -7.129
1608 67.0 -6.169 -7.010
1620 67.0 -6.081 -8.412
1632 67.0 -6.282 -8.444
1644 67.0 -6.091 -8.847
1656 67.0 -5.774 -8.476
1668 67.0 -6.003 -9.401
1680 67.0 -5.885 -10.148
1692 67.0 -5.954 -10.270
1464 149.0 4.510 42.752
1476 149.0 4.510 42.752
1488 149.0 4.510 42.752
1500 149.0 4.510 42.752
1512 149.0 4.473 42.752
1524 149.0 4.473 42.826
1536 149.0 4.473 42.976
1548 149.0 4.435 43.050
1560 149.0 4.380 42.958
1572 149.0 4.343 42.975
1584 149.0 4.355 42.983
1596 149.0 4.320 42.976
1608 149.0 4.458 42.990
1620 149.0 4.387 42.916
1632 149.0 4.442 42.982
1644 149.0 4.447 42.944
1656 149.0 4.443 42.789
1668 149.0 4.408 42.714
1680 149.0 4.402 42.747
1692 149.0 4.281 42.753
1476 103.0 1.770 -6.038
1488 103.0 1.770 -6.038
1500 103.0 1.770 -6.038
1512 103.0 1.733 -6.038
1524 103.0 1.733 -6.038
1536 103.0 1.733 -5.964
1548 103.0 1.733 -5.889
1560 103.0 1.733 -5.889
1572 103.0 1.744 -5.912
1584 103.0 1.780 -6.009
1596 103.0 1.778 -6.064
1608 103.0 1.714 -6.136
1620 103.0 1.752 -6.156
1632 103.0 1.727 -6.168
1644 103.0 1.678 -6.017
1656 103.0 1.710 -6.025
1668 103.0 1.757 -6.098
1680 103.0 1.845 -6.122
1692 103.0 1.797 -6.112
1704 103.0 1.800 -6.062
1500 139.0 3.466 44.280
1512 139.0 3.466 44.280
1524 139.0 3.466 44.280
1536 139.0 3.466 44.280
1548 139.0 3.466 44.280
1560 139.0 3.466 44.280
1572 139.0 3.466 44.280
1584 139.0 3.466 44.280
1596 139.0 3.543 44.280
1608 139.0 3.508 44.179
1620 139.0 3.370 44.308
1632 139.0 3.404 44.280
1644 139.0 3.444 44.243
1656 139.0 3.472 44.280
1668 139.0 3.475 44.308
1680 139.0 3.540 44.325
1692 139.0 3.533 44.365
1704 139.0 3.575 44.346
1716 139.0 3.543 44.317
1728 139.0 3.616 44.242
1668 130.0 -25.811 15.915
1680 130.0 -25.588 14.872
1692 130.0 -25.178 14.257
1704 130.0 -24.842 13.791
1716 130.0 -24.432 13.325
1728 130.0 -24.022 12.729
1740 130.0 -23.612 12.263
1752 130.0 -23.277 11.797
1764 130.0 -23.137 11.500
1776 130.0 -23.289 11.406
1788 130.0 -23.332 11.389
1800 130.0 -23.121 9.920
1812 130.0 -22.782 11.224
1824 130.0 -22.500 8.706
1836 130.0 -23.732 9.607
1848 130.0 -23.131 7.857
1860 130.0 -23.908 7.549
1872 130.0 -23.669 10.198
1884 130.0 -22.765 5.787
1896 130.0 -22.589 7.829
1680 52.0 -18.245 1.994
1692 52.0 -18.655 2.292
1704 52.0 -19.028 2.777
1716 52.0 -19.438 3.075
1728 52.0 -19.773 3.522
1740 52.0 -20.183 3.820
1752 52.0 -20.593 4.305
1764 52.0 -20.929 4.603
1776 52.0 -21.584 4.514
1788 52.0 -22.028 4.579
1800 52.0 -22.734 4.953
1812 52.0 -22.665 4.816
1824 52.0 -22.846 5.367
1836 52.0 -23.571 5.279
1848 52.0 -23.691 5.638
1860 52.0 -24.081 5.765
1872 52.0 -24.485 5.603
1884 52.0 -23.535 6.040
1896 52.0 -22.578 5.602
1908 52.0 -25.224 7.427
1704 68.0 -6.597 -5.516
1716 68.0 -6.597 -5.516
1728 68.0 -6.635 -5.516
1740 68.0 -6.672 -5.516
1752 68.0 -6.709 -5.516
1764 68.0 -6.709 -5.516
1776 68.0 -6.746 -5.516
1788 68.0 -6.765 -5.516
1800 68.0 -6.901 -5.376
1812 68.0 -6.923 -5.436
1824 68.0 -6.730 -5.350
1836 68.0 -6.741 -5.408
1848 68.0 -6.719 -5.458
1860 68.0 -6.779 -5.457
1872 68.0 -6.706 -5.456
1884 68.0 -6.689 -5.542
1896 68.0 -6.702 -5.470
1908 68.0 -6.675 -5.442
1920 68.0 -6.667 -5.418
1932 68.0 -6.587 -5.497
1704 150.0 4.417 44.504
1716 150.0 4.417 44.597
1728 150.0 4.454 44.597
1740 150.0 4.454 44.429
1752 150.0 4.454 44.131
1764 150.0 4.454 43.982
1776 150.0 4.454 43.814
1788 150.0 4.529 43.516
1800 150.0 4.677 44.108
1812 150.0 4.698 44.035
1824 150.0 4.576 44.129
1836 150.0 4.582 44.024
1848 150.0 4.757 43.896
1860 150.0 4.705 44.377
1872 150.0 4.857 44.166
1884 150.0 5.084 44.014
1896 150.0 5.340 43.884
1908 150.0 5.411 43.642
1920 150.0 5.422 43.834
1932 150.0 5.534 43.887
1716 104.0 1.696 -5.293
1728 104.0 1.696 -5.144
1740 104.0 1.696 -5.144
1752 104.0 1.696 -5.050
1764 104.0 1.696 -5.050
1776 104.0 1.696 -4.957
1788 104.0 1.696 -4.883
1800 104.0 1.696 -4.883
1812 104.0 1.724 -4.745
1824 104.0 1.784 -5.030
1836 104.0 1.818 -5.228
1848 104.0 1.687 -5.121
1860 104.0 1.678 -5.027
1872 104.0 1.665 -5.029
1884 104.0 1.587 -4.982
1896 104.0 1.549 -5.050
1908 104.0 1.650 -4.955
1920 104.0 1.642 -5.012
1932 104.0 1.657 -5.076
1944 104.0 1.663 -5.120
1740 140.0 3.466 44.280
1752 140.0 3.466 44.280
1764 140.0 3.466 44.280
1776 140.0 3.466 44.280
1788 140.0 3.466 44.280
1800 140.0 3.466 44.280
1812 140.0 3.466 44.280
1824 140.0 3.466 44.280
1836 140.0 3.495 44.292
1848 140.0 3.529 44.322
1860 140.0 3.444 44.327
1872 140.0 3.461 44.333
1884 140.0 3.470 44.379
1896 140.0 3.419 44.285
1908 140.0 3.360 44.294
1920 140.0 3.307 44.368
1932 140.0 3.351 44.283
1944 140.0 3.299 44.309
1956 140.0 3.253 44.296
1968 140.0 3.439 44.350
1908 131.0 -20.798 3.839
1920 131.0 -20.724 3.075
1932 131.0 -20.593 2.460
1944 131.0 -20.519 1.845
1956 131.0 -20.370 1.230
1968 131.0 -20.370 0.615
1980 131.0 -20.314 -0.149
1992 131.0 -20.314 -0.764
2004 131.0 -20.380 -0.607
2016 131.0 -20.153 -1.080
2028 131.0 -20.493 -1.545
2040 131.0 -20.629 -1.784
2052 131.0 -20.248 -3.633
2064 131.0 -20.415 -3.709
2076 131.0 -20.482 -4.210
2088 131.0 -19.958 -5.246
2100 131.0 -20.131 -7.231
2112 131.0 -20.501 -4.534
2124 131.0 -20.426 -4.780
2136 131.0 -21.005 -4.128
1944 151.0 4.585 42.752
1956 151.0 4.585 42.752
1968 151.0 4.585 42.752
1980 151.0 4.585 42.752
1992 151.0 4.585 42.752
2004 151.0 4.529 42.752
2016 151.0 4.454 43.050
2028 151.0 4.380 43.292
2040 151.0 4.334 43.123
2052 151.0 4.379 43.050
2064 151.0 4.570 43.029
2076 151.0 4.617 42.837
2088 151.0 4.581 42.858
2100 151.0 4.584 42.856
2112 151.0 4.608 42.919
2124 151.0 4.588 42.916
2136 151.0 4.475 42.938
2148 151.0 4.464 42.913
2160 151.0 4.477 42.893
2172 151.0 4.493 42.921
1956 105.0 1.659 -4.212
1968 105.0 1.659 -4.212
1980 105.0 1.659 -4.137
1992 105.0 1.659 -4.137
2004 105.0 1.603 -3.988
2016 105.0 1.603 -3.820
2028 105.0 1.528 -3.522
2040 105.0 1.472 -3.355
2052 105.0 1.430 -3.275
2064 105.0 1.475 -3.631
2076 105.0 1.493 -3.814
2088 105.0 1.535 -3.716
2100 105.0 1.464 -3.537
2112 105.0 1.587 -3.440
2124 105.0 1.634 -3.489
2136 105.0 1.582 -3.321
2148 105.0 1.600 -3.138
2160 105.0 1.805 -2.885
2172 105.0 1.658 -2.747
2184 105.0 1.496 -2.805
1980 141.0 3.466 44.280
1992 141.0 3.466 44.280
2004 141.0 3.429 44.280
2016 141.0 3.429 44.280
2028 141.0 3.429 44.280
2040 141.0 3.429 44.280
2052 141.0 3.429 44.280
2064 141.0 3.429 44.280
2076 141.0 3.459 44.334
2088 141.0 3.515 44.361
2100 141.0 3.499 44.299
2112 141.0 3.474 44.288
2124 141.0 3.535 44.298
2136 141.0 3.544 44.305
2148 141.0 3.485 44.302
2160 141.0 3.476 44.323
2172 141.0 3.534 44.344
2184 141.0 3.533 44.402
2196 141.0 3.506 44.423
2208 141.0 3.451 44.412
2052 21.0 -18.264 -13.250
2064 21.0 -18.394 -12.635
2076 21.0 -18.450 -12.020
2088 21.0 -18.525 -11.405
2100 21.0 -18.599 -10.790
2112 21.0 -18.674 -10.194
2124 21.0 -18.748 -9.560
2136 21.0 -18.804 -8.964
2148 21.0 -18.288 -7.909
2160 21.0 -18.476 -8.212
2172 21.0 -18.422 -6.681
2184 21.0 -18.803 -8.559
2196 21.0 -18.170 -6.045
2208 21.0 -18.206 -5.885
2220 21.0 -18.492 -6.782
2232 21.0 -18.517 -7.336
2244 21.0 -18.215 -4.024
2256 21.0 -17.928 -7.289
2268 21.0 -18.184 -8.904
2280 21.0 -18.688 -7.971
2148 132.0 -19.866 -8.722
2160 132.0 -19.829 -9.411
2172 132.0 -19.792 -10.026
2184 132.0 -19.755 -10.641
2196 132.0 -19.717 -11.256
2208 132.0 -19.699 -11.871
2220 132.0 -19.680 -12.486
2232 132.0 -19.680 -13.101
2244 132.0 -19.643 -12.838
2256 132.0 -19.531 -13.264
2268 132.0 -19.652 -14.301
2280 132.0 -19.834 -15.800
2292 132.0 -19.753 -16.200
2304 132.0 -19.910 -16.164
2316 132.0 -20.078 -15.835
2328 132.0 -20.114 -17.007
2340 132.0 -20.332 -16.745
2352 132.0 -19.351 -20.352
2364 132.0 -19.281 -13.189
2376 132.0 -20.105 -14.118
2160 137.0 2.367 15.021
2172 137.0 1.659 14.723
2184 137.0 0.988 14.723
2196 137.0 0.298 14.723
2208 137.0 -0.391 14.723
2220 137.0 -1.006 14.723
2232 137.0 -1.696 14.723
2244 137.0 -2.367 14.723
2256 137.0 -1.436 15.842
2268 137.0 -0.982 15.244
2280 137.0 -2.046 15.189
2292 137.0 -2.674 15.913
2304 137.0 -2.319 15.500
2316 137.0 -1.933 14.920
2328 137.0 -1.985 14.944
2340 137.0 -2.945 14.984
2352 137.0 -3.232 15.029
2364 137.0 -3.082 14.642
2376 137.0 -1.175 13.640
2388 137.0 -0.836 14.180
2184 152.0 3.858 45.342
2196 152.0 3.858 45.342
2208 152.0 3.783 45.510
2220 152.0 3.783 45.510
2232 152.0 3.783 45.510
2244 152.0 3.783 45.510
2256 152.0 3.727 45.659
2268 152.0 3.727 45.659
2280 152.0 3.754 45.439
2292 152.0 3.706 45.435
2304 152.0 3.714 45.368
2316 152.0 3.687 45.495
2328 152.0 3.759 45.489
2340 152.0 3.756 45.403
2352 152.0 3.794 45.437
2364 152.0 3.829 45.493
2376 152.0 3.883 45.393
2388 152.0 3.880 45.380
2400 152.0 3.939 45.378
2412 152.0 3.888 45.417
2196 106.0 -1.006 -3.746
2208 106.0 -1.211 -4.063
2220 106.0 -1.416 -4.212
2232 106.0 -1.547 -4.361
2244 106.0 -1.770 -4.659
2256 106.0 -1.957 -4.808
2268 106.0 -2.180 -5.125
2280 106.0 -2.236 -5.442
2292 106.0 -1.978 -5.220
2304 106.0 -2.208 -5.216
2316 106.0 -2.262 -5.311
2328 106.0 -2.538 -5.960
2340 106.0 -2.320 -6.258
2352 106.0 -2.480 -7.225
2364 106.0 -2.299 -7.719
2376 106.0 -2.329 -7.338
2388 106.0 -2.407 -7.737
2400 106.0 -2.416 -8.316
2412 106.0 -2.418 -8.030
2424 106.0 -1.987 -8.160
2220 142.0 3.429 44.280
2232 142.0 3.429 44.280
2244 142.0 3.429 44.280
2256 142.0 3.448 44.280
2268 142.0 3.448 44.280
2280 142.0 3.448 44.280
2292 142.0 3.448 44.280
2304 142.0 3.448 44.280
2316 142.0 3.409 44.324
2328 142.0 3.399 44.308
2340 142.0 3.391 44.274
2352 142.0 3.455 44.293
2364 142.0 3.356 44.336
2376 142.0 3.381 44.283
2388 142.0 3.472 44.232
2400 142.0 3.456 44.193
2412 142.0 3.428 44.270
2424 142.0 3.397 44.258
2436 142.0 3.352 44.210
2448 142.0 3.404 44.317
2388 133.0 -19.540 -13.335
2400 133.0 -19.534 -13.316
2412 133.0 -19.529 -13.297
2424 133.0 -19.523 -13.278
2436 133.0 -19.517 -13.259
2448 133.0 -19.511 -13.240
2460 133.0 -19.505 -13.222
2472 133.0 -19.500 -13.203
2484 133.0 -19.496 -13.226
2496 133.0 -19.507 -13.274
2508 133.0 -19.447 -13.316
2520 133.0 -19.418 -13.382
2532 133.0 -19.423 -13.339
2544 133.0 -19.447 -13.335
2556 133.0 -19.505 -13.322
2568 133.0 -19.464 -13.336
2580 133.0 -19.546 -13.395
2592 133.0 -19.500 -13.444
2604 133.0 -19.465 -13.462
2616 133.0 -19.522 -13.464
2400 138.0 -10.940 14.872
2412 138.0 -11.648 14.872
2424 138.0 -12.319 14.872
2436 138.0 -12.952 15.021
2448 138.0 -13.623 15.021
2460 138.0 -14.257 15.021
2472 138.0 -14.928 15.021
2484 138.0 -15.617 15.021
2496 138.0 -15.629 15.169
2508 138.0 -14.882 15.591
2520 138.0 -16.566 15.941
2532 138.0 -16.290 15.246
2544 138.0 -18.209 16.754
2556 138.0 -17.099 16.726
2568 138.0 -16.917 16.735
2580 138.0 -18.009 16.842
2592 138.0 -16.531 16.896
2604 138.0 -16.993 16.313
2616 138.0 -16.531 17.151
2628 138.0 -16.910 16.905
2424 153.0 3.727 45.827
2436 153.0 3.727 45.827
2448 153.0 3.727 45.827
2460 153.0 3.727 45.827
2472 153.0 3.727 45.827
2484 153.0 3.727 45.827
2496 153.0 3.727 45.827
2508 153.0 3.690 45.659
2520 153.0 3.726 45.822
2532 153.0 3.634 45.880
2544 153.0 3.644 45.765
2556 153.0 3.760 45.686
2568 153.0 3.695 45.731
2580 153.0 3.706 45.728
2592 153.0 3.768 45.734
2604 153.0 3.810 45.757
2616 153.0 3.814 45.724
2628 153.0 3.920 45.794
2640 153.0 3.832 45.725
2652 153.0 3.869 45.767
2436 107.0 -3.541 -10.641
2448 107.0 -3.671 -10.958
2460 107.0 -3.820 -11.405
2472 107.0 -3.951 -11.704
2484 107.0 -4.081 -12.188
2496 107.0 -4.230 -12.635
2508 107.0 -4.342 -12.934
2520 107.0 -4.435 -13.325
2532 107.0 -4.062 -13.653
2544 107.0 -4.233 -14.448
2556 107.0 -4.335 -14.622
2568 107.0 -3.730 -15.400
2580 107.0 -3.936 -16.408
2592 107.0 -4.115 -16.151
2604 107.0 -3.811 -16.722
2616 107.0 -4.191 -17.917
2628 107.0 -4.150 -17.556
2640 107.0 -4.049 -18.916
2652 107.0 -4.437 -17.854
2664 107.0 -4.384 -17.260
2460 143.0 3.448 44.280
2472 143.0 3.448 44.280
2484 143.0 3.448 44.280
2496 143.0 3.448 44.280
2508 143.0 3.448 44.206
2520 143.0 3.448 44.206
2532 143.0 3.448 44.206
2544 143.0 3.448 44.206
2556 143.0 3.472 44.168
2568 143.0 3.510 44.118
2580 143.0 3.535 44.113
2592 143.0 3.427 44.147
2604 143.0 3.396 44.166
2616 143.0 3.458 44.182
2628 143.0 3.432 44.154
2640 143.0 3.425 44.178
2652 143.0 3.435 44.162
2664 143.0 3.368 44.213
2676 143.0 3.375 44.145
2688 143.0 3.362 44.239
2496 155.0 -7.715 -5.423
2508 155.0 -7.715 -5.423
2520 155.0 -7.715 -5.423
2532 155.0 -7.715 -5.423
2544 155.0 -7.715 -5.423
2556 155.0 -7.715 -5.423
2568 155.0 -7.715 -5.423
2580 155.0 -7.715 -5.423
2592 155.0 -7.702 -5.436
2604 155.0 -7.702 -5.464
2616 155.0 -7.773 -5.506
2628 155.0 -7.816 -5.458
2640 155.0 -7.864 -5.372
2652 155.0 -7.779 -5.469
2664 155.0 -7.821 -5.506
2676 155.0 -7.667 -5.533
2688 155.0 -7.755 -5.517
2700 155.0 -7.799 -5.499
2712 155.0 -7.798 -5.558
2724 155.0 -7.742 -5.397
2628 134.0 -19.424 -12.956
2640 134.0 -19.418 -12.937
2652 134.0 -19.412 -12.918
2664 134.0 -19.407 -12.899
2676 134.0 -19.401 -12.880
2688 134.0 -19.395 -12.861
2700 134.0 -19.389 -12.842
2712 134.0 -19.383 -12.823
2724 134.0 -19.466 -12.821
2736 134.0 -19.468 -12.785
2748 134.0 -19.437 -12.858
2760 134.0 -19.496 -12.902
2772 134.0 -19.489 -12.885
2784 134.0 -19.407 -12.911
2796 134.0 -19.396 -12.979
2808 134.0 -19.341 -13.094
2820 134.0 -19.434 -12.987
2832 134.0 -19.396 -13.006
2844 134.0 -19.359 -12.998
2856 134.0 -19.370 -13.005
2664 154.0 3.653 45.659
2676 154.0 3.653 45.659
2688 154.0 3.615 45.659
2700 154.0 3.615 45.659
2712 154.0 3.615 45.659
2724 154.0 3.615 45.659
2736 154.0 3.615 45.659
2748 154.0 3.615 45.659
2760 154.0 3.664 45.654
2772 154.0 3.695 45.642
2784 154.0 3.743 45.546
2796 154.0 3.717 45.506
2808 154.0 3.754 45.537
2820 154.0 3.720 45.600
2832 154.0 3.744 45.558
2844 154.0 3.698 45.666
2856 154.0 3.774 45.493
2868 154.0 3.682 45.639
2880 154.0 3.654 45.650
2892 154.0 3.684 45.681
2676 108.0 -4.845 -13.400
2688 108.0 -4.845 -13.101
2700 108.0 -4.845 -12.952
2712 108.0 -4.845 -12.635
2724 108.0 -4.920 -12.468
2736 108.0 -4.920 -12.020
2748 108.0 -4.995 -11.573
2760 108.0 -4.995 -11.089
2772 108.0 -5.024 -11.104
2784 108.0 -5.136 -10.091
2796 108.0 -4.926 -10.147
2808 108.0 -5.039 -8.970
2820 108.0 -5.183 -9.189
2832 108.0 -5.234 -9.693
2844 108.0 -5.369 -8.619
2856 108.0 -5.091 -6.732
2868 108.0 -5.109 -6.947
2880 108.0 -5.174 -7.647
2892 108.0 -5.328 -6.070
2904 108.0 -5.225 -6.423
2700 144.0 3.485 44.131
2712 144.0 3.485 44.131
2724 144.0 3.485 44.131
2736 144.0 3.485 44.131
2748 144.0 3.485 44.131
2760 144.0 3.485 44.131
2772 144.0 3.485 44.038
2784 144.0 3.485 44.038
2796 144.0 3.500 44.045
2808 144.0 3.491 44.034
2820 144.0 3.524 43.981
2832 144.0 3.488 44.047
2844 144.0 3.566 43.989
2856 144.0 3.467 44.047
2868 144.0 3.534 44.092
2880 144.0 3.502 44.028
2892 144.0 3.555 43.998
2904 144.0 3.570 44.060
2916 144.0 3.614 43.973
2928 144.0 3.551 44.093
2736 156.0 -7.715 -5.423
2748 156.0 -7.715 -5.423
2760 156.0 -7.715 -5.423
2772 156.0 -7.715 -5.423
2784 156.0 -7.715 -5.423
2796 156.0 -7.715 -5.423
2808 156.0 -7.715 -5.423
2820 156.0 -7.715 -5.423
2832 156.0 -7.687 -5.359
2844 156.0 -7.637 -5.417
2856 156.0 -7.641 -5.423
2868 156.0 -7.583 -5.445
2880 156.0 -7.647 -5.483
2892 156.0 -7.581 -5.423
2904 156.0 -7.603 -5.414
2916 156.0 -7.422 -5.450
2928 156.0 -7.398 -5.526
2940 156.0 -7.399 -5.475
2952 156.0 -7.365 -5.418
2964 156.0 -7.282 -5.368
2844 58.0 1.062 15.245
2856 58.0 0.578 15.245
2868 58.0 0.093 15.245
2880 58.0 -0.391 15.095
2892 58.0 -0.876 15.095
2904 58.0 -1.286 14.946
2916 58.0 -1.770 14.946
2928 58.0 -2.236 14.946
2940 58.0 -1.625 15.229
2952 58.0 -2.322 15.382
2964 58.0 -2.855 15.579
2976 58.0 -3.404 15.831
2988 58.0 -3.578 15.901
3000 58.0 -3.309 16.253
3012 58.0 -4.638 16.386
3024 58.0 -4.418 16.556
3036 58.0 -4.876 16.927
3048 58.0 -4.946 16.948
3060 58.0 -4.707 16.847
3072 58.0 -6.609 17.772
2844 136.0 -18.357 -13.623
2856 136.0 -18.357 -13.027
2868 136.0 -18.394 -12.393
2880 136.0 -18.469 -11.797
2892 136.0 -18.506 -11.163
2904 136.0 -18.543 -10.567
2916 136.0 -18.580 -9.970
2928 136.0 -18.599 -9.411
2940 136.0 -18.577 -8.771
2952 136.0 -18.723 -9.261
2964 136.0 -18.433 -8.192
2976 136.0 -18.057 -7.854
2988 136.0 -18.277 -8.685
3000 136.0 -18.260 -7.161
3012 136.0 -18.524 -9.078
3024 136.0 -18.181 -6.807
3036 136.0 -18.072 -8.045
3048 136.0 -19.086 -8.904
3060 136.0 -18.421 -6.106
3072 136.0 -19.097 -9.502
2868 135.0 -19.587 -11.014
2880 135.0 -19.661 -10.492
2892 135.0 -19.699 -9.877
2904 135.0 -19.792 -9.337
2916 135.0 -19.866 -8.815
2928 135.0 -19.941 -8.256
2940 135.0 -20.053 -7.734
2952 135.0 -20.090 -7.194
2964 135.0 -20.020 -7.446
2976 135.0 -19.707 -5.083
2988 135.0 -19.861 -5.041
3000 135.0 -19.996 -5.093
3012 135.0 -19.609 -4.246
3024 135.0 -20.631 -5.237
3036 135.0 -20.105 -6.081
3048 135.0 -20.088 -4.108
3060 135.0 -20.425 -4.385
3072 135.0 -20.371 -3.817
3084 135.0 -20.486 -7.874
3096 135.0 -20.269 -4.921
2916 109.0 -5.982 -5.647
2928 109.0 -6.094 -5.274
2940 109.0 -6.187 -4.901
2952 109.0 -6.243 -4.454
2964 109.0 -6.430 -4.119
2976 109.0 -6.765 -3.671
2988 109.0 -7.100 -3.224
3000 109.0 -7.380 -2.740
3012 109.0 -7.657 -3.227
3024 109.0 -8.217 -3.356
3036 109.0 -7.970 -3.061
3048 109.0 -8.516 -2.625
3060 109.0 -8.904 -2.423
3072 109.0 -9.034 -2.322
3084 109.0 -9.015 -2.556
3096 109.0 -9.444 -2.362
3108 109.0 -10.219 -2.383
3120 109.0 -10.655 -2.283
3132 109.0 -10.282 -2.286
3144 109.0 -11.477 -2.385
3084 59.0 -10.101 14.630
3096 59.0 -10.641 14.630
3108 59.0 -11.182 14.630
3120 59.0 -11.741 14.630
3132 59.0 -12.300 14.630
3144 59.0 -12.840 14.630
3156 59.0 -13.381 14.630
3168 59.0 -13.940 14.630
3180 59.0 -13.783 14.920
3192 59.0 -13.854 14.681
3204 59.0 -14.498 14.598
3216 59.0 -14.310 14.308
3228 59.0 -14.707 15.006
3240 59.0 -14.098 14.879
3252 59.0 -15.498 14.982
3264 59.0 -15.039 15.199
3276 59.0 -16.627 15.632
3288 59.0 -16.780 15.637
3300 59.0 -14.414 15.074
3312 59.0 -18.310 16.213
3084 119.0 3.522 13.474
3096 119.0 3.112 13.027
3108 119.0 2.628 12.580
3120 119.0 2.218 12.095
3132 119.0 1.733 11.797
3144 119.0 1.267 11.350
3156 119.0 0.988 10.716
3168 119.0 0.783 10.269
3180 119.0 0.875 10.592
3192 119.0 1.269 11.034
3204 119.0 0.875 10.382
3216 119.0 0.635 10.721
3228 119.0 0.565 9.943
3240 119.0 1.767 9.695
3252 119.0 0.703 9.878
3264 119.0 0.595 8.798
3276 119.0 0.966 8.353
3288 119.0 0.358 9.003
3300 119.0 -0.303 5.474
3312 119.0 0.235 7.792
3156 110.0 -11.871 1.472
3168 110.0 -12.225 1.770
3180 110.0 -12.635 2.069
3192 110.0 -13.045 2.218
3204 110.0 -13.455 2.535
3216 110.0 -13.865 2.702
3228 110.0 -14.275 3.000
3240 110.0 -14.685 3.299
3252 110.0 -15.605 3.415
3264 110.0 -15.341 3.564
3276 110.0 -15.716 3.845
3288 110.0 -15.444 3.531
3300 110.0 -16.300 4.548
3312 110.0 -16.707 4.071
3324 110.0 -17.104 4.519
3336 110.0 -19.141 6.024
3348 110.0 -18.450 5.528
3360 110.0 -18.429 5.193
3372 110.0 -18.386 5.615
3384 110.0 -19.511 6.921
3168 123.0 -3.839 -14.480
3180 123.0 -3.727 -14.015
3192 123.0 -3.653 -13.716
3204 123.0 -3.578 -13.400
3216 123.0 -3.429 -12.934
3228 123.0 -3.373 -12.635
3240 123.0 -3.243 -12.337
3252 123.0 -3.168 -12.020
3264 123.0 -3.620 -11.895
3276 123.0 -3.184 -11.595
3288 123.0 -3.108 -11.187
3300 123.0 -3.186 -11.115
3312 123.0 -3.107 -10.429
3324 123.0 -3.076 -9.486
3336 123.0 -3.208 -9.974
3348 123.0 -3.262 -9.394
3360 123.0 -3.156 -8.940
3372 123.0 -3.166 -7.649
3384 123.0 -3.068 -10.276
3396 123.0 -3.355 -8.948
3264 126.0 -16.586 -14.257
3276 126.0 -17.145 -13.921
3288 126.0 -17.369 -13.325
3300 126.0 -17.630 -12.878
3312 126.0 -17.854 -12.244
3324 126.0 -18.040 -11.648
3336 126.0 -18.264 -11.014
3348 126.0 -18.394 -10.567
3360 126.0 -18.759 -11.443
3372 126.0 -19.081 -10.626
3384 126.0 -19.992 -10.367
3396 126.0 -20.524 -10.126
3408 126.0 -21.224 -9.791
3420 126.0 -22.275 -9.297
3432 126.0 -22.340 -9.220
3444 126.0 -21.947 -9.351
3456 126.0 -21.359 -10.242
3468 126.0 -23.235 -9.412
3480 126.0 -21.667 -9.697
3492 126.0 -23.132 -8.739
3324 60.0 -21.208 14.630
3336 60.0 -21.767 14.630
3348 60.0 -22.308 14.630
3360 60.0 -22.848 14.630
3372 60.0 -23.538 14.630
3384 60.0 -24.227 14.630
3396 60.0 -24.898 14.779
3408 60.0 -25.662 14.779
3420 60.0 -24.905 15.143
3432 60.0 -24.396 15.593
3444 60.0 -25.002 15.949
3456 60.0 -26.196 16.077
3468 60.0 -26.975 16.123
3480 60.0 -26.528 15.972
3492 60.0 -26.841 17.314
3504 60.0 -29.147 17.853
3516 60.0 -26.861 17.023
3528 60.0 -28.041 17.461
3540 60.0 -28.663 17.637
3552 60.0 -28.117 18.783
3324 120.0 -1.975 3.522
3336 120.0 -2.236 3.075
3348 120.0 -2.590 2.777
3360 120.0 -2.926 2.292
3372 120.0 -3.280 1.845
3384 120.0 -3.820 1.547
3396 120.0 -4.305 1.155
3408 120.0 -4.845 0.764
3420 120.0 -4.770 1.645
3432 120.0 -5.079 1.426
3444 120.0 -5.173 1.676
3456 120.0 -5.691 2.078
3468 120.0 -5.319 1.553
3480 120.0 -5.225 1.722
3492 120.0 -6.097 1.376
3504 120.0 -4.862 1.763
3516 120.0 -5.513 1.718
3528 120.0 -4.867 1.684
3540 120.0 -5.564 1.216
3552 120.0 -6.254 0.865
3396 111.0 -20.388 5.908
3408 111.0 -20.798 6.057
3420 111.0 -21.134 6.355
3432 111.0 -21.544 6.653
3444 111.0 -21.898 6.989
3456 111.0 -22.308 7.138
3468 111.0 -22.718 7.436
3480 111.0 -23.128 7.734
3492 111.0 -23.147 7.700
3504 111.0 -23.380 7.969
3516 111.0 -23.217 8.019
3528 111.0 -24.876 8.938
3540 111.0 -25.179 8.962
3552 111.0 -25.341 9.391
3564 111.0 -25.887 9.165
3576 111.0 -25.569 9.073
3588 111.0 -25.607 9.353
3600 111.0 -26.456 8.889
3612 111.0 -26.568 9.898
3624 111.0 -28.413 10.670
3408 124.0 -1.528 -4.361
3420 124.0 -1.379 -3.746
3432 124.0 -1.305 -3.131
3444 124.0 -1.174 -2.516
3456 124.0 -1.044 -1.901
3468 124.0 -0.969 -1.137
3480 124.0 -0.839 -0.522
3492 124.0 -0.764 0.242
3504 124.0 -0.915 0.320
3516 124.0 -0.509 1.532
3528 124.0 -0.572 1.291
3540 124.0 -0.592 3.149
3552 124.0 0.561 2.625
3564 124.0 -0.228 1.584
3576 124.0 -0.244 1.208
3588 124.0 -0.008 1.249
3600 124.0 -0.373 4.937
3612 124.0 -0.580 1.280
3624 124.0 -0.454 0.949
3636 124.0 -0.541 0.011
3504 78.0 3.560 45.212
3516 78.0 3.560 45.212
3528 78.0 3.560 45.212
3540 78.0 3.560 45.212
3552 78.0 3.560 45.212
3564 78.0 3.560 45.212
3576 78.0 3.560 45.212
3588 78.0 3.560 45.212
3600 78.0 3.582 45.248
3612 78.0 3.589 45.253
3624 78.0 3.618 45.286
3636 78.0 3.508 45.264
3648 78.0 3.572 45.203
3660 78.0 3.635 45.187
3672 78.0 3.650 45.171
3684 78.0 3.639 45.182
3696 78.0 3.668 45.241
3708 78.0 3.659 45.267
3720 78.0 3.610 45.162
3732 78.0 3.627 45.107
3504 117.0 -7.548 -5.125
3516 117.0 -7.548 -5.125
3528 117.0 -7.548 -5.125
3540 117.0 -7.548 -5.125
3552 117.0 -7.548 -5.125
3564 117.0 -7.548 -5.125
3576 117.0 -7.548 -5.125
3588 117.0 -7.548 -5.125
3600 117.0 -7.542 -5.110
3612 117.0 -7.466 -5.163
3624 117.0 -7.477 -5.163
3636 117.0 -7.416 -5.106
3648 117.0 -7.311 -5.088
3660 117.0 -7.369 -5.228
3672 117.0 -7.307 -5.327
3684 117.0 -7.258 -5.202
3696 117.0 -7.281 -5.195
3708 117.0 -7.243 -5.159
3720 117.0 -7.136 -5.094
3732 117.0 -7.219 -5.148
3504 127.0 -20.519 -3.224
3516 127.0 -20.649 -2.665
3528 127.0 -20.761 -2.069
3540 127.0 -20.891 -1.603
3552 127.0 -21.040 -0.988
3564 127.0 -21.171 -0.447
3576 127.0 -21.283 0.168
3588 127.0 -21.413 0.690
3600 127.0 -20.890 -0.428
3612 127.0 -21.146 0.439
3624 127.0 -20.992 0.536
3636 127.0 -21.188 0.781
3648 127.0 -20.981 1.495
3660 127.0 -20.800 2.465
3672 127.0 -20.538 2.921
3684 127.0 -20.675 3.465
3696 127.0 -21.032 3.000
3708 127.0 -21.138 3.666
3720 127.0 -21.021 2.722
3732 127.0 -20.917 1.921
3564 61.0 -25.878 14.492
3576 61.0 -25.862 14.469
3588 61.0 -25.846 14.445
3600 61.0 -25.830 14.422
3612 61.0 -25.815 14.399
3624 61.0 -25.799 14.376
3636 61.0 -25.783 14.353
3648 61.0 -25.768 14.330
3660 61.0 -25.819 14.395
3672 61.0 -25.853 14.539
3684 61.0 -25.921 14.455
3696 61.0 -25.923 14.401
3708 61.0 -25.906 14.420
3720 61.0 -25.851 14.399
3732 61.0 -25.832 14.471
3744 61.0 -25.825 14.510
3756 61.0 -25.824 14.450
3768 61.0 -25.764 14.468
3780 61.0 -25.795 14.458
3792 61.0 -25.785 14.435
3564 121.0 -11.200 -3.373
3576 121.0 -11.629 -3.671
3588 121.0 -12.114 -3.970
3600 121.0 -12.561 -4.286
3612 121.0 -12.840 -4.752
3624 121.0 -13.120 -5.349
3636 121.0 -13.381 -5.982
3648 121.0 -13.716 -6.430
3660 121.0 -13.946 -5.489
3672 121.0 -13.746 -4.717
3684 121.0 -13.391 -4.733
3696 121.0 -13.475 -5.010
3708 121.0 -13.380 -5.249
3720 121.0 -13.842 -5.475
3732 121.0 -14.279 -5.112
3744 121.0 -14.057 -5.976
3756 121.0 -14.466 -5.826
3768 121.0 -14.756 -5.974
3780 121.0 -14.848 -6.679
3792 121.0 -14.260 -6.111
3600 10.0 -17.593 -12.785
3612 10.0 -17.742 -12.188
3624 10.0 -17.947 -11.704
3636 10.0 -18.077 -11.256
3648 10.0 -18.226 -10.641
3660 10.0 -18.357 -10.175
3672 10.0 -18.562 -9.728
3684 10.0 -18.711 -9.113
3696 10.0 -18.851 -9.105
3708 10.0 -18.355 -8.947
3720 10.0 -18.599 -8.699
3732 10.0 -18.747 -8.061
3744 10.0 -18.106 -6.827
3756 10.0 -18.452 -7.064
3768 10.0 -18.617 -5.637
3780 10.0 -18.559 -7.514
3792 10.0 -18.338 -5.237
3804 10.0 -19.021 -5.150
3816 10.0 -18.749 -5.294
3828 10.0 -18.875 -9.234
3636 112.0 -25.426 9.832
3648 112.0 -25.427 9.858
3660 112.0 -25.428 9.884
3672 112.0 -25.429 9.910
3684 112.0 -25.430 9.937
3696 112.0 -25.431 9.963
3708 112.0 -25.432 9.989
3720 112.0 -25.433 10.015
3732 112.0 -25.423 9.936
3744 112.0 -25.439 9.998
3756 112.0 -25.366 9.906
3768 112.0 -25.410 9.820
3780 112.0 -25.435 9.867
3792 112.0 -25.524 9.840
3804 112.0 -25.436 9.846
3816 112.0 -25.383 9.885
3828 112.0 -25.360 9.868
3840 112.0 -25.393 9.830
3852 112.0 -25.317 9.818
3864 112.0 -25.249 9.825
3648 125.0 0.988 7.045
3660 125.0 1.118 7.827
3672 125.0 1.323 8.424
3684 125.0 1.528 9.057
3696 125.0 1.733 9.654
3708 125.0 1.938 10.101
3720 125.0 2.069 10.735
3732 125.0 2.292 11.331
3744 125.0 1.996 10.356
3756 125.0 2.478 11.491
3768 125.0 2.271 11.649
3780 125.0 2.177 12.330
3792 125.0 2.245 12.462
3804 125.0 1.862 10.628
3816 125.0 2.129 13.861
3828 125.0 2.207 14.228
3840 125.0 3.058 16.425
3852 125.0 2.239 11.914
3864 125.0 2.676 12.404
3876 125.0 2.375 11.973
3744 79.0 3.560 45.212
3756 79.0 3.560 45.212
3768 79.0 3.560 45.212
3780 79.0 3.560 45.212
3792 79.0 3.560 45.212
3804 79.0 3.560 45.212
3816 79.0 3.560 45.212
3828 79.0 3.560 45.212
3840 79.0 3.547 45.255
3852 79.0 3.523 45.208
3864 79.0 3.520 45.201
3876 79.0 3.576 45.153
3888 79.0 3.635 45.233
3900 79.0 3.672 45.168
3912 79.0 3.585 45.152
3924 79.0 3.616 45.084
3936 79.0 3.535 45.138
3948 79.0 3.520 45.134
3960 79.0 3.564 45.127
3972 79.0 3.507 45.144
3744 118.0 -7.548 -5.125
3756 118.0 -7.548 -5.125
3768 118.0 -7.548 -5.125
3780 118.0 -7.548 -5.125
3792 118.0 -7.548 -5.125
3804 118.0 -7.548 -5.125
3816 118.0 -7.548 -5.125
3828 118.0 -7.548 -5.125
3840 118.0 -7.495 -5.114
3852 118.0 -7.448 -5.125
3864 118.0 -7.348 -5.167
3876 118.0 -7.466 -5.129
3888 118.0 -7.474 -5.193
3900 118.0 -7.423 -5.198
3912 118.0 -7.367 -5.147
3924 118.0 -7.316 -5.227
3936 118.0 -7.281 -5.195
3948 118.0 -7.369 -5.145
3960 118.0 -7.354 -5.121
3972 118.0 -7.298 -5.224
3804 62.0 -22.028 9.970
3816 62.0 -21.823 9.505
3828 62.0 -21.544 9.039
3840 62.0 -21.134 8.591
3852 62.0 -20.798 7.976
3864 62.0 -20.388 7.361
3876 62.0 -19.978 6.746
3888 62.0 -19.643 6.280
3900 62.0 -19.648 6.807
3912 62.0 -20.428 6.893
3924 62.0 -20.063 5.881
3936 62.0 -19.563 5.610
3948 62.0 -19.426 4.717
3960 62.0 -19.549 4.886
3972 62.0 -19.804 3.476
3984 62.0 -19.727 3.496
3996 62.0 -20.454 5.167
4008 62.0 -19.488 3.994
4020 62.0 -20.104 1.866
4032 62.0 -19.916 0.656
3804 122.0 -16.885 -13.623
3816 122.0 -17.034 -13.940
3828 122.0 -17.034 -13.940
3840 122.0 -17.034 -13.940
3852 122.0 -17.034 -13.940
3864 122.0 -17.034 -13.940
3876 122.0 -17.034 -13.940
3888 122.0 -17.034 -13.940
3900 122.0 -17.014 -14.036
3912 122.0 -16.996 -14.083
3924 122.0 -17.064 -14.028
3936 122.0 -16.961 -14.043
3948 122.0 -17.049 -14.073
3960 122.0 -17.032 -13.814
3972 122.0 -17.080 -13.763
3984 122.0 -17.108 -13.899
3996 122.0 -17.178 -14.133
4008 122.0 -17.111 -14.128
4020 122.0 -17.395 -14.245
4032 122.0 -17.337 -14.311
3840 11.0 -20.351 -2.050
3852 11.0 -20.481 -1.454
3864 11.0 -20.686 -0.988
3876 11.0 -20.910 -0.522
3888 11.0 -21.096 0.075
3900 11.0 -21.245 0.540
3912 11.0 -21.450 1.006
3924 11.0 -21.655 1.603
3936 11.0 -21.814 0.777
3948 11.0 -21.869 0.789
3960 11.0 -22.096 1.126
3972 11.0 -22.957 1.353
3984 11.0 -22.777 1.471
3996 11.0 -22.919 1.880
4008 11.0 -23.709 1.785
4020 11.0 -25.235 2.790
4032 11.0 -24.324 2.595
4044 11.0 -25.762 3.548
4056 11.0 -25.816 4.416
4068 11.0 -26.991 4.332
3876 12.0 -15.897 34.869
3888 12.0 -15.412 35.018
3900 12.0 -14.853 35.316
3912 12.0 -14.313 35.465
3924 12.0 -13.772 35.782
3936 12.0 -13.139 35.931
3948 12.0 -12.598 36.248
3960 12.0 -12.114 36.695
3972 12.0 -13.617 35.977
3984 12.0 -13.435 35.461
3996 12.0 -13.119 35.333
4008 12.0 -12.400 35.509
4020 12.0 -11.763 35.460
4032 12.0 -11.743 34.640
4044 12.0 -12.342 34.621
4056 12.0 -12.381 34.905
4068 12.0 -12.279 34.561
4080 12.0 -12.226 34.976
4092 12.0 -12.008 34.499
4104 12.0 -12.313 35.185
3876 113.0 -25.445 10.355
3888 113.0 -25.445 10.381
3900 113.0 -25.447 10.407
3912 113.0 -25.447 10.433
3924 113.0 -25.448 10.459
3936 113.0 -25.449 10.485
3948 113.0 -25.450 10.511
3960 113.0 -25.451 10.537
3972 113.0 -25.525 10.492
3984 113.0 -25.453 10.480
3996 113.0 -25.470 10.609
4008 113.0 -25.450 10.608
4020 113.0 -25.393 10.524
4032 113.0 -25.439 10.437
4044 113.0 -25.410 10.413
4056 113.0 -25.373 10.470
4068 113.0 -25.508 10.301
4080 113.0 -25.478 10.282
4092 113.0 -25.525 10.267
4104 113.0 -25.505 10.290
3984 80.0 3.560 45.212
3996 80.0 3.560 45.212
4008 80.0 3.522 45.137
4020 80.0 3.522 45.137
4032 80.0 3.522 45.137
4044 80.0 3.522 45.137
4056 80.0 3.522 45.137
4068 80.0 3.522 45.212
4080 80.0 3.421 45.178
4092 80.0 3.488 45.150
4104 80.0 3.470 45.197
4116 80.0 3.524 45.240
4128 80.0 3.528 45.167
4140 80.0 3.524 45.154
4152 80.0 3.532 45.120
4164 80.0 3.477 45.174
4176 80.0 3.431 45.172
4188 80.0 3.318 45.337
4200 80.0 3.444 45.327
4212 80.0 3.468 45.330
3996 14.0 3.429 43.963
4008 14.0 3.429 43.963
4020 14.0 3.429 43.963
4032 14.0 3.429 43.963
4044 14.0 3.429 43.963
4056 14.0 3.429 43.963
4068 14.0 3.429 43.963
4080 14.0 3.429 43.963
4092 14.0 3.386 44.022
4104 14.0 3.424 43.954
4116 14.0 3.378 43.946
4128 14.0 3.319 43.952
4140 14.0 3.232 43.934
4152 14.0 3.321 43.772
4164 14.0 3.260 43.794
4176 14.0 3.219 43.847
4188 14.0 3.327 43.869
4200 14.0 3.271 43.865
4212 14.0 3.280 43.857
4224 14.0 3.161 43.769
4044 63.0 -17.816 -0.540
4056 63.0 -17.779 -1.137
4068 63.0 -17.686 -1.603
4080 63.0 -17.611 -2.218
4092 63.0 -17.574 -2.740
4104 63.0 -17.500 -3.224
4116 63.0 -17.425 -3.820
4128 63.0 -17.388 -4.361
4140 63.0 -17.000 -4.291
4152 63.0 -17.134 -4.733
4164 63.0 -16.903 -4.223
4176 63.0 -17.193 -5.881
4188 63.0 -17.120 -6.639
4200 63.0 -17.172 -7.559
4212 63.0 -17.250 -7.978
4224 63.0 -17.134 -7.845
4236 63.0 -16.726 -8.662
4248 63.0 -16.735 -8.381
4260 63.0 -17.116 -9.460
4272 63.0 -16.795 -6.123
4116 13.0 -5.535 41.839
4128 13.0 -5.181 42.286
4140 13.0 -4.845 42.901
4152 13.0 -4.566 43.367
4164 13.0 -4.230 43.982
4176 13.0 -3.876 44.429
4188 13.0 -3.541 45.044
4200 13.0 -3.205 45.510
4212 13.0 -4.110 44.194
4224 13.0 -3.988 44.750
4236 13.0 -3.805 44.684
4248 13.0 -3.904 44.480
4260 13.0 -4.183 44.350
4272 13.0 -4.157 44.630
4284 13.0 -4.084 44.934
4296 13.0 -3.863 45.385
4308 13.0 -3.674 46.574
4320 13.0 -3.587 46.430
4332 13.0 -3.460 46.265
4344 13.0 -3.571 45.985
4116 114.0 -23.743 8.442
4128 114.0 -23.407 7.958
4140 114.0 -23.128 7.660
4152 114.0 -22.848 7.361
4164 114.0 -22.587 6.895
4176 114.0 -22.289 6.579
4188 114.0 -22.103 6.131
4200 114.0 -22.028 5.684
4212 114.0 -21.377 5.415
4224 114.0 -21.371 5.061
4236 114.0 -21.060 4.525
4248 114.0 -20.601 4.625
4260 114.0 -20.474 4.294
4272 114.0 -20.902 4.921
4284 114.0 -19.404 3.242
4296 114.0 -18.751 3.520
4308 114.0 -19.913 4.261
4320 114.0 -18.353 2.729
4332 114.0 -18.779 4.021
4344 114.0 -18.226 3.896
4224 81.0 3.522 45.286
4236 81.0 3.522 45.286
4248 81.0 3.522 45.286
4260 81.0 3.485 45.361
4272 81.0 3.485 45.361
4284 81.0 3.485 45.361
4296 81.0 3.485 45.361
4308 81.0 3.485 45.361
4320 81.0 3.503 45.328
4332 81.0 3.503 45.201
4344 81.0 3.504 45.170
4356 81.0 3.530 45.201
4368 81.0 3.644 45.206
4380 81.0 3.618 45.262
4392 81.0 3.525 45.269
4404 81.0 3.570 45.313
4416 81.0 3.581 45.366
4428 81.0 3.627 45.284
4440 81.0 3.623 45.214
4452 81.0 3.581 45.265
4236 15.0 3.429 43.963
4248 15.0 3.429 43.963
4260 15.0 3.429 43.963
4272 15.0 3.429 43.963
4284 15.0 3.429 43.963
4296 15.0 3.429 43.963
4308 15.0 3.429 43.963
4320 15.0 3.429 43.963
4332 15.0 3.397 43.902
4344 15.0 3.362 43.922
4356 15.0 3.341 43.904
4368 15.0 3.408 43.947
4380 15.0 3.421 43.999
4392 15.0 3.465 44.037
4404 15.0 3.490 44.047
4416 15.0 3.448 43.929
4428 15.0 3.533 43.949
4440 15.0 3.547 43.764
4452 15.0 3.502 43.824
4464 15.0 3.635 43.906
4356 115.0 -20.947 -0.149
4368 115.0 -20.873 -0.466
4380 115.0 -20.798 -0.913
4392 115.0 -20.649 -1.360
4404 115.0 -20.575 -1.845
4416 115.0 -20.519 -2.292
4428 115.0 -20.463 -2.740
4440 115.0 -20.388 -3.224
4452 115.0 -20.256 -3.199
4464 115.0 -20.492 -3.831
4476 115.0 -20.268 -4.015
4488 115.0 -20.588 -4.762
4500 115.0 -20.347 -5.428
4512 115.0 -20.018 -5.974
4524 115.0 -20.381 -5.780
4536 115.0 -20.122 -6.674
4548 115.0 -20.236 -7.555
4560 115.0 -20.269 -7.377
4572 115.0 -20.266 -8.280
4584 115.0 -20.815 -8.654
4464 82.0 3.485 45.510
4476 82.0 3.485 45.510
4488 82.0 3.485 45.510
4500 82.0 3.485 45.585
4512 82.0 3.448 45.510
4524 82.0 3.448 45.510
4536 82.0 3.448 45.436
4548 82.0 3.448 45.436
4560 82.0 3.478 45.517
4572 82.0 3.352 45.556
4584 82.0 3.446 45.555
4596 82.0 3.459 45.512
4608 82.0 3.536 45.485
4620 82.0 3.549 45.507
4632 82.0 3.600 45.431
4644 82.0 3.522 45.521
4656 82.0 3.513 45.505
4668 82.0 3.478 45.537
4680 82.0 3.528 45.597
4692 82.0 3.617 45.599
4596 116.0 -19.661 -9.579
4608 116.0 -19.624 -10.026
4620 116.0 -19.568 -10.492
4632 116.0 -19.494 -10.958
4644 116.0 -19.494 -11.405
4656 116.0 -19.419 -11.778
4668 116.0 -19.382 -12.188
4680 116.0 -19.345 -12.635
4692 116.0 -19.422 -12.191
4704 116.0 -19.227 -12.889
4716 116.0 -19.243 -13.053
4728 116.0 -19.166 -13.569
4740 116.0 -19.236 -13.589
4752 116.0 -19.354 -13.841
4764 116.0 -19.231 -14.551
4776 116.0 -19.311 -14.222
4788 116.0 -19.320 -15.921
4800 116.0 -19.170 -16.387
4812 116.0 -19.265 -17.546
4824 116.0 -19.284 -18.288
4704 83.0 3.448 45.137
4716 83.0 3.448 45.063
4728 83.0 3.448 45.063
4740 83.0 3.448 45.063
4752 83.0 3.485 45.063
4764 83.0 3.485 45.063
4776 83.0 3.485 45.063
4788 83.0 3.485 44.970
4800 83.0 3.403 45.003
4812 83.0 3.484 45.009
4824 83.0 3.472 45.053
4836 83.0 3.527 45.120
4848 83.0 3.471 45.179
4860 83.0 3.481 45.170
4872 83.0 3.464 45.238
4884 83.0 3.479 45.204
4896 83.0 3.551 45.210
4908 83.0 3.525 45.203
4920 83.0 3.563 45.214
4932 83.0 3.605 45.201
4836 74.0 4.883 14.220
4848 74.0 4.249 13.250
4860 74.0 3.690 12.654
4872 74.0 3.131 12.170
4884 74.0 2.609 11.573
4896 74.0 2.385 11.126
4908 74.0 2.385 10.790
4920 74.0 2.255 10.343
4932 74.0 2.008 11.249
4944 74.0 1.512 10.705
4956 74.0 0.750 10.278
4968 74.0 1.901 10.651
4980 74.0 1.319 10.025
4992 74.0 1.154 9.083
5004 74.0 2.375 8.960
5016 74.0 2.613 8.818
5028 74.0 1.262 8.790
5040 74.0 1.120 11.056
5052 74.0 1.575 7.822
5064 74.0 1.303 10.068
4848 29.0 4.547 16.232
4860 29.0 4.286 15.487
4872 29.0 3.988 14.853
4884 29.0 3.727 14.257
4896 29.0 3.466 13.474
4908 29.0 3.168 12.878
4920 29.0 2.907 12.263
4932 29.0 2.758 11.648
4944 29.0 3.343 12.824
4956 29.0 3.338 11.587
4968 29.0 3.273 11.511
4980 29.0 3.451 11.160
4992 29.0 3.612 10.386
5004 29.0 3.243 8.876
5016 29.0 3.682 8.993
5028 29.0 3.381 6.867
5040 29.0 2.952 11.445
5052 29.0 2.438 7.599
5064 29.0 3.330 11.211
5076 29.0 3.135 11.194
4944 84.0 3.485 44.671
4956 84.0 3.485 44.671
4968 84.0 3.485 44.597
4980 84.0 3.485 44.597
4992 84.0 3.485 44.597
5004 84.0 3.485 44.597
5016 84.0 3.485 44.597
5028 84.0 3.485 44.597
5040 84.0 3.416 44.559
5052 84.0 3.532 44.651
5064 84.0 3.531 44.659
5076 84.0 3.572 44.584
5088 84.0 3.616 44.675
5100 84.0 3.552 44.801
5112 84.0 3.555 44.826
5124 84.0 3.530 44.870
5136 84.0 3.617 44.776
5148 84.0 3.626 44.825
5160 84.0 3.660 44.777
5172 84.0 3.610 44.779
5004 24.0 3.615 43.665
5016 24.0 3.615 43.665
5028 24.0 3.615 43.665
5040 24.0 3.615 43.665
5052 24.0 3.615 43.665
5064 24.0 3.615 43.665
5076 24.0 3.615 43.665
5088 24.0 3.615 43.665
5100 24.0 3.657 43.704
5112 24.0 3.678 43.698
5124 24.0 3.712 43.650
5136 24.0 3.635 43.688
5148 24.0 3.724 43.678
5160 24.0 3.718 43.774
5172 24.0 3.607 43.771
5184 24.0 3.589 43.673
5196 24.0 3.640 43.636
5208 24.0 3.601 43.649
5220 24.0 3.652 43.669
5232 24.0 3.681 43.763
5076 75.0 0.149 3.224
5088 75.0 0.019 2.684
5100 75.0 -0.112 2.162
5112 75.0 -0.317 1.603
5124 75.0 -0.447 1.081
5136 75.0 -0.596 0.540
5148 75.0 -0.764 0.000
5160 75.0 -0.895 -0.522
5172 75.0 -0.359 -0.612
5184 75.0 -0.203 -1.059
5196 75.0 -0.157 -1.334
5208 75.0 -0.280 -1.559
5220 75.0 -0.429 -2.886
5232 75.0 -0.339 -2.341
5244 75.0 -0.237 -3.974
5256 75.0 -0.123 -3.812
5268 75.0 -0.087 -5.542
5280 75.0 -0.426 -3.997
5292 75.0 -0.553 -6.833
5304 75.0 -0.461 -5.699
5088 30.0 0.373 4.603
5100 30.0 0.149 4.137
5112 30.0 -0.112 3.597
5124 30.0 -0.391 3.150
5136 30.0 -0.671 2.609
5148 30.0 -0.895 2.143
5160 30.0 -1.174 1.621
5172 30.0 -1.454 1.155
5184 30.0 -1.984 2.794
5196 30.0 -1.992 2.412
5208 30.0 -1.952 1.712
5220 30.0 -2.610 1.844
5232 30.0 -2.739 1.953
5244 30.0 -2.675 1.967
5256 30.0 -2.653 2.058
5268 30.0 -2.624 2.328
5280 30.0 -3.512 1.911
5292 30.0 -2.902 1.380
5304 30.0 -3.198 0.966
5316 30.0 -3.606 1.132
5088 72.0 -18.860 -12.337
5100 72.0 -19.158 -12.020
5112 72.0 -19.233 -11.405
5124 72.0 -19.345 -10.958
5136 72.0 -19.419 -10.343
5148 72.0 -19.494 -9.877
5160 72.0 -19.643 -9.262
5172 72.0 -19.699 -8.796
5184 72.0 -19.622 -9.397
5196 72.0 -19.969 -9.388
5208 72.0 -19.840 -8.141
5220 72.0 -20.228 -8.755
5232 72.0 -19.937 -8.549
5244 72.0 -19.976 -8.495
5256 72.0 -20.224 -7.836
5268 72.0 -20.446 -8.614
5280 72.0 -20.399 -7.701
5292 72.0 -20.634 -8.011
5304 72.0 -20.418 -7.291
5316 72.0 -20.778 -6.511
5184 85.0 3.410 44.970
5196 85.0 3.410 44.970
5208 85.0 3.410 45.063
5220 85.0 3.410 45.063
5232 85.0 3.410 45.063
5244 85.0 3.410 45.137
5256 85.0 3.373 45.137
5268 85.0 3.373 45.212
5280 85.0 3.459 45.091
5292 85.0 3.481 45.067
5304 85.0 3.445 45.081
5316 85.0 3.403 45.070
5328 85.0 3.386 44.923
5340 85.0 3.335 44.949
5352 85.0 3.375 45.048
5364 85.0 3.481 44.983
5376 85.0 3.410 45.069
5388 85.0 3.378 45.064
5400 85.0 3.350 45.081
5412 85.0 3.304 45.097
5208 18.0 1.025 52.014
5220 18.0 0.857 51.250
5232 18.0 0.783 50.784
5244 18.0 0.708 50.337
5256 18.0 0.634 49.722
5268 18.0 0.559 49.256
5280 18.0 0.503 48.809
5292 18.0 0.447 48.343
5304 18.0 0.650 47.419
5316 18.0 0.325 46.593
5328 18.0 0.011 46.371
5340 18.0 0.002 44.962
5352 18.0 0.382 44.812
5364 18.0 0.390 45.686
5376 18.0 0.481 44.503
5388 18.0 0.189 44.492
5400 18.0 0.628 46.523
5412 18.0 -0.090 42.324
5424 18.0 -0.400 43.693
5436 18.0 -0.859 43.494
5244 25.0 3.615 43.665
5256 25.0 3.615 43.665
5268 25.0 3.615 43.665
5280 25.0 3.615 43.665
5292 25.0 3.615 43.665
5304 25.0 3.615 43.665
5316 25.0 3.615 43.665
5328 25.0 3.615 43.665
5340 25.0 3.655 43.736
5352 25.0 3.567 43.699
5364 25.0 3.633 43.815
5376 25.0 3.687 43.846
5388 25.0 3.745 43.858
5400 25.0 3.724 43.790
5412 25.0 3.726 43.884
5424 25.0 3.702 43.848
5436 25.0 3.767 43.783
5448 25.0 3.801 43.855
5460 25.0 3.730 43.703
5472 25.0 3.843 43.710
5244 69.0 4.622 13.493
5256 69.0 4.063 13.176
5268 69.0 3.522 12.878
5280 69.0 2.982 12.729
5292 69.0 2.497 12.412
5304 69.0 1.938 12.114
5316 69.0 1.398 11.797
5328 69.0 0.857 11.648
5340 69.0 0.983 12.359
5352 69.0 1.748 12.562
5364 69.0 1.810 12.616
5376 69.0 1.257 12.295
5388 69.0 0.911 13.161
5400 69.0 0.102 12.956
5412 69.0 0.344 13.217
5424 69.0 -0.528 13.192
5436 69.0 -0.106 12.591
5448 69.0 0.162 12.861
5460 69.0 -0.468 12.812
5472 69.0 0.306 12.698
5316 76.0 -1.864 -4.044
5328 76.0 -1.864 -4.361
5340 76.0 -1.994 -4.827
5352 76.0 -2.199 -5.125
5364 76.0 -2.348 -5.572
5376 76.0 -2.479 -5.908
5388 76.0 -2.684 -6.355
5400 76.0 -2.833 -6.802
5412 76.0 -2.950 -7.666
5424 76.0 -2.725 -7.842
5436 76.0 -2.837 -8.315
5448 76.0 -2.725 -8.518
5460 76.0 -2.613 -8.707
5472 76.0 -2.916 -9.378
5484 76.0 -2.681 -10.763
5496 76.0 -2.762 -10.626
5508 76.0 -2.847 -10.348
5520 76.0 -3.456 -12.324
5532 76.0 -2.842 -11.562
5544 76.0 -2.977 -8.917
5424 86.0 3.299 45.510
5436 86.0 3.299 45.585
5448 86.0 3.299 45.585
5460 86.0 3.299 45.585
5472 86.0 3.299 45.659
5484 86.0 3.299 45.659
5496 86.0 3.299 45.659
5508 86.0 3.336 45.659
5520 86.0 3.356 45.781
5532 86.0 3.505 45.795
5544 86.0 3.434 45.716
5556 86.0 3.382 45.626
5568 86.0 3.422 45.561
5580 86.0 3.475 45.496
5592 86.0 3.387 45.542
5604 86.0 3.456 45.566
5616 86.0 3.342 45.524
5628 86.0 3.345 45.559
5640 86.0 3.417 45.577
5652 86.0 3.459 45.587
5484 70.0 -5.740 7.212
5496 70.0 -6.150 6.746
5508 70.0 -6.560 6.206
5520 70.0 -6.840 5.740
5532 70.0 -7.175 5.293
5544 70.0 -7.455 4.752
5556 70.0 -7.790 4.286
5568 70.0 -8.107 3.914
5580 70.0 -7.608 4.066
5592 70.0 -7.973 3.995
5604 70.0 -7.876 3.093
5616 70.0 -7.866 2.577
5628 70.0 -7.658 1.889
5640 70.0 -7.854 1.884
5652 70.0 -7.790 1.205
5664 70.0 -7.757 0.615
5676 70.0 -7.340 -0.720
5688 70.0 -7.277 -0.037
5700 70.0 -7.213 1.529
5712 70.0 -7.084 -0.061
5556 77.0 -3.522 -9.877
5568 77.0 -3.522 -9.877
5580 77.0 -3.485 -9.877
5592 77.0 -3.522 -10.026
5604 77.0 -3.522 -10.026
5616 77.0 -3.522 -10.101
5628 77.0 -3.541 -10.101
5640 77.0 -3.541 -10.175
5652 77.0 -3.635 -10.120
5664 77.0 -3.499 -10.056
5676 77.0 -3.500 -9.956
5688 77.0 -3.491 -9.940
5700 77.0 -3.503 -9.897
5712 77.0 -3.593 -9.866
5724 77.0 -3.495 -9.865
5736 77.0 -3.499 -9.903
5748 77.0 -3.566 -9.938
5760 77.0 -3.527 -9.867
5772 77.0 -3.544 -9.880
5784 77.0 -3.519 -9.818
5604 73.0 4.510 12.952
5616 73.0 3.970 12.952
5628 73.0 3.410 12.952
5640 73.0 2.870 12.803
5652 73.0 2.330 12.803
5664 73.0 1.770 12.635
5676 73.0 1.230 12.635
5688 73.0 0.671 12.635
5700 73.0 0.990 13.076
5712 73.0 1.175 12.777
5724 73.0 0.893 13.096
5736 73.0 0.962 13.091
5748 73.0 0.398 13.188
5760 73.0 0.120 13.051
5772 73.0 0.564 12.932
5784 73.0 -0.672 13.970
5796 73.0 -1.503 13.975
5808 73.0 -1.460 13.094
5820 73.0 -2.039 12.985
5832 73.0 -0.702 13.446
5664 87.0 3.373 45.436
5676 87.0 3.373 45.436
5688 87.0 3.410 45.436
5700 87.0 3.410 45.436
5712 87.0 3.410 45.436
5724 87.0 3.410 45.361
5736 87.0 3.410 45.361
5748 87.0 3.410 45.361
5760 87.0 3.462 45.342
5772 87.0 3.467 45.378
5784 87.0 3.428 45.399
5796 87.0 3.506 45.397
5808 87.0 3.416 45.361
5820 87.0 3.409 45.341
5832 87.0 3.469 45.325
5844 87.0 3.469 45.383
5856 87.0 3.412 45.385
5868 87.0 3.457 45.323
5880 87.0 3.477 45.435
5892 87.0 3.467 45.391
5724 71.0 -12.151 -2.218
5736 71.0 -12.430 -2.833
5748 71.0 -12.710 -3.280
5760 71.0 -12.971 -3.895
5772 71.0 -13.250 -4.361
5784 71.0 -13.530 -4.827
5796 71.0 -13.791 -5.442
5808 71.0 -14.070 -5.889
5820 71.0 -13.823 -5.987
5832 71.0 -13.194 -5.566
5844 71.0 -13.250 -6.830
5856 71.0 -12.967 -8.293
5868 71.0 -13.101 -8.551
5880 71.0 -13.170 -9.859
5892 71.0 -13.305 -10.079
5904 71.0 -13.040 -9.616
5916 71.0 -13.070 -11.155
5928 71.0 -12.274 -10.654
5940 71.0 -12.796 -10.256
5952 71.0 -12.589 -8.613
6336 42.0 1.770 15.245
6348 42.0 1.062 15.245
6360 42.0 0.429 15.245
6372 42.0 -0.112 15.245
6384 42.0 -0.727 15.245
6396 42.0 -1.286 15.394
6408 42.0 -1.901 15.394
6420 42.0 -2.441 15.394
6432 42.0 -1.694 15.258
6444 42.0 -2.845 15.303
6456 42.0 -3.478 15.558
6468 42.0 -2.294 15.494
6480 42.0 -3.832 16.291
6492 42.0 -4.180 16.671
6504 42.0 -3.727 16.202
6516 42.0 -4.263 16.467
6528 42.0 -3.889 16.849
6540 42.0 -3.019 15.979
6552 42.0 -4.381 16.759
6564 42.0 -4.461 17.296
6504 40.0 3.765 44.206
6516 40.0 3.765 44.206
6528 40.0 3.765 44.206
6540 40.0 3.765 44.206
6552 40.0 3.765 44.206
6564 40.0 3.765 44.206
6576 40.0 3.765 44.206
6588 40.0 3.765 44.206
6600 40.0 3.745 44.233
6612 40.0 3.790 44.266
6624 40.0 3.819 44.262
6636 40.0 3.797 44.193
6648 40.0 3.844 44.189
6660 40.0 3.829 44.214
6672 40.0 3.745 44.094
6684 40.0 3.790 44.199
6696 40.0 3.825 44.089
6708 40.0 3.758 44.096
6720 40.0 3.699 44.161
6732 40.0 3.723 44.180
6504 44.0 -20.407 19.326
6516 44.0 -19.810 19.326
6528 44.0 -19.177 19.326
6540 44.0 -18.506 19.326
6552 44.0 -17.872 19.326
6564 44.0 -17.257 19.326
6576 44.0 -16.568 19.326
6588 44.0 -15.971 19.326
6600 44.0 -16.407 19.077
6612 44.0 -15.990 19.374
6624 44.0 -15.659 19.207
6636 44.0 -16.117 19.659
6648 44.0 -16.398 18.905
6660 44.0 -15.293 19.064
6672 44.0 -15.820 19.069
6684 44.0 -16.132 18.909
6696 44.0 -14.419 18.933
6708 44.0 -15.813 19.057
6720 44.0 -16.266 19.053
6732 44.0 -16.294 19.507
6504 46.0 -7.492 -5.367
6516 46.0 -7.492 -5.367
6528 46.0 -7.492 -5.367
6540 46.0 -7.492 -5.367
6552 46.0 -7.492 -5.367
6564 46.0 -7.492 -5.367
6576 46.0 -7.492 -5.367
6588 46.0 -7.492 -5.367
6600 46.0 -7.525 -5.331
6612 46.0 -7.447 -5.386
6624 46.0 -7.464 -5.463
6636 46.0 -7.419 -5.510
6648 46.0 -7.464 -5.416
6660 46.0 -7.448 -5.417
6672 46.0 -7.409 -5.380
6684 46.0 -7.432 -5.401
6696 46.0 -7.390 -5.449
6708 46.0 -7.381 -5.357
6720 46.0 -7.407 -5.318
6732 46.0 -7.414 -5.394
6576 43.0 -10.604 16.251
6588 43.0 -11.014 16.251
6600 43.0 -11.499 16.251
6612 43.0 -11.983 16.251
6624 43.0 -12.468 16.251
6636 43.0 -13.008 16.251
6648 43.0 -13.549 16.251
6660 43.0 -14.108 16.400
6672 43.0 -14.057 16.262
6684 43.0 -13.574 16.377
6696 43.0 -13.995 16.993
6708 43.0 -14.484 16.718
6720 43.0 -15.417 16.689
6732 43.0 -15.555 16.782
6744 43.0 -16.037 16.570
6756 43.0 -14.921 16.932
6768 43.0 -14.825 16.903
6780 43.0 -16.916 18.331
6792 43.0 -17.033 18.090
6804 43.0 -16.444 17.988
6744 41.0 3.765 44.206
6756 41.0 3.765 44.206
6768 41.0 3.765 44.206
6780 41.0 3.765 44.206
6792 41.0 3.765 44.206
6804 41.0 3.765 44.206
6816 41.0 3.765 44.206
6828 41.0 3.765 44.206
6840 41.0 3.687 44.184
6852 41.0 3.743 44.203
6864 41.0 3.749 44.151
6876 41.0 3.788 44.178
6888 41.0 3.815 44.146
6900 41.0 3.811 44.110
6912 41.0 3.788 44.104
6924 41.0 3.768 44.258
6936 41.0 3.789 44.207
6948 41.0 3.815 44.164
6960 41.0 3.753 44.187
6972 41.0 3.788 44.113
6744 45.0 -7.734 19.475
6756 45.0 -7.100 19.475
6768 45.0 -6.430 19.475
6780 45.0 -5.796 19.475
6792 45.0 -5.200 19.475
6804 45.0 -4.566 19.475
6816 45.0 -3.951 19.475
6828 45.0 -3.261 19.475
6840 45.0 -4.462 19.156
6852 45.0 -4.260 19.173
6864 45.0 -4.137 18.656
6876 45.0 -4.101 18.916
6888 45.0 -4.199 18.509
6900 45.0 -3.819 18.536
6912 45.0 -3.576 18.444
6924 45.0 -2.642 18.054
6936 45.0 -2.896 18.123
6948 45.0 -2.348 18.228
6960 45.0 -1.465 17.709
6972 45.0 -1.214 17.590
6744 47.0 -7.492 -5.367
6756 47.0 -7.492 -5.367
6768 47.0 -7.492 -5.367
6780 47.0 -7.492 -5.367
6792 47.0 -7.492 -5.367
6804 47.0 -7.492 -5.367
6816 47.0 -7.492 -5.367
6828 47.0 -7.492 -5.367
6840 47.0 -7.477 -5.514
6852 47.0 -7.504 -5.399
6864 47.0 -7.510 -5.454
6876 47.0 -7.559 -5.390
6888 47.0 -7.582 -5.424
6900 47.0 -7.585 -5.412
6912 47.0 -7.549 -5.305
6924 47.0 -7.463 -5.385
6936 47.0 -7.471 -5.361
6948 47.0 -7.432 -5.256
6960 47.0 -7.477 -5.303
6972 47.0 -7.431 -5.272
6840 2.0 5.032 14.406
6852 2.0 4.417 14.406
6864 2.0 3.802 14.555
6876 2.0 3.168 14.555
6888 2.0 2.572 14.704
6900 2.0 1.938 14.704
6912 2.0 1.323 14.704
6924 2.0 0.708 14.872
6936 2.0 1.358 14.707
6948 2.0 1.021 15.359
6960 2.0 0.777 14.750
6972 2.0 0.037 15.137
6984 2.0 -0.016 15.169
6996 2.0 0.497 14.680
7008 2.0 0.479 14.722
7020 2.0 0.010 15.142
7032 2.0 -0.839 15.501
7044 2.0 0.102 15.634
7056 2.0 -1.821 15.640
7068 2.0 -1.190 15.822
6888 0.0 3.578 19.158
6900 0.0 3.243 18.543
6912 0.0 2.833 17.928
6924 0.0 2.497 17.313
6936 0.0 2.143 16.698
6948 0.0 1.733 16.102
6960 0.0 1.398 15.468
6972 0.0 0.988 14.872
6984 0.0 2.250 15.489
6996 0.0 2.066 15.167
7008 0.0 1.347 14.421
7020 0.0 1.538 13.798
7032 0.0 1.593 13.227
7044 0.0 1.451 13.708
7056 0.0 0.869 12.147
7068 0.0 1.501 11.478
7080 0.0 1.343 12.555
7092 0.0 0.305 10.966
7104 0.0 1.651 14.512
7116 0.0 1.688 13.451
6996 159.0 -17.369 -14.704
7008 159.0 -17.295 -14.406
7020 159.0 -17.090 -13.623
7032 159.0 -16.940 -13.027
7044 159.0 -16.885 -12.412
7056 159.0 -16.885 -11.797
7068 159.0 -16.885 -11.182
7080 159.0 -16.940 -10.567
7092 159.0 -17.313 -10.932
7104 159.0 -16.597 -9.825
7116 159.0 -16.823 -9.085
7128 159.0 -17.293 -10.491
7140 159.0 -17.055 -9.209
7152 159.0 -16.753 -9.046
7164 159.0 -17.070 -9.035
7176 159.0 -16.833 -8.428
7188 159.0 -16.986 -9.249
7200 159.0 -16.609 -6.759
7212 159.0 -17.056 -8.037
7224 159.0 -16.900 -7.491
7080 3.0 -6.001 14.164
7092 3.0 -6.635 14.164
7104 3.0 -7.231 14.164
7116 3.0 -7.939 14.015
7128 3.0 -8.535 14.015
7140 3.0 -9.132 14.015
7152 3.0 -9.859 14.015
7164 3.0 -10.343 14.015
7176 3.0 -9.444 14.539
7188 3.0 -9.777 14.404
7200 3.0 -10.833 14.560
7212 3.0 -11.094 14.952
7224 3.0 -11.659 14.556
7236 3.0 -12.665 14.795
7248 3.0 -13.208 14.880
7260 3.0 -11.057 13.882
7272 3.0 -11.351 14.422
7284 3.0 -12.674 14.769
7296 3.0 -12.315 14.821
7308 3.0 -10.480 14.837
7128 1.0 -4.324 7.734
7140 1.0 -4.808 7.287
7152 1.0 -5.293 6.821
7164 1.0 -5.665 6.280
7176 1.0 -6.001 5.665
7188 1.0 -6.430 5.069
7200 1.0 -6.802 4.454
7212 1.0 -7.138 3.914
7224 1.0 -6.792 5.218
7236 1.0 -6.451 5.766
7248 1.0 -7.023 5.394
7260 1.0 -6.573 5.312
7272 1.0 -6.705 4.904
7284 1.0 -7.740 4.268
7296 1.0 -7.309 3.976
7308 1.0 -7.582 3.916
7320 1.0 -7.793 3.919
7332 1.0 -8.459 4.020
7344 1.0 -9.093 4.311
7356 1.0 -7.877 4.269
7236 160.0 -16.885 -2.590
7248 160.0 -16.885 -1.994
7260 160.0 -16.829 -1.379
7272 160.0 -16.829 -0.764
7284 160.0 -16.754 -0.149
7296 160.0 -16.754 0.466
7308 160.0 -16.680 1.081
7320 160.0 -16.680 1.696
7332 160.0 -16.821 1.997
7344 160.0 -16.853 1.582
7356 160.0 -16.987 1.520
7368 160.0 -16.866 1.296
7380 160.0 -16.787 3.128
7392 160.0 -17.047 4.070
7404 160.0 -16.940 4.563
7416 160.0 -16.591 5.275
7428 160.0 -16.833 3.901
7440 160.0 -16.487 4.588
7452 160.0 -16.639 3.453
7464 160.0 -15.623 7.033
7308 157.0 4.696 13.791
7320 157.0 4.137 13.642
7332 157.0 3.653 13.493
7344 157.0 3.112 13.325
7356 157.0 2.628 13.176
7368 157.0 2.087 13.027
7380 157.0 1.603 12.878
7392 157.0 1.118 12.729
7404 157.0 1.044 13.523
7416 157.0 1.350 13.765
7428 157.0 1.304 13.578
7440 157.0 0.296 13.223
7452 157.0 0.598 13.042
7464 157.0 0.853 12.292
7476 157.0 -0.545 13.459
7488 157.0 0.820 13.032
7500 157.0 -0.037 13.501
7512 157.0 -0.962 13.720
7524 157.0 0.809 13.382
7536 157.0 -0.912 13.822
7476 161.0 -15.990 9.970
7488 161.0 -15.990 10.418
7500 161.0 -15.990 11.033
7512 161.0 -16.102 11.797
7524 161.0 -16.176 12.561
7536 161.0 -16.232 13.418
7548 161.0 -16.307 14.164
7560 161.0 -16.381 15.021
7572 161.0 -16.606 14.199
7584 161.0 -16.526 14.966
7596 161.0 -16.626 15.569
7608 161.0 -16.665 15.991
7620 161.0 -16.418 16.248
7632 161.0 -16.915 16.341
7644 161.0 -16.395 18.190
7656 161.0 -17.543 17.675
7668 161.0 -16.556 15.419
7680 161.0 -16.296 14.867
7692 161.0 -16.904 13.751
7704 161.0 -16.939 15.436
7548 158.0 -5.945 11.797
7560 158.0 -6.560 11.815
7572 158.0 -7.212 11.965
7584 158.0 -7.827 12.039
7596 158.0 -8.442 12.020
7608 158.0 -9.076 12.020
7620 158.0 -9.616 12.020
7632 158.0 -10.231 12.020
7644 158.0 -9.543 12.555
7656 158.0 -10.134 13.073
7668 158.0 -10.401 12.548
7680 158.0 -11.929 12.759
7692 158.0 -12.944 13.273
7704 158.0 -10.584 12.367
7716 158.0 -11.226 12.658
7728 158.0 -10.742 13.235
7740 158.0 -11.290 13.467
7752 158.0 -13.448 14.217
7764 158.0 -13.582 14.445
7776 158.0 -13.554 15.065
8496 16.0 -1.826 21.618
8508 16.0 -1.565 21.618
8520 16.0 -1.155 21.618
8532 16.0 -0.727 21.618
8544 16.0 -0.261 21.767
8556 16.0 0.149 21.767
8568 16.0 0.634 21.767
8580 16.0 1.044 21.767
8592 16.0 0.197 21.529
8604 16.0 0.419 21.740
8616 16.0 0.808 21.247
8628 16.0 0.400 21.566
8640 16.0 0.880 21.403
8652 16.0 0.547 21.267
8664 16.0 0.644 21.633
8676 16.0 0.708 21.255
8688 16.0 0.826 21.065
8700 16.0 1.142 20.878
8712 16.0 1.654 20.195
8724 16.0 2.359 19.928
8496 48.0 3.578 44.056
8508 48.0 3.578 44.056
8520 48.0 3.578 44.056
8532 48.0 3.578 44.056
8544 48.0 3.578 44.056
8556 48.0 3.578 44.056
8568 48.0 3.578 44.056
8580 48.0 3.578 44.056
8592 48.0 3.629 44.036
8604 48.0 3.656 44.015
8616 48.0 3.675 44.021
8628 48.0 3.729 43.992
8640 48.0 3.747 43.970
8652 48.0 3.764 44.049
8664 48.0 3.684 44.052
8676 48.0 3.622 44.222
8688 48.0 3.597 44.105
8700 48.0 3.588 44.062
8712 48.0 3.571 44.191
8724 48.0 3.595 44.125
8508 128.0 -7.138 -5.516
8520 128.0 -7.138 -5.516
8532 128.0 -7.138 -5.516
8544 128.0 -7.138 -5.516
8556 128.0 -7.138 -5.516
8568 128.0 -7.138 -5.516
8580 128.0 -7.138 -5.516
8592 128.0 -7.138 -5.516
8604 128.0 -7.140 -5.488
8616 128.0 -7.089 -5.543
8628 128.0 -7.123 -5.576
8640 128.0 -7.090 -5.544
8652 128.0 -7.134 -5.581
8664 128.0 -7.126 -5.600
8676 128.0 -7.151 -5.533
8688 128.0 -7.126 -5.581
8700 128.0 -7.104 -5.590
8712 128.0 -7.103 -5.446
8724 128.0 -7.085 -5.508
8736 128.0 -7.067 -5.568
8580 88.0 -25.625 14.015
8592 88.0 -25.215 13.120
8604 88.0 -24.880 12.188
8616 88.0 -24.470 11.256
8628 88.0 -24.115 10.660
8640 88.0 -23.780 9.877
8652 88.0 -23.370 9.281
8664 88.0 -23.016 8.647
8676 88.0 -23.297 9.922
8688 88.0 -23.185 10.225
8700 88.0 -22.357 7.968
8712 88.0 -22.025 8.558
8724 88.0 -22.039 8.050
8736 88.0 -20.736 6.838
8748 88.0 -21.072 7.702
8760 88.0 -20.373 8.463
8772 88.0 -20.840 7.663
8784 88.0 -20.378 7.730
8796 88.0 -20.276 7.911
8808 88.0 -20.590 6.383
8736 17.0 8.125 19.307
8748 17.0 8.591 19.009
8760 17.0 9.076 18.711
8772 17.0 9.560 18.543
8784 17.0 9.896 18.543
8796 17.0 9.896 18.543
8808 17.0 9.896 18.543
8820 17.0 9.896 18.543
8832 17.0 10.701 18.160
8844 17.0 10.726 17.884
8856 17.0 11.123 17.707
8868 17.0 11.030 17.991
8880 17.0 11.008 17.585
8892 17.0 11.509 17.553
8904 17.0 11.550 17.597
8916 17.0 11.570 17.585
8928 17.0 11.855 17.325
8940 17.0 11.767 17.205
8952 17.0 12.363 16.552
8964 17.0 12.770 16.364
8736 49.0 3.578 44.056
8748 49.0 3.578 44.056
8760 49.0 3.578 44.056
8772 49.0 3.578 44.056
8784 49.0 3.578 44.056
8796 49.0 3.578 44.056
8808 49.0 3.578 44.056
8820 49.0 3.578 44.056
8832 49.0 3.552 44.043
8844 49.0 3.671 43.996
8856 49.0 3.576 44.045
8868 49.0 3.610 44.010
8880 49.0 3.645 43.962
8892 49.0 3.588 44.023
8904 49.0 3.608 44.045
8916 49.0 3.668 44.029
8928 49.0 3.665 44.060
8940 49.0 3.613 44.041
8952 49.0 3.595 44.081
8964 49.0 3.557 44.069
8748 129.0 -7.138 -5.516
8760 129.0 -7.138 -5.516
8772 129.0 -7.138 -5.516
8784 129.0 -7.138 -5.516
8796 129.0 -7.138 -5.516
8808 129.0 -7.138 -5.516
8820 129.0 -7.138 -5.516
8832 129.0 -7.138 -5.516
8844 129.0 -7.143 -5.553
8856 129.0 -7.142 -5.537
8868 129.0 -7.049 -5.551
8880 129.0 -7.058 -5.496
8892 129.0 -7.117 -5.500
8904 129.0 -7.027 -5.526
8916 129.0 -7.132 -5.471
8928 129.0 -7.074 -5.566
8940 129.0 -7.050 -5.560
8952 129.0 -7.110 -5.587
8964 129.0 -7.096 -5.633
8976 129.0 -7.101 -5.584
8760 57.0 14.052 20.835
8772 57.0 14.462 21.693
8784 57.0 14.909 22.680
8796 57.0 15.245 22.997
8808 57.0 15.580 22.848
8820 57.0 15.878 22.680
8832 57.0 16.139 22.513
8844 57.0 16.475 22.364
8856 57.0 16.574 22.785
8868 57.0 15.554 23.540
8880 57.0 16.478 23.241
8892 57.0 15.911 23.674
8904 57.0 15.800 23.414
8916 57.0 15.920 23.142
8928 57.0 15.772 23.441
8940 57.0 16.041 23.572
8952 57.0 16.356 22.983
8964 57.0 16.224 23.119
8976 57.0 16.050 22.900
8988 57.0 16.219 23.514
