0 14.0 21.467 -17.871
12 14.0 20.844 -17.956
24 14.0 20.221 -18.040
36 14.0 19.711 -18.040
48 14.0 19.088 -18.125
60 14.0 18.465 -18.125
72 14.0 17.927 -18.125
84 14.0 17.332 -18.125
96 14.0 17.999 -18.119
108 14.0 17.407 -18.051
120 14.0 17.291 -17.987
132 14.0 16.884 -17.397
144 14.0 16.064 -17.857
156 14.0 15.775 -16.838
168 14.0 15.513 -16.255
180 14.0 15.437 -16.179
192 14.0 16.151 -16.466
204 14.0 14.591 -15.401
216 14.0 15.426 -15.562
228 14.0 16.923 -16.685
240 15.0 10.167 -17.078
252 15.0 9.629 -16.993
264 15.0 9.119 -16.794
276 15.0 8.496 -16.709
288 15.0 7.987 -16.539
300 15.0 7.590 -16.370
312 15.0 7.080 -16.200
324 15.0 6.542 -16.001
336 15.0 7.233 -16.150
348 15.0 6.173 -15.685
360 15.0 5.743 -15.366
372 15.0 4.845 -15.225
384 15.0 5.672 -15.257
396 15.0 4.699 -15.119
408 15.0 4.628 -15.075
420 15.0 3.564 -14.157
432 15.0 4.440 -14.507
444 15.0 4.798 -14.273
456 15.0 5.143 -15.093
468 15.0 2.762 -13.444
348 18.0 9.006 -18.295
360 18.0 9.459 -18.040
372 18.0 10.082 -17.786
384 18.0 10.705 -17.417
396 18.0 11.300 -17.163
408 18.0 11.923 -16.794
420 18.0 12.461 -16.709
432 18.0 13.084 -16.709
444 18.0 11.195 -17.119
456 18.0 11.747 -17.250
468 18.0 11.240 -17.774
480 18.0 11.101 -18.084
492 18.0 11.894 -17.690
504 18.0 12.168 -18.292
516 18.0 11.723 -18.320
528 18.0 11.339 -17.640
540 18.0 11.700 -17.425
552 18.0 11.540 -17.937
564 18.0 11.062 -17.670
576 18.0 11.194 -17.402
588 19.0 20.986 -16.313
600 19.0 21.722 -16.313
612 19.0 22.544 -16.313
624 19.0 23.252 -16.313
636 19.0 23.875 -16.426
648 19.0 24.611 -16.483
660 19.0 25.347 -16.681
672 19.0 25.970 -16.766
684 19.0 24.847 -17.092
696 19.0 23.715 -16.491
708 19.0 23.395 -16.155
720 19.0 23.965 -16.063
732 19.0 24.483 -16.346
744 19.0 24.639 -15.935
756 19.0 24.451 -16.031
768 19.0 24.974 -16.591
780 19.0 24.296 -16.551
792 19.0 25.516 -17.205
804 19.0 25.326 -17.355
816 19.0 25.671 -17.958
1188 0.0 32.569 -18.550
1200 0.0 31.889 -18.550
1212 0.0 31.266 -18.550
1224 0.0 30.643 -18.437
1236 0.0 30.134 -18.437
1248 0.0 29.510 -18.352
1260 0.0 28.887 -18.352
1272 0.0 28.264 -18.267
1284 0.0 28.116 -18.028
1296 0.0 28.528 -17.159
1308 0.0 27.990 -17.117
1320 0.0 27.252 -17.141
1332 0.0 26.358 -16.446
1344 0.0 24.225 -15.739
1356 0.0 25.570 -16.601
1368 0.0 26.629 -16.537
1380 0.0 24.131 -16.310
1392 0.0 24.022 -15.716
1404 0.0 25.896 -16.543
1416 0.0 26.709 -16.562
1188 1.0 32.569 -17.474
1200 1.0 31.889 -17.474
1212 1.0 31.266 -17.361
1224 1.0 30.757 -17.361
1236 1.0 30.134 -17.304
1248 1.0 29.510 -17.304
1260 1.0 28.887 -17.304
1272 1.0 28.264 -17.304
1284 1.0 28.516 -16.926
1296 1.0 28.515 -17.208
1308 1.0 27.242 -16.693
1320 1.0 27.282 -16.791
1332 1.0 26.987 -16.717
1344 1.0 26.914 -17.260
1356 1.0 27.239 -17.081
1368 1.0 27.926 -17.406
1380 1.0 28.129 -17.048
1392 1.0 26.937 -16.964
1404 1.0 25.661 -16.342
1416 1.0 25.341 -15.374
1188 2.0 32.569 -16.058
1200 2.0 31.889 -16.058
1212 2.0 31.181 -16.058
1224 2.0 30.558 -15.973
1236 2.0 29.850 -15.973
1248 2.0 29.227 -15.860
1260 2.0 28.717 -15.860
1272 2.0 28.094 -15.860
1284 2.0 29.122 -16.662
1296 2.0 28.920 -16.648
1308 2.0 28.556 -15.990
1320 2.0 28.806 -16.036
1332 2.0 28.766 -16.260
1344 2.0 27.674 -16.025
1356 2.0 28.505 -15.761
1368 2.0 26.977 -15.746
1380 2.0 27.531 -16.473
1392 2.0 26.432 -16.148
1404 2.0 26.216 -16.297
1416 2.0 27.457 -16.444
1188 34.0 32.711 -16.823
1200 34.0 31.946 -16.823
1212 34.0 31.323 -16.709
1224 34.0 30.813 -16.709
1236 34.0 30.190 -16.624
1248 34.0 29.567 -16.624
1260 34.0 28.944 -16.539
1272 34.0 28.434 -16.539
1284 34.0 28.823 -16.090
1296 34.0 28.571 -16.046
1308 34.0 28.441 -15.848
1320 34.0 28.585 -16.258
1332 34.0 27.164 -14.859
1344 34.0 27.237 -15.679
1356 34.0 27.073 -15.951
1368 34.0 26.560 -15.918
1380 34.0 27.273 -15.207
1392 34.0 26.137 -14.450
1404 34.0 26.127 -14.643
1416 34.0 25.552 -14.173
1188 36.0 32.343 -18.975
1200 36.0 31.606 -18.862
1212 36.0 31.011 -18.749
1224 36.0 30.445 -18.607
1236 36.0 29.879 -18.494
1248 36.0 29.256 -18.352
1260 36.0 28.604 -18.437
1272 36.0 28.066 -18.409
1284 36.0 28.161 -18.158
1296 36.0 28.500 -18.453
1308 36.0 27.570 -18.116
1320 36.0 27.135 -17.752
1332 36.0 27.254 -18.169
1344 36.0 27.445 -18.517
1356 36.0 25.854 -18.099
1368 36.0 26.000 -17.827
1380 36.0 26.720 -18.123
1392 36.0 26.446 -18.145
1404 36.0 25.494 -16.969
1416 36.0 25.598 -16.988
1428 35.0 20.674 -16.370
1440 35.0 20.051 -16.285
1452 35.0 19.315 -16.285
1464 35.0 18.805 -16.285
1476 35.0 18.295 -16.370
1488 35.0 17.786 -16.370
1500 35.0 17.276 -16.370
1512 35.0 16.738 -16.285
1524 35.0 16.580 -16.075
1536 35.0 16.132 -16.273
1548 35.0 15.330 -15.464
1560 35.0 17.078 -15.809
1572 35.0 16.184 -15.588
1584 35.0 15.405 -15.381
1596 35.0 14.464 -14.643
1608 35.0 15.456 -15.343
1620 35.0 15.246 -15.578
1632 35.0 14.341 -14.680
1644 35.0 14.662 -14.475
1656 35.0 16.077 -14.916
1428 37.0 20.419 -18.324
1440 37.0 19.881 -18.324
1452 37.0 19.372 -18.324
1464 37.0 18.862 -18.324
1476 37.0 18.239 -18.210
1488 37.0 17.729 -18.210
1500 37.0 17.219 -18.125
1512 37.0 16.624 -18.012
1524 37.0 17.320 -17.583
1536 37.0 16.676 -17.348
1548 37.0 16.237 -16.608
1560 37.0 15.749 -16.795
1572 37.0 14.993 -16.134
1584 37.0 15.288 -16.120
1596 37.0 14.381 -15.248
1608 37.0 14.278 -15.389
1620 37.0 13.032 -15.041
1632 37.0 13.182 -14.469
1644 37.0 14.184 -14.887
1656 37.0 13.150 -14.252
1596 28.0 33.022 -18.040
1608 28.0 32.371 -18.012
1620 28.0 31.974 -17.871
1632 28.0 31.521 -17.757
1644 28.0 31.238 -17.644
1656 28.0 30.842 -17.474
1668 28.0 30.388 -17.332
1680 28.0 29.992 -17.247
1692 28.0 30.319 -17.250
1704 28.0 30.177 -16.891
1716 28.0 29.941 -16.598
1728 28.0 28.673 -15.962
1740 28.0 28.744 -15.960
1752 28.0 28.580 -16.123
1764 28.0 28.239 -15.786
1776 28.0 27.564 -15.386
1788 28.0 26.376 -14.334
1800 28.0 26.565 -14.124
1812 28.0 26.719 -14.833
1824 28.0 27.019 -14.502
1596 47.0 32.711 -18.947
1608 47.0 32.314 -18.975
1620 47.0 31.804 -18.749
1632 47.0 31.408 -18.465
1644 47.0 30.898 -18.324
1656 47.0 30.502 -18.125
1668 47.0 30.105 -18.040
1680 47.0 29.709 -17.956
1692 47.0 30.328 -18.274
1704 47.0 30.340 -17.763
1716 47.0 30.250 -17.720
1728 47.0 29.697 -17.791
1740 47.0 29.269 -17.247
1752 47.0 28.494 -16.729
1764 47.0 27.717 -16.043
1776 47.0 27.864 -16.010
1788 47.0 27.515 -15.799
1800 47.0 26.891 -15.925
1812 47.0 27.129 -15.759
1824 47.0 26.034 -15.229
1632 20.0 7.024 -16.228
1644 20.0 7.194 -16.228
1656 20.0 7.420 -16.143
1668 20.0 7.647 -16.143
1680 20.0 7.930 -16.058
1692 20.0 8.156 -16.058
1704 20.0 8.326 -15.973
1716 20.0 8.553 -15.973
1728 20.0 8.857 -15.904
1740 20.0 8.650 -16.054
1752 20.0 8.630 -16.079
1764 20.0 8.649 -15.988
1776 20.0 9.184 -16.163
1788 20.0 9.351 -15.994
1800 20.0 9.683 -16.167
1812 20.0 9.636 -15.771
1824 20.0 10.280 -16.414
1836 20.0 9.956 -16.246
1848 20.0 11.353 -16.335
1860 20.0 9.529 -15.993
1680 25.0 6.797 -17.786
1692 25.0 6.995 -17.786
1704 25.0 7.392 -17.672
1716 25.0 7.675 -17.672
1728 25.0 8.015 -17.616
1740 25.0 8.355 -17.616
1752 25.0 8.666 -17.502
1764 25.0 8.978 -17.502
1776 25.0 8.742 -18.054
1788 25.0 9.131 -17.962
1800 25.0 9.432 -17.552
1812 25.0 8.743 -17.649
1824 25.0 9.374 -18.100
1836 25.0 9.401 -17.499
1848 25.0 10.341 -17.597
1860 25.0 10.328 -17.901
1872 25.0 9.955 -17.858
1884 25.0 9.994 -17.984
1896 25.0 9.259 -18.049
1908 25.0 10.724 -18.162
1680 38.0 6.231 -16.681
1692 38.0 6.429 -16.681
1704 38.0 6.769 -16.681
1716 38.0 7.052 -16.681
1728 38.0 7.392 -16.681
1740 38.0 7.675 -16.681
1752 38.0 8.015 -16.681
1764 38.0 8.298 -16.681
1776 38.0 8.547 -16.520
1788 38.0 8.800 -16.270
1800 38.0 8.512 -16.101
1812 38.0 8.523 -15.856
1824 38.0 8.383 -15.960
1836 38.0 8.360 -15.859
1848 38.0 8.669 -15.906
1860 38.0 8.631 -15.601
1872 38.0 8.364 -16.295
1884 38.0 8.843 -16.312
1896 38.0 8.484 -15.776
1908 38.0 9.205 -16.298
1836 29.0 24.243 -16.539
1848 29.0 23.818 -16.455
1860 29.0 23.535 -16.370
1872 29.0 23.025 -16.539
1884 29.0 22.487 -16.738
1896 29.0 21.949 -16.908
1908 29.0 21.552 -16.964
1920 29.0 21.156 -17.078
1932 29.0 21.572 -16.472
1944 29.0 20.933 -15.931
1956 29.0 20.466 -16.114
1968 29.0 19.913 -16.056
1980 29.0 20.730 -16.016
1992 29.0 20.336 -15.899
2004 29.0 19.538 -15.822
2016 29.0 19.281 -15.700
2028 29.0 20.058 -15.324
2040 29.0 19.067 -15.271
2052 29.0 18.022 -15.272
2064 29.0 16.186 -14.499
1836 48.0 24.158 -17.502
1848 48.0 23.648 -17.672
1860 48.0 22.912 -17.672
1872 48.0 22.402 -17.616
1884 48.0 21.949 -17.616
1896 48.0 21.552 -17.672
1908 48.0 21.156 -17.786
1920 48.0 20.703 -17.871
1932 48.0 20.846 -17.974
1944 48.0 20.845 -17.816
1956 48.0 19.887 -17.336
1968 48.0 20.246 -17.408
1980 48.0 20.156 -17.938
1992 48.0 18.637 -17.363
2004 48.0 18.804 -17.177
2016 48.0 18.041 -17.365
2028 48.0 19.554 -17.367
2040 48.0 19.053 -17.186
2052 48.0 18.745 -16.938
2064 48.0 18.862 -17.649
1872 21.0 13.169 -15.520
1884 21.0 13.481 -15.520
1896 21.0 13.792 -15.520
1908 21.0 14.104 -15.520
1920 21.0 14.500 -15.520
1932 21.0 14.840 -15.520
1944 21.0 15.123 -15.463
1956 21.0 15.548 -15.463
1968 21.0 15.460 -15.410
1980 21.0 16.007 -15.694
1992 21.0 15.294 -15.873
2004 21.0 15.973 -15.963
2016 21.0 16.478 -16.182
2028 21.0 16.070 -15.518
2040 21.0 16.686 -16.017
2052 21.0 18.230 -15.620
2064 21.0 17.570 -15.502
2076 21.0 17.013 -15.613
2088 21.0 18.633 -16.271
2100 21.0 18.162 -15.370
1920 26.0 13.452 -17.247
1932 26.0 13.792 -17.163
1944 26.0 14.189 -17.049
1956 26.0 14.529 -16.993
1968 26.0 14.812 -16.993
1980 26.0 15.152 -16.879
1992 26.0 15.435 -16.823
2004 26.0 15.860 -16.823
2016 26.0 15.495 -16.795
2028 26.0 15.325 -16.178
2040 26.0 15.742 -16.546
2052 26.0 15.704 -16.610
2064 26.0 15.770 -15.985
2076 26.0 15.566 -16.783
2088 26.0 16.121 -16.389
2100 26.0 15.987 -16.833
2112 26.0 16.079 -16.885
2124 26.0 16.549 -17.353
2136 26.0 16.962 -17.303
2148 26.0 17.186 -17.303
1920 39.0 12.320 -16.285
1932 39.0 12.773 -16.200
1944 39.0 13.056 -16.200
1956 39.0 13.452 -16.200
1968 39.0 13.906 -16.200
1980 39.0 14.189 -16.200
1992 39.0 14.642 -16.200
2004 39.0 15.038 -16.228
2016 39.0 14.852 -16.227
2028 39.0 14.913 -16.344
2040 39.0 14.929 -16.409
2052 39.0 15.342 -16.145
2064 39.0 15.171 -16.100
2076 39.0 15.649 -16.356
2088 39.0 15.720 -16.046
2100 39.0 15.435 -16.281
2112 39.0 16.054 -15.696
2124 39.0 15.893 -16.650
2136 39.0 16.649 -16.518
2148 39.0 17.074 -16.573
2076 30.0 17.417 -16.879
2088 30.0 17.616 -16.936
2100 30.0 18.040 -16.936
2112 30.0 18.352 -17.021
2124 30.0 18.749 -17.021
2136 30.0 19.173 -17.106
2148 30.0 19.598 -17.106
2160 30.0 19.995 -17.106
2172 30.0 19.425 -17.150
2184 30.0 19.813 -17.217
2196 30.0 20.102 -17.505
2208 30.0 19.877 -17.707
2220 30.0 20.349 -18.258
2232 30.0 20.781 -18.595
2244 30.0 22.124 -18.466
2256 30.0 22.232 -18.780
2268 30.0 22.952 -19.301
2280 30.0 22.453 -19.275
2292 30.0 21.974 -19.071
2304 30.0 22.849 -19.294
2076 49.0 15.916 -17.474
2088 49.0 15.293 -17.389
2100 49.0 14.670 -17.219
2112 49.0 14.047 -17.106
2124 49.0 13.424 -17.106
2136 49.0 12.914 -17.106
2148 49.0 12.405 -17.106
2160 49.0 11.866 -17.219
2172 49.0 12.187 -16.962
2184 49.0 11.968 -16.936
2196 49.0 11.620 -16.669
2208 49.0 11.238 -16.429
2220 49.0 10.786 -16.051
2232 49.0 11.354 -16.508
2244 49.0 10.543 -16.480
2256 49.0 9.580 -15.756
2268 49.0 10.767 -17.001
2280 49.0 9.924 -16.444
2292 49.0 10.925 -16.868
2304 49.0 7.685 -15.938
2100 23.0 33.277 -18.494
2112 23.0 32.824 -18.833
2124 23.0 32.626 -18.833
2136 23.0 32.116 -18.749
2148 23.0 31.493 -18.550
2160 23.0 30.757 -18.380
2172 23.0 30.134 -18.210
2184 23.0 29.539 -18.040
2196 23.0 30.295 -18.314
2208 23.0 30.803 -18.190
2220 23.0 30.043 -18.060
2232 23.0 29.554 -17.713
2244 23.0 28.589 -17.570
2256 23.0 27.677 -16.846
2268 23.0 27.435 -17.072
2280 23.0 27.149 -17.631
2292 23.0 28.722 -17.085
2304 23.0 27.291 -16.025
2316 23.0 28.270 -16.856
2328 23.0 27.620 -16.092
2112 22.0 20.504 -15.831
2124 22.0 20.844 -15.831
2136 22.0 21.127 -15.831
2148 22.0 21.467 -15.831
2160 22.0 21.751 -15.945
2172 22.0 22.090 -16.001
2184 22.0 22.487 -16.115
2196 22.0 22.798 -16.171
2208 22.0 22.640 -15.962
2220 22.0 22.879 -16.428
2232 22.0 23.611 -16.440
2244 22.0 23.246 -16.412
2256 22.0 23.041 -16.351
2268 22.0 22.871 -16.104
2280 22.0 23.340 -16.640
2292 22.0 23.523 -16.547
2304 22.0 23.667 -16.470
2316 22.0 24.789 -16.846
2328 22.0 24.614 -16.236
2340 22.0 25.215 -16.410
2160 27.0 21.467 -17.247
2172 27.0 21.864 -17.247
2184 27.0 22.260 -17.247
2196 27.0 22.600 -17.247
2208 27.0 22.997 -17.247
2220 27.0 23.421 -17.361
2232 27.0 23.733 -17.361
2244 27.0 24.016 -17.417
2256 27.0 24.274 -17.522
2268 27.0 24.471 -17.484
2280 27.0 24.332 -17.541
2292 27.0 24.121 -17.685
2304 27.0 25.003 -17.829
2316 27.0 26.043 -17.760
2328 27.0 25.277 -17.464
2340 27.0 26.726 -17.817
2352 27.0 26.121 -18.065
2364 27.0 25.712 -17.933
2376 27.0 27.289 -18.783
2388 27.0 28.113 -18.875
2160 40.0 20.136 -16.200
2172 40.0 20.589 -16.256
2184 40.0 20.986 -16.370
2196 40.0 21.297 -16.370
2208 40.0 21.722 -16.455
2220 40.0 22.119 -16.539
2232 40.0 22.430 -16.653
2244 40.0 22.855 -16.653
2256 40.0 22.682 -16.668
2268 40.0 23.385 -17.460
2280 40.0 23.037 -17.042
2292 40.0 23.523 -17.275
2304 40.0 24.226 -17.544
2316 40.0 24.290 -17.114
2328 40.0 24.268 -17.626
2340 40.0 24.876 -17.627
2352 40.0 26.269 -17.983
2364 40.0 26.381 -18.179
2376 40.0 26.467 -18.326
2388 40.0 27.139 -18.827
2316 31.0 25.376 -17.021
2328 31.0 25.800 -17.191
2340 31.0 26.197 -17.304
2352 31.0 26.622 -17.474
2364 31.0 27.047 -17.644
2376 31.0 27.443 -17.814
2388 31.0 27.981 -17.814
2400 31.0 28.604 -17.729
2412 31.0 28.469 -17.890
2424 31.0 29.302 -18.030
2436 31.0 28.416 -17.711
2448 31.0 28.709 -17.582
2460 31.0 30.164 -18.551
2472 31.0 31.692 -18.291
2484 31.0 31.472 -18.880
2496 31.0 30.820 -18.266
2508 31.0 30.302 -19.284
2520 31.0 30.260 -18.471
2532 31.0 31.686 -18.581
2544 31.0 31.910 -18.964
2340 24.0 22.487 -17.956
2352 24.0 21.977 -17.871
2364 24.0 21.354 -17.871
2376 24.0 20.731 -17.871
2388 24.0 19.995 -17.871
2400 24.0 19.372 -17.871
2412 24.0 18.749 -17.871
2424 24.0 18.125 -17.871
2436 24.0 19.048 -17.607
2448 24.0 18.748 -17.639
2460 24.0 18.532 -17.820
2472 24.0 18.418 -17.495
2484 24.0 16.972 -17.150
2496 24.0 16.877 -17.556
2508 24.0 17.241 -17.587
2520 24.0 16.261 -17.562
2532 24.0 16.053 -17.030
2544 24.0 16.499 -17.621
2556 24.0 16.552 -17.453
2568 24.0 17.438 -17.304
2568 11.0 5.919 -21.212
2580 11.0 6.457 -20.788
2592 11.0 7.080 -20.419
2604 11.0 7.703 -20.080
2616 11.0 8.298 -19.711
2628 11.0 8.836 -19.372
2640 11.0 9.233 -19.032
2652 11.0 9.629 -18.664
2664 11.0 8.332 -19.537
2676 11.0 8.158 -20.052
2688 11.0 8.002 -20.218
2700 11.0 8.661 -20.445
2712 11.0 7.844 -19.660
2724 11.0 7.986 -20.402
2736 11.0 8.453 -20.078
2748 11.0 8.435 -20.204
2760 11.0 8.182 -20.590
2772 11.0 8.025 -20.173
2784 11.0 8.294 -20.881
2796 11.0 8.143 -20.680
2808 12.0 17.389 -17.502
2820 12.0 18.125 -17.502
2832 12.0 18.749 -17.616
2844 12.0 19.372 -17.616
2856 12.0 20.108 -17.616
2868 12.0 20.731 -17.672
2880 12.0 21.354 -17.672
2892 12.0 21.977 -17.786
2904 12.0 21.185 -17.316
2916 12.0 20.891 -17.108
2928 12.0 22.068 -16.984
2940 12.0 21.397 -16.964
2952 12.0 22.008 -17.395
2964 12.0 21.581 -17.210
2976 12.0 22.352 -17.747
2988 12.0 22.032 -18.199
3000 12.0 23.500 -18.430
3012 12.0 22.477 -18.494
3024 12.0 21.497 -17.694
3036 12.0 22.401 -17.837
2868 13.0 -9.544 -15.010
2880 13.0 -10.281 -14.812
2892 13.0 -10.790 -14.642
2904 13.0 -11.413 -14.472
2916 13.0 -11.923 -14.302
2928 13.0 -12.461 -14.302
2940 13.0 -12.886 -14.302
2952 13.0 -13.396 -14.302
2964 13.0 -13.041 -13.551
2976 13.0 -13.225 -13.873
2988 13.0 -13.822 -13.977
3000 13.0 -13.650 -13.351
3012 13.0 -14.360 -13.277
3024 13.0 -15.585 -12.145
3036 13.0 -15.629 -12.080
3048 13.0 -16.456 -11.710
3060 13.0 -15.651 -11.934
3072 13.0 -16.158 -11.291
3084 13.0 -16.248 -11.096
3096 13.0 -15.632 -11.508
4296 41.0 31.918 10.479
4308 41.0 31.918 9.856
4320 41.0 31.918 9.233
4332 41.0 31.918 8.610
4344 41.0 31.918 7.987
4356 41.0 31.918 7.363
4368 41.0 31.918 6.740
4380 41.0 31.804 5.891
4392 41.0 31.786 6.438
4404 41.0 31.936 5.427
4416 41.0 31.770 4.959
4428 41.0 31.825 4.880
4440 41.0 31.623 5.127
4452 41.0 31.600 4.196
4464 41.0 31.275 3.167
4476 41.0 31.642 2.470
4488 41.0 31.327 2.549
4500 41.0 31.679 1.977
4512 41.0 31.013 4.105
4524 41.0 30.914 4.146
4344 6.0 33.362 -11.923
4356 6.0 33.362 -11.555
4368 6.0 33.362 -11.187
4380 6.0 33.362 -10.847
4392 6.0 33.419 -10.507
4404 6.0 33.419 -10.224
4416 6.0 33.419 -9.941
4428 6.0 33.305 -9.488
4440 6.0 33.321 -9.428
4452 6.0 33.190 -9.253
4464 6.0 33.362 -9.121
4476 6.0 33.035 -8.684
4488 6.0 32.794 -8.228
4500 6.0 32.884 -7.638
4512 6.0 32.963 -6.896
4524 6.0 33.234 -6.876
4536 6.0 33.485 -6.128
4548 6.0 33.332 -6.571
4560 6.0 33.424 -4.924
4572 6.0 32.930 -6.174
4536 42.0 32.258 -2.804
4548 42.0 32.258 -3.427
4560 42.0 32.059 -4.333
4572 42.0 32.484 -4.673
4584 42.0 32.258 -5.126
4596 42.0 31.748 -5.749
4608 42.0 31.635 -6.401
4620 42.0 31.748 -6.797
4632 42.0 31.757 -7.014
4644 42.0 31.798 -8.147
4656 42.0 31.816 -8.489
4668 42.0 31.871 -10.088
4680 42.0 31.803 -8.842
4692 42.0 32.270 -10.396
4704 42.0 31.848 -10.820
4716 42.0 31.816 -9.379
4728 42.0 31.942 -10.064
4740 42.0 31.907 -9.945
4752 42.0 32.150 -14.397
4764 42.0 32.000 -7.341
4584 7.0 32.682 -7.052
4596 7.0 32.682 -7.052
4608 7.0 32.796 -7.137
4620 7.0 32.796 -7.250
4632 7.0 32.881 -7.307
4644 7.0 32.881 -7.647
4656 7.0 32.881 -7.930
4668 7.0 32.881 -8.100
4680 7.0 32.827 -8.045
4692 7.0 32.793 -8.243
4704 7.0 32.868 -8.713
4716 7.0 32.795 -9.313
4728 7.0 32.305 -9.445
4740 7.0 32.567 -9.652
4752 7.0 32.608 -9.846
4764 7.0 32.765 -10.890
4776 7.0 32.816 -11.379
4788 7.0 32.888 -10.911
4800 7.0 32.813 -11.814
4812 7.0 32.791 -11.446
4596 16.0 32.824 -18.494
4608 16.0 32.201 -18.324
4620 16.0 31.804 -18.210
4632 16.0 31.380 -18.125
4644 16.0 30.983 -17.956
4656 16.0 30.360 -17.956
4668 16.0 29.935 -17.871
4680 16.0 29.822 -17.871
4692 16.0 29.469 -17.191
4704 16.0 29.237 -17.394
4716 16.0 29.377 -17.438
4728 16.0 28.316 -16.871
4740 16.0 28.569 -16.353
4752 16.0 26.844 -15.987
4764 16.0 26.882 -15.243
4776 16.0 26.549 -15.213
4788 16.0 28.306 -16.317
4800 16.0 26.072 -14.661
4812 16.0 28.425 -15.372
4824 16.0 25.765 -14.630
4776 43.0 31.861 -11.753
4788 43.0 31.804 -12.036
4800 43.0 31.804 -12.291
4812 43.0 31.918 -12.575
4824 43.0 31.974 -12.886
4836 43.0 31.635 -13.226
4848 43.0 31.635 -13.934
4860 43.0 31.635 -14.302
4872 43.0 31.819 -14.832
4884 43.0 32.014 -14.815
4896 43.0 31.836 -15.684
4908 43.0 32.118 -15.802
4920 43.0 31.695 -16.600
4932 43.0 32.097 -17.324
4944 43.0 31.741 -17.320
4956 43.0 31.582 -17.949
4968 43.0 31.645 -18.600
4980 43.0 31.824 -19.235
4992 43.0 31.998 -18.909
5004 43.0 31.968 -19.379
4824 8.0 32.796 -12.631
4836 8.0 32.796 -12.971
4848 8.0 32.796 -13.764
4860 8.0 32.796 -13.934
4872 8.0 32.796 -14.104
4884 8.0 32.682 -14.274
4896 8.0 32.682 -14.840
4908 8.0 32.428 -15.350
4920 8.0 32.711 -15.577
4932 8.0 32.613 -16.380
4944 8.0 32.587 -17.331
4956 8.0 32.479 -17.888
4968 8.0 32.642 -17.916
4980 8.0 32.504 -18.320
4992 8.0 32.641 -17.279
5004 8.0 32.788 -18.423
5016 8.0 32.885 -19.710
5028 8.0 32.753 -19.288
5040 8.0 32.607 -20.307
5052 8.0 33.024 -20.042
4836 17.0 22.912 -17.417
4848 17.0 22.600 -17.531
4860 17.0 22.289 -17.531
4872 17.0 21.354 -17.531
4884 17.0 20.618 -17.531
4896 17.0 20.306 -17.531
4908 17.0 19.683 -17.417
4920 17.0 19.060 -17.417
4932 17.0 19.099 -17.269
4944 17.0 20.301 -17.943
4956 17.0 19.425 -17.498
4968 17.0 19.137 -17.774
4980 17.0 19.287 -17.998
4992 17.0 18.061 -17.531
5004 17.0 18.855 -18.245
5016 17.0 17.708 -17.493
5028 17.0 17.045 -17.413
5040 17.0 18.344 -17.889
5052 17.0 19.008 -18.372
5064 17.0 16.426 -17.714
4944 4.0 32.937 -17.644
4956 4.0 32.428 -17.814
4968 4.0 32.031 -17.814
4980 4.0 31.918 -17.814
4992 4.0 31.295 -17.814
5004 4.0 30.672 -17.842
5016 4.0 30.190 -17.729
5028 4.0 29.680 -17.644
5040 4.0 29.584 -17.092
5052 4.0 29.831 -17.124
5064 4.0 28.922 -16.595
5076 4.0 28.858 -17.033
5088 4.0 28.352 -16.442
5100 4.0 27.525 -16.180
5112 4.0 28.195 -16.763
5124 4.0 28.146 -16.316
5136 4.0 27.046 -16.031
5148 4.0 26.404 -15.317
5160 4.0 27.111 -15.918
5172 4.0 27.465 -16.017
4944 32.0 32.739 -18.437
4956 32.0 32.229 -18.437
4968 32.0 31.493 -18.607
4980 32.0 30.870 -18.352
4992 32.0 30.558 -18.267
5004 32.0 30.303 -18.324
5016 32.0 29.935 -18.324
5028 32.0 29.624 -18.352
5040 32.0 29.459 -18.160
5052 32.0 28.002 -17.633
5064 32.0 28.557 -17.993
5076 32.0 27.790 -18.442
5088 32.0 27.160 -16.756
5100 32.0 26.618 -16.962
5112 32.0 26.078 -16.579
5124 32.0 26.893 -16.780
5136 32.0 25.733 -17.040
5148 32.0 26.502 -17.208
5160 32.0 26.730 -16.603
5172 32.0 25.782 -16.881
5016 44.0 31.181 -16.511
5028 44.0 31.238 -16.483
5040 44.0 31.351 -16.455
5052 44.0 31.351 -16.455
5064 44.0 31.408 -16.455
5076 44.0 31.408 -16.426
5088 44.0 31.181 -16.455
5100 44.0 30.785 -16.539
5112 44.0 30.872 -16.450
5124 44.0 30.784 -16.467
5136 44.0 30.861 -16.449
5148 44.0 30.815 -16.400
5160 44.0 30.790 -16.397
5172 44.0 30.933 -16.583
5184 44.0 30.845 -16.632
5196 44.0 30.837 -16.587
5208 44.0 30.829 -16.541
5220 44.0 30.819 -16.634
5232 44.0 30.777 -16.651
5244 44.0 30.488 -16.747
5064 9.0 31.550 -17.332
5076 9.0 31.436 -17.389
5088 9.0 31.351 -17.502
5100 9.0 31.238 -17.559
5112 9.0 31.125 -17.701
5124 9.0 30.615 -17.729
5136 9.0 30.162 -17.814
5148 9.0 29.680 -17.899
5160 9.0 29.698 -17.702
5172 9.0 29.556 -17.537
5184 9.0 30.279 -17.958
5196 9.0 29.609 -17.824
5208 9.0 30.187 -18.037
5220 9.0 30.277 -17.957
5232 9.0 29.777 -17.954
5244 9.0 29.761 -18.106
5256 9.0 29.320 -18.042
5268 9.0 28.668 -17.938
5280 9.0 28.457 -17.476
5292 9.0 28.973 -17.854
5184 5.0 23.421 -16.539
5196 5.0 22.940 -16.539
5208 5.0 22.487 -16.539
5220 5.0 22.062 -16.511
5232 5.0 21.382 -16.455
5244 5.0 20.929 -16.455
5256 5.0 20.731 -16.539
5268 5.0 20.193 -16.455
5280 5.0 19.962 -16.478
5292 5.0 20.082 -16.595
5304 5.0 20.008 -16.549
5316 5.0 19.853 -16.826
5328 5.0 19.602 -17.163
5340 5.0 19.867 -16.583
5352 5.0 18.445 -16.405
5364 5.0 18.370 -16.456
5376 5.0 19.089 -16.663
5388 5.0 17.994 -16.576
5400 5.0 16.312 -15.852
5412 5.0 17.172 -16.190
5184 33.0 23.053 -17.644
5196 33.0 22.628 -17.559
5208 33.0 22.119 -17.474
5220 33.0 21.779 -17.446
5232 33.0 21.326 -17.219
5244 33.0 20.816 -17.219
5256 33.0 20.306 -17.219
5268 33.0 19.796 -17.219
5280 33.0 19.622 -17.225
5292 33.0 19.095 -17.284
5304 33.0 19.217 -16.964
5316 33.0 19.754 -16.790
5328 33.0 19.402 -16.823
5340 33.0 19.494 -17.248
5352 33.0 17.867 -16.372
5364 33.0 17.549 -16.907
5376 33.0 15.334 -15.923
5388 33.0 16.718 -16.811
5400 33.0 17.271 -16.620
5412 33.0 16.724 -16.389
5232 55.0 7.194 -19.428
5244 55.0 7.732 -19.145
5256 55.0 8.156 -18.975
5268 55.0 8.553 -18.692
5280 55.0 8.949 -18.437
5292 55.0 9.516 -18.182
5304 55.0 10.026 -18.012
5316 55.0 10.649 -17.899
5328 55.0 9.669 -18.234
5340 55.0 10.175 -19.043
5352 55.0 9.967 -19.168
5364 55.0 9.935 -18.859
5376 55.0 9.592 -18.876
5388 55.0 9.318 -18.756
5400 55.0 10.120 -18.772
5412 55.0 10.701 -19.583
5424 55.0 10.380 -19.342
5436 55.0 10.510 -19.505
5448 55.0 10.768 -18.998
5460 55.0 11.755 -19.981
5256 45.0 25.404 -17.247
5268 45.0 24.866 -17.163
5280 45.0 24.328 -17.163
5292 45.0 23.818 -17.163
5304 45.0 23.421 -17.049
5316 45.0 22.912 -17.049
5328 45.0 22.487 -16.993
5340 45.0 22.062 -16.879
5352 45.0 22.314 -16.223
5364 45.0 20.835 -16.105
5376 45.0 22.439 -16.490
5388 45.0 21.075 -15.876
5400 45.0 21.157 -16.035
5412 45.0 19.917 -15.817
5424 45.0 20.425 -16.368
5436 45.0 20.115 -15.899
5448 45.0 21.299 -16.392
5460 45.0 19.950 -15.584
5472 45.0 20.334 -15.717
5484 45.0 20.321 -16.087
5304 10.0 23.535 -18.069
5316 10.0 22.912 -18.069
5328 10.0 22.289 -18.069
5340 10.0 21.949 -18.125
5352 10.0 21.552 -18.125
5364 10.0 21.156 -18.125
5376 10.0 20.816 -18.125
5388 10.0 20.306 -18.069
5400 10.0 20.072 -17.527
5412 10.0 19.852 -17.265
5424 10.0 19.106 -16.803
5436 10.0 20.259 -17.551
5448 10.0 18.789 -16.606
5460 10.0 19.192 -17.497
5472 10.0 17.590 -16.826
5484 10.0 17.923 -17.701
5496 10.0 17.238 -17.304
5508 10.0 18.544 -17.048
5520 10.0 17.289 -17.151
5532 10.0 16.598 -16.875
5472 56.0 17.163 -18.069
5484 56.0 17.672 -18.069
5496 56.0 18.069 -18.069
5508 56.0 18.550 -18.069
5520 56.0 19.088 -18.040
5532 56.0 19.485 -17.956
5544 56.0 19.995 -17.927
5556 56.0 20.476 -17.871
5568 56.0 20.406 -18.072
5580 56.0 19.689 -18.343
5592 56.0 19.409 -17.822
5604 56.0 19.913 -17.771
5616 56.0 19.568 -17.802
5628 56.0 19.504 -17.774
5640 56.0 20.238 -17.833
5652 56.0 20.474 -17.884
5664 56.0 20.401 -17.901
5676 56.0 20.317 -17.093
5688 56.0 22.019 -17.623
5700 56.0 21.468 -17.941
5496 46.0 15.237 -16.455
5508 46.0 14.812 -16.539
5520 46.0 14.444 -16.624
5532 46.0 13.934 -16.624
5544 46.0 13.424 -16.624
5556 46.0 12.914 -16.624
5568 46.0 12.405 -16.624
5580 46.0 11.951 -16.624
5592 46.0 12.543 -16.667
5604 46.0 11.966 -16.178
5616 46.0 12.437 -16.092
5628 46.0 11.808 -15.941
5640 46.0 11.879 -15.507
5652 46.0 11.082 -15.286
5664 46.0 10.238 -15.548
5676 46.0 9.865 -15.556
5688 46.0 10.794 -15.871
5700 46.0 10.175 -15.700
5712 46.0 8.434 -15.773
5724 46.0 7.960 -15.142
5712 57.0 26.622 -16.709
5724 57.0 27.245 -16.709
5736 57.0 27.755 -16.709
5748 57.0 28.293 -16.709
5760 57.0 28.916 -16.709
5772 57.0 29.312 -16.709
5784 57.0 29.737 -16.709
5796 57.0 30.134 -16.709
5808 57.0 29.718 -16.998
5820 57.0 29.267 -16.593
5832 57.0 30.158 -17.247
5844 57.0 29.335 -17.002
5856 57.0 30.172 -16.800
5868 57.0 30.797 -16.855
5880 57.0 30.446 -17.056
5892 57.0 31.390 -17.277
5904 57.0 32.231 -17.220
5916 57.0 32.075 -17.456
5928 57.0 32.273 -18.391
5940 57.0 31.265 -17.705
5760 50.0 24.724 1.982
5772 50.0 24.866 1.784
5784 50.0 25.064 1.784
5796 50.0 25.631 1.982
5808 50.0 26.254 1.982
5820 50.0 26.820 1.982
5832 50.0 27.358 1.982
5844 50.0 27.981 1.982
5856 50.0 26.281 1.674
5868 50.0 27.268 1.501
5880 50.0 27.230 1.841
5892 50.0 27.391 1.936
5904 50.0 27.779 2.111
5916 50.0 27.162 2.147
5928 50.0 27.848 2.767
5940 50.0 27.929 2.418
5952 50.0 27.621 2.388
5964 50.0 28.045 2.657
5976 50.0 27.771 2.722
5988 50.0 28.131 2.634
6156 51.0 32.428 -19.287
6168 51.0 31.918 -19.117
6180 51.0 31.493 -18.833
6192 51.0 30.955 -18.664
6204 51.0 30.558 -18.380
6216 51.0 30.162 -18.324
6228 51.0 29.624 -18.324
6240 51.0 29.114 -18.324
6252 51.0 28.967 -17.910
6264 51.0 28.992 -18.160
6276 51.0 29.051 -17.672
6288 51.0 28.426 -17.465
6300 51.0 28.230 -17.089
6312 51.0 26.537 -16.157
6324 51.0 26.722 -16.544
6336 51.0 26.703 -16.022
6348 51.0 26.020 -15.523
6360 51.0 26.940 -15.908
6372 51.0 25.709 -15.171
6384 51.0 25.721 -15.591
6156 53.0 32.994 -18.720
6168 53.0 32.456 -18.437
6180 53.0 31.946 -18.182
6192 53.0 31.436 -17.927
6204 53.0 30.813 -17.927
6216 53.0 30.303 -17.814
6228 53.0 29.680 -17.814
6240 53.0 29.284 -17.814
6252 53.0 29.685 -16.997
6264 53.0 29.525 -17.030
6276 53.0 29.610 -16.956
6288 53.0 28.562 -16.427
6300 53.0 27.356 -16.099
6312 53.0 27.211 -15.925
6324 53.0 27.693 -16.016
6336 53.0 26.120 -15.236
6348 53.0 28.209 -14.977
6360 53.0 26.367 -15.030
6372 53.0 28.215 -14.602
6384 53.0 29.446 -15.607
6396 54.0 22.657 -17.729
6408 54.0 22.119 -17.644
6420 54.0 21.609 -17.474
6432 54.0 21.071 -17.474
6444 54.0 20.561 -17.474
6456 54.0 20.051 -17.389
6468 54.0 19.541 -17.389
6480 54.0 19.032 -17.304
6492 54.0 19.296 -17.027
6504 54.0 18.680 -16.840
6516 54.0 17.802 -16.921
6528 54.0 17.541 -16.382
6540 54.0 16.930 -16.639
6552 54.0 17.410 -16.294
6564 54.0 16.590 -15.658
6576 54.0 16.298 -15.578
6588 54.0 15.162 -15.230
6600 54.0 17.071 -15.834
6612 54.0 16.605 -15.104
6624 54.0 14.704 -14.747
8028 52.0 25.631 -8.949
8040 52.0 26.140 -9.063
8052 52.0 26.678 -9.233
8064 52.0 27.103 -9.403
8076 52.0 27.613 -9.572
8088 52.0 28.123 -9.742
8100 52.0 28.633 -9.856
8112 52.0 29.142 -10.026
8124 52.0 28.966 -10.303
8136 52.0 29.316 -10.784
8148 52.0 29.767 -10.661
8160 52.0 29.233 -10.178
8172 52.0 29.636 -10.150
8184 52.0 30.925 -11.480
8196 52.0 31.144 -11.420
8208 52.0 31.964 -10.950
8220 52.0 31.715 -10.608
8232 52.0 32.155 -11.815
8244 52.0 31.910 -10.669
8256 52.0 31.967 -11.041
8040 58.0 33.362 -15.180
8052 58.0 33.136 -14.274
8064 58.0 33.051 -13.254
8076 58.0 33.051 -12.744
8088 58.0 33.051 -12.575
8100 58.0 33.051 -12.405
8112 58.0 32.937 -12.121
8124 58.0 32.937 -11.612
8136 58.0 33.019 -11.490
8148 58.0 33.186 -10.269
8160 58.0 32.889 -9.378
8172 58.0 33.049 -10.362
8184 58.0 32.904 -8.783
8196 58.0 32.969 -10.520
8208 58.0 33.238 -7.750
8220 58.0 33.217 -8.454
8232 58.0 32.717 -10.949
8244 58.0 32.641 -8.105
8256 58.0 32.630 -3.222
8268 58.0 32.618 -8.498
8280 59.0 32.003 -4.531
8292 59.0 32.003 -4.022
8304 59.0 32.003 -3.455
8316 59.0 32.003 -2.860
8328 59.0 32.116 -2.266
8340 59.0 32.116 -1.643
8352 59.0 32.116 -1.076
8364 59.0 32.116 -0.566
8376 59.0 31.711 -0.749
8388 59.0 32.107 -0.342
8400 59.0 32.204 0.745
8412 59.0 32.228 0.741
8424 59.0 32.106 1.807
8436 59.0 31.884 1.687
8448 59.0 32.154 1.885
8460 59.0 32.113 1.990
8472 59.0 32.439 5.601
8484 59.0 31.062 0.222
8496 59.0 31.317 0.484
8508 59.0 30.843 0.825
9252 60.0 5.296 -21.581
9264 60.0 4.843 -21.467
9276 60.0 5.353 -21.043
9288 60.0 5.862 -20.618
9300 60.0 6.372 -20.250
9312 60.0 6.995 -19.825
9324 60.0 7.420 -19.428
9336 60.0 7.845 -19.032
9348 60.0 6.667 -20.000
9360 60.0 6.681 -20.237
9372 60.0 6.262 -20.707
9384 60.0 6.739 -20.538
9396 60.0 6.788 -20.661
9408 60.0 6.144 -20.338
9420 60.0 6.788 -20.651
9432 60.0 6.586 -21.047
9444 60.0 6.558 -20.915
9456 60.0 7.201 -21.099
9468 60.0 6.618 -20.880
9480 60.0 7.168 -20.529
9492 61.0 16.341 -16.709
9504 61.0 17.049 -16.766
9516 61.0 17.757 -16.766
9528 61.0 18.437 -16.794
9540 61.0 19.230 -16.851
9552 61.0 19.881 -16.823
9564 61.0 20.674 -16.851
9576 61.0 21.411 -16.908
9588 61.0 21.192 -17.475
9600 61.0 20.688 -16.891
9612 61.0 21.116 -17.033
9624 61.0 21.422 -17.036
9636 61.0 21.649 -18.236
9648 61.0 21.275 -17.237
9660 61.0 21.740 -17.641
9672 61.0 21.861 -18.793
9684 61.0 22.177 -17.785
9696 61.0 22.539 -18.216
9708 61.0 22.380 -19.270
9720 61.0 21.437 -18.370
