0 1.0 16.085 13.733
12 1.0 15.567 13.889
24 1.0 15.082 14.027
36 1.0 14.563 14.166
48 1.0 14.079 14.304
60 1.0 13.595 14.442
72 1.0 13.111 14.581
84 1.0 12.782 14.719
96 1.0 12.999 14.491
108 1.0 12.805 14.750
120 1.0 12.294 14.958
132 1.0 12.140 14.725
144 1.0 11.522 15.898
156 1.0 10.091 16.082
168 1.0 9.461 16.658
180 1.0 10.153 16.362
192 1.0 8.769 17.638
204 1.0 10.141 16.957
216 1.0 9.984 17.235
228 1.0 9.722 17.606
0 5.0 -18.455 11.364
12 5.0 -17.953 11.364
24 5.0 -17.435 11.364
36 5.0 -16.916 11.364
48 5.0 -16.397 11.364
60 5.0 -15.878 11.364
72 5.0 -15.359 11.364
84 5.0 -14.979 11.364
96 5.0 -16.125 10.884
108 5.0 -15.126 10.571
120 5.0 -15.006 10.488
132 5.0 -16.073 10.594
144 5.0 -14.395 10.076
156 5.0 -14.216 10.170
168 5.0 -13.894 9.671
180 5.0 -12.489 8.958
192 5.0 -13.803 9.011
204 5.0 -11.866 8.399
216 5.0 -12.664 8.383
228 5.0 -11.841 7.970
0 7.0 -19.977 -5.275
12 7.0 -19.839 -5.552
24 7.0 -19.718 -5.690
36 7.0 -19.597 -5.967
48 7.0 -19.458 -6.106
60 7.0 -19.130 -6.106
72 7.0 -18.732 -6.106
84 7.0 -18.490 -6.244
96 7.0 -17.971 -6.211
108 7.0 -18.340 -6.407
120 7.0 -17.455 -6.490
132 7.0 -17.737 -6.282
144 7.0 -17.351 -6.282
156 7.0 -17.775 -6.376
168 7.0 -17.954 -6.312
180 7.0 -16.882 -6.676
192 7.0 -16.505 -6.690
204 7.0 -16.562 -7.067
216 7.0 -16.702 -7.215
228 7.0 -15.809 -7.362
0 10.0 16.501 -0.017
12 10.0 16.501 -0.017
24 10.0 16.501 -0.017
36 10.0 16.501 -0.017
48 10.0 16.501 -0.017
60 10.0 16.501 -0.017
72 10.0 16.501 -0.017
84 10.0 16.501 -0.017
96 10.0 16.472 0.012
108 10.0 16.450 -0.012
120 10.0 16.382 0.022
132 10.0 16.363 0.002
144 10.0 16.379 0.081
156 10.0 16.384 0.018
168 10.0 16.451 0.035
180 10.0 16.389 0.103
192 10.0 16.314 0.062
204 10.0 16.397 -0.040
216 10.0 16.350 -0.098
228 10.0 16.400 -0.058
0 12.0 6.002 10.533
12 12.0 6.382 10.257
24 12.0 6.832 10.118
36 12.0 7.299 9.963
48 12.0 7.766 9.824
60 12.0 8.147 9.547
72 12.0 8.596 9.409
84 12.0 9.046 9.271
96 12.0 8.881 9.319
108 12.0 8.937 9.204
120 12.0 8.965 9.133
132 12.0 9.593 8.888
144 12.0 9.955 8.636
156 12.0 10.770 8.304
168 12.0 10.955 8.198
180 12.0 11.707 7.567
192 12.0 11.330 7.297
204 12.0 11.606 7.454
216 12.0 11.806 7.271
228 12.0 13.401 7.097
108 3.0 -21.638 44.157
120 3.0 -21.361 43.742
132 3.0 -20.980 43.586
144 3.0 -20.600 43.448
156 3.0 -20.202 43.310
168 3.0 -19.804 43.171
180 3.0 -19.424 43.033
192 3.0 -19.043 43.033
204 3.0 -19.257 42.724
216 3.0 -19.007 42.577
228 3.0 -17.491 42.011
240 3.0 -17.627 41.857
252 3.0 -17.838 42.237
264 3.0 -16.738 41.697
276 3.0 -15.775 41.389
288 3.0 -16.343 41.088
300 3.0 -14.885 40.450
312 3.0 -13.991 40.604
324 3.0 -15.673 40.708
336 3.0 -14.791 39.825
240 2.0 6.555 15.982
252 2.0 6.036 15.982
264 2.0 5.517 16.120
276 2.0 5.050 16.258
288 2.0 4.532 16.258
300 2.0 4.220 16.397
312 2.0 3.892 16.674
324 2.0 3.632 16.812
336 2.0 3.600 17.030
348 2.0 3.118 17.517
360 2.0 2.879 17.188
372 2.0 2.135 17.176
384 2.0 1.965 17.383
396 2.0 2.271 17.877
408 2.0 0.490 18.153
420 2.0 -0.055 18.382
432 2.0 -0.593 18.978
444 2.0 -0.748 19.066
456 2.0 0.785 18.620
468 2.0 0.471 19.322
240 6.0 -10.343 11.848
252 6.0 -10.049 11.848
264 6.0 -9.686 11.848
276 6.0 -9.409 11.848
288 6.0 -9.046 11.848
300 6.0 -8.683 11.917
312 6.0 -7.956 11.917
324 6.0 -7.645 11.917
336 6.0 -7.933 11.881
348 6.0 -7.799 11.751
360 6.0 -7.760 11.810
372 6.0 -8.041 11.637
384 6.0 -7.502 11.301
396 6.0 -6.612 11.974
408 6.0 -6.848 11.921
420 6.0 -7.111 11.823
432 6.0 -7.802 11.889
444 6.0 -6.781 11.864
456 6.0 -6.943 11.623
468 6.0 -7.550 11.531
240 8.0 -18.282 -6.659
252 8.0 -18.282 -6.659
264 8.0 -18.282 -6.659
276 8.0 -18.282 -6.659
288 8.0 -18.282 -6.659
300 8.0 -18.282 -6.659
312 8.0 -18.282 -6.659
324 8.0 -18.282 -6.659
336 8.0 -18.329 -6.709
348 8.0 -18.374 -6.657
360 8.0 -18.346 -6.513
372 8.0 -18.335 -6.530
384 8.0 -18.373 -6.606
396 8.0 -18.333 -6.487
408 8.0 -18.299 -6.552
420 8.0 -18.397 -6.578
432 8.0 -18.401 -6.569
444 8.0 -18.388 -6.519
456 8.0 -18.300 -6.596
468 8.0 -18.406 -6.591
240 11.0 16.501 -0.017
252 11.0 16.501 -0.017
264 11.0 16.501 -0.017
276 11.0 16.501 -0.017
288 11.0 16.501 -0.017
300 11.0 16.501 -0.017
312 11.0 16.501 -0.017
324 11.0 16.501 -0.017
336 11.0 16.556 -0.187
348 11.0 16.495 -0.161
360 11.0 16.586 -0.093
372 11.0 16.606 -0.023
384 11.0 16.575 -0.018
396 11.0 16.525 -0.052
408 11.0 16.482 0.047
420 11.0 16.484 0.062
432 11.0 16.467 0.092
444 11.0 16.414 0.046
456 11.0 16.494 0.048
468 11.0 16.462 0.074
324 9.0 20.167 41.494
336 9.0 19.787 41.494
348 9.0 19.337 41.494
360 9.0 18.939 41.494
372 9.0 18.542 41.078
384 9.0 18.161 40.802
396 9.0 17.902 40.231
408 9.0 17.573 39.747
420 9.0 17.513 40.909
432 9.0 17.532 41.109
444 9.0 17.077 41.425
456 9.0 16.435 41.377
468 9.0 16.393 41.296
480 9.0 15.638 41.512
492 9.0 16.491 41.049
504 9.0 16.130 41.183
516 9.0 15.203 41.028
528 9.0 16.179 41.365
540 9.0 14.774 41.795
552 9.0 14.802 41.783
348 4.0 -14.131 41.217
360 4.0 -13.941 40.940
372 4.0 -13.750 40.663
384 4.0 -13.543 40.387
396 4.0 -13.543 39.816
408 4.0 -13.543 39.401
420 4.0 -13.543 38.968
432 4.0 -13.491 38.553
444 4.0 -13.388 38.123
456 4.0 -13.133 37.808
468 4.0 -13.269 37.001
480 4.0 -13.115 37.268
492 4.0 -13.264 36.770
504 4.0 -13.313 35.780
516 4.0 -13.110 35.192
528 4.0 -12.956 34.838
540 4.0 -13.293 35.096
552 4.0 -13.482 34.630
564 4.0 -13.218 33.714
576 4.0 -13.686 33.438
