0 129.0 13.101 5.980
12 129.0 12.359 5.980
24 129.0 11.631 5.980
36 129.0 10.903 5.980
48 129.0 10.161 5.980
60 129.0 9.476 6.094
72 129.0 8.691 6.094
84 129.0 7.906 6.094
96 129.0 9.325 6.629
108 129.0 9.587 7.111
120 129.0 9.154 7.073
132 129.0 8.856 6.670
144 129.0 8.045 7.723
156 129.0 7.373 7.592
168 129.0 6.764 7.464
180 129.0 8.161 6.472
192 129.0 7.575 7.605
204 129.0 7.137 8.143
216 129.0 6.096 7.504
228 129.0 6.760 7.801
0 112.0 -19.866 18.696
12 112.0 -19.866 18.696
24 112.0 -19.809 18.696
36 112.0 -19.766 18.696
48 112.0 -19.709 18.696
60 112.0 -19.652 18.696
72 112.0 -19.595 18.696
84 112.0 -19.595 18.696
96 112.0 -19.519 18.782
108 112.0 -19.380 18.574
120 112.0 -19.370 18.565
132 112.0 -19.145 18.512
144 112.0 -19.199 18.523
156 112.0 -19.079 18.376
168 112.0 -18.668 18.311
180 112.0 -18.933 18.290
192 112.0 -18.997 18.320
204 112.0 -18.628 18.254
216 112.0 -18.700 18.259
228 112.0 -18.470 18.193
60 141.0 -8.206 27.844
72 141.0 -8.649 27.844
84 141.0 -9.020 28.072
96 141.0 -9.376 28.415
108 141.0 -9.648 28.301
120 141.0 -9.862 27.958
132 141.0 -9.844 27.958
144 141.0 -9.823 27.957
156 141.0 -10.535 28.166
168 141.0 -10.567 28.414
180 141.0 -10.362 28.588
192 141.0 -11.118 28.646
204 141.0 -12.081 28.982
216 141.0 -12.240 29.322
228 141.0 -13.569 29.382
240 141.0 -13.131 29.931
252 141.0 -14.867 29.969
264 141.0 -14.151 30.241
276 141.0 -13.745 30.024
288 141.0 -14.327 30.667
60 117.0 -2.298 34.238
72 117.0 -2.412 34.609
84 117.0 -2.612 34.837
96 117.0 -2.840 34.837
108 117.0 -3.097 34.951
120 117.0 -3.297 34.951
132 117.0 -3.668 34.951
144 117.0 -4.196 34.837
156 117.0 -4.435 35.213
168 117.0 -4.840 35.646
180 117.0 -4.737 35.473
192 117.0 -5.112 36.170
204 117.0 -4.558 35.714
216 117.0 -4.820 36.050
228 117.0 -5.915 36.228
240 117.0 -6.377 36.386
252 117.0 -6.312 36.968
264 117.0 -6.861 37.190
276 117.0 -8.168 37.622
288 117.0 -8.412 37.555
108 131.0 16.312 7.293
120 131.0 15.670 6.836
132 131.0 15.042 6.836
144 131.0 14.414 6.836
156 131.0 13.786 6.836
168 131.0 13.201 6.836
180 131.0 12.573 6.836
192 131.0 11.945 6.722
204 131.0 11.824 6.860
216 131.0 13.000 6.407
228 131.0 12.577 5.977
240 131.0 12.708 6.245
252 131.0 11.693 6.655
264 131.0 12.439 6.351
276 131.0 12.954 6.066
288 131.0 12.688 6.506
300 131.0 11.537 6.452
312 131.0 9.738 6.209
324 131.0 10.383 6.704
336 131.0 11.719 5.723
240 130.0 -0.999 6.436
252 130.0 -1.727 6.436
264 130.0 -2.469 6.436
276 130.0 -3.197 6.436
288 130.0 -3.939 6.436
300 130.0 -4.667 6.436
312 130.0 -5.395 6.436
324 130.0 -6.194 6.436
336 130.0 -6.945 6.899
348 130.0 -7.500 6.755
360 130.0 -6.534 6.743
372 130.0 -6.084 6.331
384 130.0 -6.111 6.295
396 130.0 -5.751 5.777
408 130.0 -6.822 5.998
420 130.0 -7.735 6.570
432 130.0 -4.714 5.761
444 130.0 -6.675 6.246
456 130.0 -7.451 6.590
468 130.0 -6.899 6.036
240 113.0 -18.182 18.422
252 113.0 -18.239 18.433
264 113.0 -18.295 18.444
276 113.0 -18.352 18.456
288 113.0 -18.408 18.467
300 113.0 -18.465 18.478
312 113.0 -18.521 18.490
324 113.0 -18.578 18.501
336 113.0 -18.585 18.559
348 113.0 -18.564 18.553
360 113.0 -18.608 18.585
372 113.0 -18.589 18.650
384 113.0 -18.809 18.794
396 113.0 -18.947 18.618
408 113.0 -19.034 18.698
420 113.0 -19.271 18.842
432 113.0 -19.438 18.771
444 113.0 -19.413 18.753
456 113.0 -19.869 18.673
468 113.0 -20.180 19.100
300 142.0 -9.547 27.952
312 142.0 -9.526 27.952
324 142.0 -9.505 27.951
336 142.0 -9.483 27.951
348 142.0 -9.462 27.951
360 142.0 -9.441 27.950
372 142.0 -9.420 27.950
384 142.0 -9.399 27.949
396 142.0 -9.543 27.904
408 142.0 -9.516 27.804
420 142.0 -9.483 27.804
432 142.0 -9.447 27.749
444 142.0 -9.488 27.939
456 142.0 -9.543 28.004
468 142.0 -9.508 27.996
480 142.0 -9.510 27.991
492 142.0 -9.511 27.994
504 142.0 -9.504 27.983
516 142.0 -9.479 27.966
528 142.0 -9.460 27.919
300 118.0 -6.103 34.750
312 118.0 -5.914 34.754
324 118.0 -5.725 34.759
336 118.0 -5.537 34.764
348 118.0 -5.348 34.768
360 118.0 -5.159 34.772
372 118.0 -4.970 34.777
384 118.0 -4.782 34.782
396 118.0 -4.358 34.543
408 118.0 -4.502 34.694
420 118.0 -4.821 35.167
432 118.0 -4.653 35.369
444 118.0 -4.446 35.021
456 118.0 -4.224 34.961
468 118.0 -4.361 35.414
480 118.0 -4.236 35.393
492 118.0 -3.993 35.451
504 118.0 -3.444 35.153
516 118.0 -3.192 35.344
528 118.0 -2.897 35.496
348 132.0 3.825 6.494
360 132.0 3.197 6.494
372 132.0 2.512 6.494
384 132.0 1.827 6.379
396 132.0 1.156 6.379
408 132.0 0.471 6.379
420 132.0 -0.157 6.251
432 132.0 -0.842 6.251
444 132.0 -0.303 6.168
456 132.0 -0.474 6.144
468 132.0 -0.472 6.630
480 132.0 -0.854 6.662
492 132.0 -0.971 6.945
504 132.0 -0.011 6.730
516 132.0 -1.513 5.927
528 132.0 -1.850 6.775
540 132.0 -2.587 7.141
552 132.0 -0.920 6.884
564 132.0 -1.312 5.815
576 132.0 -3.113 7.325
528 139.0 -14.928 38.176
540 139.0 -15.313 38.348
552 139.0 -15.513 38.633
564 139.0 -15.456 38.633
576 139.0 -15.413 38.633
588 139.0 -15.356 38.633
600 139.0 -15.256 38.690
612 139.0 -15.313 38.690
624 139.0 -15.314 38.840
636 139.0 -15.320 38.832
648 139.0 -15.107 38.989
660 139.0 -14.993 39.455
672 139.0 -15.150 39.813
684 139.0 -15.109 39.972
696 139.0 -14.920 40.050
708 139.0 -15.084 40.111
720 139.0 -15.477 40.355
732 139.0 -14.980 40.775
744 139.0 -15.235 40.631
756 139.0 -15.356 40.779
768 140.0 -15.570 38.774
780 140.0 -15.570 38.776
792 140.0 -15.570 38.778
804 140.0 -15.570 38.780
816 140.0 -15.570 38.782
828 140.0 -15.570 38.784
840 140.0 -15.570 38.786
852 140.0 -15.570 38.788
864 140.0 -15.537 38.729
876 140.0 -15.611 38.762
888 140.0 -15.607 38.749
900 140.0 -15.535 38.765
912 140.0 -15.591 38.799
924 140.0 -15.576 38.794
936 140.0 -15.590 38.818
948 140.0 -15.568 38.839
960 140.0 -15.511 38.804
972 140.0 -15.550 38.814
984 140.0 -15.552 38.768
996 140.0 -15.541 38.726
1416 160.0 -15.913 18.753
1428 160.0 -16.484 18.753
1440 160.0 -17.055 18.753
1452 160.0 -17.640 18.753
1464 160.0 -18.196 18.810
1476 160.0 -18.767 18.810
1488 160.0 -19.338 18.810
1500 160.0 -19.809 18.810
1512 160.0 -20.038 19.288
1524 160.0 -20.222 19.482
1536 160.0 -20.893 19.542
1548 160.0 -21.070 19.532
1560 160.0 -22.131 19.559
1572 160.0 -22.191 19.948
1584 160.0 -21.841 19.572
1596 160.0 -21.662 19.488
1608 160.0 -21.624 18.898
1620 160.0 -20.990 19.230
1632 160.0 -21.319 19.622
1644 160.0 -22.814 19.959
1524 5.0 12.944 5.209
1536 5.0 12.473 5.209
1548 5.0 11.945 5.323
1560 5.0 11.417 5.323
1572 5.0 10.946 5.452
1584 5.0 10.433 5.452
1596 5.0 9.904 5.566
1608 5.0 9.434 5.566
1620 5.0 10.043 5.747
1632 5.0 10.485 6.165
1644 5.0 10.145 6.086
1656 5.0 9.309 6.331
1668 5.0 9.092 6.630
1680 5.0 9.092 6.433
1692 5.0 8.556 7.097
1704 5.0 8.094 7.268
1716 5.0 8.179 7.592
1728 5.0 8.122 8.083
1740 5.0 5.860 9.006
1752 5.0 7.289 8.401
1656 161.0 -19.937 18.225
1668 161.0 -19.966 18.225
1680 161.0 -19.966 18.168
1692 161.0 -19.966 18.168
1704 161.0 -19.994 18.111
1716 161.0 -19.994 18.054
1728 161.0 -19.994 18.054
1740 161.0 -20.009 17.996
1752 161.0 -20.046 18.033
1764 161.0 -20.074 18.047
1776 161.0 -19.979 18.027
1788 161.0 -19.911 18.061
1800 161.0 -19.878 18.050
1812 161.0 -19.923 18.183
1824 161.0 -19.906 18.092
1836 161.0 -19.882 18.079
1848 161.0 -19.952 18.054
1860 161.0 -19.961 18.203
1872 161.0 -20.047 18.187
1884 161.0 -20.019 18.241
1764 6.0 3.083 5.694
1776 6.0 2.569 5.694
1788 6.0 2.041 5.694
1800 6.0 1.513 5.694
1812 6.0 0.999 5.694
1824 6.0 0.471 5.694
1836 6.0 -0.057 5.694
1848 6.0 -0.571 5.694
1860 6.0 -0.362 5.587
1872 6.0 -0.632 5.520
1884 6.0 -0.746 6.224
1896 6.0 -1.773 6.419
1908 6.0 -0.021 6.061
1920 6.0 -1.423 6.683
1932 6.0 -2.012 6.349
1944 6.0 -0.924 5.606
1956 6.0 -2.313 6.614
1968 6.0 -1.225 6.171
1980 6.0 -1.829 6.305
1992 6.0 -1.561 5.866
2004 7.0 -7.635 5.623
2016 7.0 -8.063 5.680
2028 7.0 -8.520 5.680
2040 7.0 -8.977 5.623
2052 7.0 -9.405 5.680
2064 7.0 -9.862 5.680
2076 7.0 -10.375 5.623
2088 7.0 -10.961 5.623
2100 7.0 -10.032 5.432
2112 7.0 -10.016 5.684
2124 7.0 -10.352 6.106
2136 7.0 -9.578 6.146
2148 7.0 -10.668 6.055
2160 7.0 -11.243 6.351
2172 7.0 -11.236 5.959
2184 7.0 -11.551 6.188
2196 7.0 -12.432 6.082
2208 7.0 -12.065 6.097
2220 7.0 -12.929 6.366
2232 7.0 -12.795 5.605
2052 8.0 -0.257 17.540
2064 8.0 -0.942 17.540
2076 8.0 -1.570 17.426
2088 8.0 -2.198 17.426
2100 8.0 -2.826 17.426
2112 8.0 -3.454 17.311
2124 8.0 -4.039 17.311
2136 8.0 -4.667 17.311
2148 8.0 -4.380 17.609
2160 8.0 -4.379 17.685
2172 8.0 -4.135 18.418
2184 8.0 -4.483 18.227
2196 8.0 -4.906 17.878
2208 8.0 -5.512 18.588
2220 8.0 -4.789 18.245
2232 8.0 -4.469 17.543
2244 8.0 -5.593 18.886
2256 8.0 -6.591 19.235
2268 8.0 -6.723 18.873
2280 8.0 -7.932 19.151
3228 37.0 -0.542 17.254
3240 37.0 -0.114 16.798
3252 37.0 0.457 16.798
3264 37.0 0.451 17.039
3276 37.0 0.429 17.090
3288 37.0 0.407 17.141
3300 37.0 0.385 17.192
3312 37.0 0.362 17.243
3324 37.0 0.690 16.929
3336 37.0 0.924 17.126
3348 37.0 1.199 16.920
3360 37.0 1.194 16.984
3372 37.0 1.884 16.856
3384 37.0 2.292 16.855
3396 37.0 1.800 16.855
3408 37.0 1.959 16.739
3420 37.0 2.648 16.721
3432 37.0 2.508 16.798
3444 37.0 3.596 16.407
3456 37.0 3.683 16.559
3492 35.0 1.028 17.026
3504 35.0 0.457 17.140
3516 35.0 0.128 17.254
3528 35.0 -0.186 17.369
3540 35.0 -0.500 17.540
3552 35.0 -0.871 17.540
3564 35.0 -1.185 17.540
3576 35.0 -1.613 17.540
3588 35.0 -1.696 17.776
3600 35.0 -2.338 17.934
3612 35.0 -2.182 18.524
3624 35.0 -2.721 18.697
3636 35.0 -3.729 19.171
3648 35.0 -3.819 18.913
3660 35.0 -3.831 18.425
3672 35.0 -4.128 18.828
3684 35.0 -5.433 19.794
3696 35.0 -5.700 19.930
3708 35.0 -6.103 20.702
3720 35.0 -4.756 19.944
3732 36.0 -6.265 17.426
3744 36.0 -6.636 17.426
3756 36.0 -7.007 17.426
3768 36.0 -7.378 17.426
3780 36.0 -7.721 17.426
3792 36.0 -8.035 17.426
3804 36.0 -8.406 17.426
3816 36.0 -8.777 17.426
3828 36.0 -8.540 17.851
3840 36.0 -8.626 17.772
3852 36.0 -9.304 17.720
3864 36.0 -8.927 18.301
3876 36.0 -9.547 18.394
3888 36.0 -9.815 18.356
3900 36.0 -10.611 18.820
3912 36.0 -10.767 19.197
3924 36.0 -10.667 19.187
3936 36.0 -11.119 19.336
3948 36.0 -11.848 20.247
3960 36.0 -13.002 20.972
4788 74.0 16.369 6.494
4800 74.0 14.985 6.436
4812 74.0 13.501 6.436
4824 74.0 11.974 6.551
4836 74.0 10.504 6.551
4848 74.0 8.963 6.551
4860 74.0 7.264 6.551
4872 74.0 5.552 6.551
4884 74.0 11.574 6.545
4896 74.0 11.202 6.572
4908 74.0 10.052 6.647
4920 74.0 11.832 5.976
4932 74.0 10.679 6.233
4944 74.0 8.889 7.192
4956 74.0 11.006 6.179
4968 74.0 8.476 6.590
4980 74.0 8.066 6.694
4992 74.0 11.243 5.738
5004 74.0 10.794 5.911
5016 74.0 9.616 5.969
6744 152.0 15.142 5.866
6756 152.0 14.115 5.866
6768 152.0 13.230 5.980
6780 152.0 12.502 5.980
6792 152.0 11.760 6.094
6804 152.0 11.132 6.094
6816 152.0 10.604 6.094
6828 152.0 10.033 6.094
6840 152.0 10.241 6.491
6852 152.0 9.601 6.729
6864 152.0 8.498 7.174
6876 152.0 10.807 6.851
6888 152.0 10.097 7.686
6900 152.0 8.865 7.296
6912 152.0 9.370 7.543
6924 152.0 6.418 9.309
6936 152.0 7.683 8.014
6948 152.0 9.267 7.696
6960 152.0 9.842 7.841
6972 152.0 12.663 6.592
6984 150.0 -19.652 17.711
6996 150.0 -19.238 17.711
7008 150.0 -18.467 17.540
7020 150.0 -18.111 17.768
7032 150.0 -17.640 17.996
7044 150.0 -16.327 18.111
7056 150.0 -15.071 18.111
7068 150.0 -13.758 18.225
7080 150.0 -16.836 18.311
7092 150.0 -17.180 18.717
7104 150.0 -16.936 18.907
7116 150.0 -16.432 18.067
7128 150.0 -16.456 18.246
7140 150.0 -16.071 17.595
7152 150.0 -16.018 18.018
7164 150.0 -16.114 18.334
7176 150.0 -16.016 17.966
7188 150.0 -15.165 18.135
7200 150.0 -15.629 18.503
7212 150.0 -14.786 16.908
6984 153.0 3.425 6.094
6996 153.0 2.854 6.094
7008 153.0 2.269 6.094
7020 153.0 1.698 6.094
7032 153.0 1.127 6.094
7044 153.0 0.500 6.094
7056 153.0 -0.086 6.094
7068 153.0 -0.656 6.037
7080 153.0 -0.695 5.969
7092 153.0 -0.602 6.613
7104 153.0 -0.288 6.280
7116 153.0 0.499 6.090
7128 153.0 -0.739 6.809
7140 153.0 -1.166 6.770
7152 153.0 -1.575 6.568
7164 153.0 -1.915 6.973
7176 153.0 -3.035 7.937
7188 153.0 -3.375 7.210
7200 153.0 -2.594 7.189
7212 153.0 -1.556 7.031
7224 151.0 -6.716 17.654
7236 151.0 -6.712 17.654
7248 151.0 -6.709 17.654
7260 151.0 -6.705 17.654
7272 151.0 -6.701 17.654
7284 151.0 -6.698 17.654
7296 151.0 -6.694 17.654
7308 151.0 -6.691 17.654
7320 151.0 -6.720 17.675
7332 151.0 -6.718 17.606
7344 151.0 -6.666 17.618
7356 151.0 -6.720 17.641
7368 151.0 -6.729 17.635
7380 151.0 -6.650 17.649
7392 151.0 -6.728 17.732
7404 151.0 -6.741 17.733
7416 151.0 -6.789 17.641
7428 151.0 -6.857 17.658
7440 151.0 -6.721 17.762
7452 151.0 -6.800 17.788
7224 154.0 -8.306 5.794
7236 154.0 -8.920 5.794
7248 154.0 -9.434 5.794
7260 154.0 -9.904 5.794
7272 154.0 -10.547 5.794
7284 154.0 -11.118 5.794
7296 154.0 -11.746 5.794
7308 154.0 -12.316 5.794
7320 154.0 -11.563 6.450
7332 154.0 -12.614 6.695
7344 154.0 -12.667 7.014
7356 154.0 -13.750 7.323
7368 154.0 -13.435 7.601
7380 154.0 -12.857 6.727
7392 154.0 -14.936 8.744
7404 154.0 -13.259 7.730
7416 154.0 -12.888 7.053
7428 154.0 -15.468 8.759
7440 154.0 -15.123 8.476
7452 154.0 -13.673 6.990
7512 156.0 -19.795 18.453
7524 156.0 -19.424 18.453
7536 156.0 -19.053 18.339
7548 156.0 -18.681 18.339
7560 156.0 -18.268 18.339
7572 156.0 -17.854 18.339
7584 156.0 -17.369 18.339
7596 156.0 -16.912 18.225
7608 156.0 -17.381 18.078
7620 156.0 -17.585 17.966
7632 156.0 -17.572 18.481
7644 156.0 -17.710 18.174
7656 156.0 -17.314 18.136
7668 156.0 -16.449 17.579
7680 156.0 -16.420 18.096
7692 156.0 -16.284 17.415
7704 156.0 -14.322 16.662
7716 156.0 -14.536 16.468
7728 156.0 -14.682 16.591
7740 156.0 -14.200 16.537
7596 86.0 -13.430 7.635
7608 86.0 -12.802 7.635
7620 86.0 -12.174 7.635
7632 86.0 -11.489 7.635
7644 86.0 -10.804 7.635
7656 86.0 -10.176 7.635
7668 86.0 -9.491 7.635
7680 86.0 -8.863 7.635
7692 86.0 -9.935 7.315
7704 86.0 -10.127 7.349
7716 86.0 -10.627 7.924
7728 86.0 -9.359 6.892
7740 86.0 -9.962 7.365
7752 86.0 -9.842 6.909
7764 86.0 -9.423 7.294
7776 86.0 -8.548 6.393
7788 86.0 -7.718 6.742
7800 86.0 -8.183 5.988
7812 86.0 -8.431 5.591
7824 86.0 -7.963 5.861
7644 92.0 16.584 6.551
7656 92.0 16.584 6.551
7668 92.0 16.584 6.551
7680 92.0 16.341 6.551
7692 92.0 15.884 6.551
7704 92.0 15.370 6.551
7716 92.0 14.914 6.551
7728 92.0 14.429 6.551
7740 92.0 14.590 6.589
7752 92.0 14.762 6.234
7764 92.0 14.842 6.640
7776 92.0 14.305 6.186
7788 92.0 13.982 6.828
7800 92.0 13.205 6.963
7812 92.0 12.785 7.168
7824 92.0 13.060 6.576
7836 92.0 12.017 7.383
7848 92.0 12.454 6.787
7860 92.0 12.581 6.633
7872 92.0 11.907 6.872
7836 87.0 -0.328 7.635
7848 87.0 0.300 7.764
7860 87.0 0.942 7.764
7872 87.0 1.570 7.764
7884 87.0 2.198 7.764
7896 87.0 2.840 7.892
7908 87.0 3.468 7.892
7920 87.0 4.096 7.892
7932 87.0 3.183 7.248
7944 87.0 1.202 7.520
7956 87.0 2.100 7.984
7968 87.0 3.003 8.221
7980 87.0 2.564 7.729
7992 87.0 2.919 7.416
8004 87.0 3.478 7.387
8016 87.0 3.825 7.017
8028 87.0 2.968 7.393
8040 87.0 2.393 7.547
8052 87.0 3.582 7.127
8064 87.0 3.490 7.567
7884 93.0 9.091 6.665
7896 93.0 8.663 6.665
7908 93.0 8.206 6.665
7920 93.0 7.778 6.665
7932 93.0 7.307 6.665
7944 93.0 6.893 6.665
7956 93.0 6.465 6.665
7968 93.0 5.951 6.551
7980 93.0 5.690 6.964
7992 93.0 5.777 6.701
8004 93.0 5.383 6.412
8016 93.0 5.854 6.214
8028 93.0 5.234 6.506
8040 93.0 4.015 6.840
8052 93.0 4.441 6.641
8064 93.0 4.261 6.563
8076 93.0 3.827 6.666
8088 93.0 3.322 6.971
8100 93.0 3.042 7.087
8112 93.0 3.183 7.348
8124 94.0 0.100 5.980
8136 94.0 -0.371 5.980
8148 94.0 -0.842 6.094
8160 94.0 -1.313 6.094
8172 94.0 -1.841 6.208
8184 94.0 -2.312 6.208
8196 94.0 -2.783 6.322
8208 94.0 -3.297 6.322
8220 94.0 -2.773 6.487
8232 94.0 -3.281 7.284
8244 94.0 -4.105 7.074
8256 94.0 -4.242 7.097
8268 94.0 -5.260 8.114
8280 94.0 -5.443 7.789
8292 94.0 -5.257 8.111
8304 94.0 -6.645 8.723
8316 94.0 -5.980 9.253
8328 94.0 -5.753 8.694
8340 94.0 -5.851 8.255
8352 94.0 -6.865 9.236
8364 95.0 -9.590 7.464
8376 95.0 -10.004 7.707
8388 95.0 -10.490 7.935
8400 95.0 -10.903 8.063
8412 95.0 -11.374 8.292
8424 95.0 -11.803 8.520
8436 95.0 -12.259 8.748
8448 95.0 -12.687 8.863
8460 95.0 -12.533 9.274
8472 95.0 -13.039 9.751
8484 95.0 -13.756 9.721
8496 95.0 -14.280 10.058
8508 95.0 -14.505 10.163
8520 95.0 -15.937 11.280
8532 95.0 -16.563 11.716
8544 95.0 -16.261 11.097
8556 95.0 -15.039 10.995
8568 95.0 -15.789 10.986
8580 95.0 -15.912 11.726
8592 95.0 -15.172 10.641
10968 97.0 -19.152 14.115
10980 97.0 -18.739 13.544
10992 97.0 -18.211 13.201
11004 97.0 -17.768 12.916
11016 97.0 -17.397 12.687
11028 97.0 -16.983 12.216
11040 97.0 -16.569 11.860
11052 97.0 -16.141 11.403
11064 97.0 -16.026 11.707
11076 97.0 -16.074 12.028
11088 97.0 -15.197 11.150
11100 97.0 -15.062 11.052
11112 97.0 -14.764 11.002
11124 97.0 -14.166 10.576
11136 97.0 -13.870 10.438
11148 97.0 -13.123 10.254
11160 97.0 -12.433 10.307
11172 97.0 -12.478 9.681
11184 97.0 -12.769 9.295
11196 97.0 -14.207 10.200
11004 56.0 8.406 8.121
11016 56.0 8.406 8.121
11028 56.0 8.406 8.121
11040 56.0 8.406 8.121
11052 56.0 8.406 8.121
11064 56.0 8.406 8.121
11076 56.0 8.406 8.121
11088 56.0 8.406 8.121
11100 56.0 8.385 8.223
11112 56.0 8.393 8.154
11124 56.0 8.375 8.183
11136 56.0 8.402 8.201
11148 56.0 8.480 8.229
11160 56.0 8.384 8.216
11172 56.0 8.379 8.281
11184 56.0 8.412 8.141
11196 56.0 8.413 8.026
11208 56.0 8.406 8.059
11220 56.0 8.413 7.982
11232 56.0 8.416 7.982
11208 98.0 -9.605 7.350
11220 98.0 -9.062 7.236
11232 98.0 -8.606 7.007
11244 98.0 -8.063 6.893
11256 98.0 -7.550 6.779
11268 98.0 -7.036 6.665
11280 98.0 -6.494 6.551
11292 98.0 -5.866 6.436
11304 98.0 -6.329 6.405
11316 98.0 -5.784 6.478
11328 98.0 -4.949 6.001
11340 98.0 -3.698 5.620
11352 98.0 -4.002 5.647
11364 98.0 -5.087 6.369
11376 98.0 -4.462 5.902
11388 98.0 -3.856 5.533
11400 98.0 -3.531 5.277
11412 98.0 -3.554 5.064
11424 98.0 -2.453 4.870
11436 98.0 -2.673 5.159
11244 57.0 8.406 8.121
11256 57.0 8.406 8.121
11268 57.0 8.406 8.121
11280 57.0 8.406 8.121
11292 57.0 8.406 8.121
11304 57.0 8.406 8.121
11316 57.0 8.406 8.121
11328 57.0 8.406 8.121
11340 57.0 8.408 8.156
11352 57.0 8.346 8.251
11364 57.0 8.344 8.173
11376 57.0 8.439 8.144
11388 57.0 8.407 8.139
11400 57.0 8.370 8.070
11412 57.0 8.384 8.077
11424 57.0 8.478 8.037
11436 57.0 8.489 8.043
11448 57.0 8.535 8.068
11460 57.0 8.568 8.017
11472 57.0 8.524 8.069
11448 99.0 2.198 5.980
11460 99.0 2.726 5.866
11472 99.0 3.297 5.866
11484 99.0 3.811 5.751
11496 99.0 4.410 5.751
11508 99.0 4.952 5.694
11520 99.0 5.509 5.680
11532 99.0 6.051 5.566
11544 99.0 5.817 5.294
11556 99.0 5.743 4.625
11568 99.0 6.901 4.652
11580 99.0 7.669 4.059
11592 99.0 7.410 3.954
11604 99.0 7.576 3.981
11616 99.0 7.866 3.757
11628 99.0 8.347 3.070
11640 99.0 7.512 3.115
11652 99.0 8.399 2.721
11664 99.0 8.551 2.584
11676 99.0 8.727 3.233
11928 19.0 -19.937 18.924
11940 19.0 -19.809 19.038
11952 19.0 -19.866 19.038
11964 19.0 -19.866 19.038
11976 19.0 -19.866 19.167
11988 19.0 -19.866 19.167
12000 19.0 -19.866 19.281
12012 19.0 -19.880 19.281
12024 19.0 -19.823 19.263
12036 19.0 -19.798 19.392
12048 19.0 -19.773 19.525
12060 19.0 -19.619 19.053
12072 19.0 -19.658 19.210
12084 19.0 -19.714 19.143
12096 19.0 -19.782 19.105
12108 19.0 -19.758 19.189
12120 19.0 -19.740 19.188
12132 19.0 -19.701 19.246
12144 19.0 -19.843 19.200
12156 19.0 -19.784 19.379
12168 20.0 -16.013 18.225
12180 20.0 -15.599 18.111
12192 20.0 -15.171 18.111
12204 20.0 -14.914 17.768
12216 20.0 -14.714 17.426
12228 20.0 -14.598 17.311
12240 20.0 -14.595 17.309
12252 20.0 -14.591 17.308
12264 20.0 -14.232 17.048
12276 20.0 -13.702 16.862
12288 20.0 -13.684 16.611
12300 20.0 -13.639 16.538
12312 20.0 -13.030 16.667
12324 20.0 -12.973 16.255
12336 20.0 -12.293 16.467
12348 20.0 -11.888 16.121
12360 20.0 -11.657 16.043
12372 20.0 -11.315 15.863
12384 20.0 -10.209 15.453
12396 20.0 -10.567 15.627
12408 21.0 -14.547 17.292
12420 21.0 -14.543 17.291
12432 21.0 -14.540 17.289
12444 21.0 -14.536 17.288
12456 21.0 -14.533 17.287
12468 21.0 -14.530 17.286
12480 21.0 -14.526 17.285
12492 21.0 -14.523 17.283
12504 21.0 -14.536 17.298
12516 21.0 -14.503 17.230
12528 21.0 -14.561 17.255
12540 21.0 -14.518 17.230
12552 21.0 -14.522 17.186
12564 21.0 -14.501 17.231
12576 21.0 -14.530 17.245
12588 21.0 -14.512 17.288
12600 21.0 -14.519 17.265
12612 21.0 -14.519 17.259
12624 21.0 -14.615 17.187
12636 21.0 -14.671 17.296
