312 104.0 -19.495 19.852
324 104.0 -19.309 19.852
336 104.0 -18.896 19.852
348 104.0 -18.268 19.852
360 104.0 -17.640 19.852
372 104.0 -17.012 19.623
384 104.0 -16.327 19.395
396 104.0 -15.699 19.395
408 104.0 -16.628 19.790
420 104.0 -17.062 19.226
432 104.0 -17.915 19.395
444 104.0 -16.613 19.391
456 104.0 -16.544 19.583
468 104.0 -16.533 19.122
480 104.0 -15.849 19.246
492 104.0 -15.789 18.599
504 104.0 -14.519 18.184
516 104.0 -14.517 18.488
528 104.0 -15.402 18.589
540 104.0 -13.335 18.552
408 108.0 -19.495 19.338
420 108.0 -19.181 19.338
432 108.0 -18.767 19.338
444 108.0 -18.296 19.338
456 108.0 -17.768 19.452
468 108.0 -17.083 19.452
480 108.0 -16.398 19.452
492 108.0 -15.770 19.338
504 108.0 -15.836 19.002
516 108.0 -15.373 19.385
528 108.0 -15.676 19.122
540 108.0 -16.160 19.719
552 108.0 -15.838 18.960
564 108.0 -15.974 19.404
576 108.0 -14.244 18.595
588 108.0 -14.696 18.775
600 108.0 -14.766 18.268
612 108.0 -14.290 18.858
624 108.0 -13.442 18.473
636 108.0 -14.964 18.645
552 105.0 -8.078 19.795
564 105.0 -7.478 19.795
576 105.0 -6.922 19.680
588 105.0 -6.308 19.680
600 105.0 -5.766 19.738
612 105.0 -5.252 19.738
624 105.0 -4.667 19.738
636 105.0 -4.139 19.738
648 105.0 -5.149 19.698
660 105.0 -5.561 19.716
672 105.0 -5.509 19.722
684 105.0 -5.054 19.879
696 105.0 -5.301 19.960
708 105.0 -4.731 20.104
720 105.0 -4.842 20.171
732 105.0 -5.181 20.483
744 105.0 -4.437 20.464
756 105.0 -3.843 19.782
768 105.0 -4.694 19.878
780 105.0 -4.235 20.255
648 109.0 -8.206 19.566
660 109.0 -7.578 19.566
672 109.0 -7.007 19.452
684 109.0 -6.422 19.452
696 109.0 -5.894 19.452
708 109.0 -5.323 19.338
720 109.0 -4.795 19.338
732 109.0 -4.224 19.338
744 109.0 -5.275 18.925
756 109.0 -5.463 19.047
768 109.0 -3.402 18.392
780 109.0 -3.818 19.002
792 109.0 -4.007 18.937
804 109.0 -2.325 18.166
816 109.0 -2.067 18.378
828 109.0 -0.491 17.552
840 109.0 -2.928 18.003
852 109.0 -2.216 17.898
864 109.0 -3.937 17.944
876 109.0 -1.513 16.872
684 100.0 16.298 18.111
696 100.0 15.670 18.111
708 100.0 15.085 18.111
720 100.0 14.514 18.111
732 100.0 13.943 18.111
744 100.0 13.358 18.111
756 100.0 12.730 18.054
768 100.0 12.159 18.054
780 100.0 13.000 17.160
792 100.0 12.549 17.671
804 100.0 12.145 18.246
816 100.0 11.797 18.083
828 100.0 11.498 17.526
840 100.0 11.752 17.075
852 100.0 11.508 17.849
864 100.0 12.025 17.746
876 100.0 12.525 17.456
888 100.0 10.595 17.714
900 100.0 12.326 17.425
912 100.0 10.109 18.450
792 106.0 3.568 19.623
804 106.0 4.082 19.623
816 106.0 4.610 19.623
828 106.0 5.195 19.623
840 106.0 5.709 19.509
852 106.0 6.279 19.509
864 106.0 6.822 19.395
876 106.0 7.393 19.395
888 106.0 6.977 18.990
900 106.0 8.094 18.432
912 106.0 8.141 18.829
924 106.0 7.385 19.475
936 106.0 7.899 18.793
948 106.0 7.005 18.569
960 106.0 8.981 17.856
972 106.0 7.994 18.799
984 106.0 8.705 17.546
996 106.0 10.423 16.898
1008 106.0 8.458 18.023
1020 106.0 10.077 17.223
924 101.0 4.496 17.825
936 101.0 3.925 17.825
948 101.0 3.354 17.768
960 101.0 2.783 17.768
972 101.0 2.198 17.768
984 101.0 1.570 17.768
996 101.0 0.985 17.768
1008 101.0 0.414 17.768
1020 101.0 1.271 17.695
1032 101.0 0.188 18.032
1044 101.0 0.141 17.856
1056 101.0 0.090 17.587
1068 101.0 0.107 17.842
1080 101.0 -0.157 18.405
1092 101.0 -2.137 19.091
1104 101.0 -1.203 18.518
1116 101.0 -1.291 18.375
1128 101.0 -0.318 17.912
1140 101.0 -0.944 17.972
1152 101.0 -1.220 17.532
1140 67.0 -18.439 14.885
1152 67.0 -17.811 14.885
1164 67.0 -17.183 14.885
1176 67.0 -16.555 14.771
1188 67.0 -15.927 14.771
1200 67.0 -15.299 14.771
1212 67.0 -14.671 14.643
1224 67.0 -14.043 14.643
1236 67.0 -14.873 14.515
1248 67.0 -15.116 14.782
1260 67.0 -14.774 15.209
1272 67.0 -14.083 14.045
1284 67.0 -13.643 14.078
1296 67.0 -14.464 14.639
1308 67.0 -13.877 14.724
1320 67.0 -14.255 14.158
1332 67.0 -13.868 13.981
1344 67.0 -13.543 14.820
1356 67.0 -12.876 15.076
1368 67.0 -12.204 14.106
1164 102.0 -7.721 18.111
1176 102.0 -8.363 18.168
1188 102.0 -8.991 18.168
1200 102.0 -9.619 18.225
1212 102.0 -10.247 18.225
1224 102.0 -10.889 18.282
1236 102.0 -11.517 18.282
1248 102.0 -12.145 18.282
1260 102.0 -12.296 17.852
1272 102.0 -12.237 18.250
1284 102.0 -11.749 18.494
1296 102.0 -12.207 17.987
1308 102.0 -11.548 17.470
1320 102.0 -11.787 17.500
1332 102.0 -13.126 18.509
1344 102.0 -12.698 18.673
1356 102.0 -13.768 18.651
1368 102.0 -13.700 18.905
1380 102.0 -10.784 16.658
1392 102.0 -13.259 18.236
1380 68.0 -6.251 14.414
1392 68.0 -5.652 14.414
1404 68.0 -5.081 14.528
1416 68.0 -4.767 14.528
1428 68.0 -4.396 14.643
1440 68.0 -4.039 14.643
1452 68.0 -3.682 14.771
1464 68.0 -3.311 14.771
1476 68.0 -3.729 15.096
1488 68.0 -3.494 14.701
1500 68.0 -3.219 14.901
1512 68.0 -3.240 14.847
1524 68.0 -2.842 15.278
1536 68.0 -3.523 14.498
1548 68.0 -2.782 14.565
1560 68.0 -3.481 14.709
1572 68.0 -3.426 14.789
1584 68.0 -2.806 13.887
1596 68.0 -2.604 14.232
1608 68.0 -1.939 14.257
1500 70.0 6.494 6.208
1512 70.0 5.766 6.208
1524 70.0 5.024 6.208
1536 70.0 4.353 6.322
1548 70.0 3.611 6.322
1560 70.0 2.940 6.322
1572 70.0 2.198 6.436
1584 70.0 1.513 6.436
1596 70.0 2.272 5.831
1608 70.0 1.776 6.450
1620 70.0 1.205 6.205
1632 70.0 0.719 7.533
1644 70.0 1.802 6.901
1656 70.0 1.690 6.336
1668 70.0 2.151 6.167
1680 70.0 0.940 7.099
1692 70.0 -0.187 7.590
1704 70.0 -0.331 8.113
1716 70.0 0.718 6.668
1728 70.0 -2.477 8.215
1536 58.0 16.983 28.757
1548 58.0 16.955 28.186
1560 58.0 16.926 27.601
1572 58.0 16.898 27.016
1584 58.0 16.883 26.445
1596 58.0 16.883 25.874
1608 58.0 16.855 25.218
1620 58.0 16.683 24.647
1632 58.0 16.826 24.875
1644 58.0 16.711 23.951
1656 58.0 17.019 22.873
1668 58.0 17.116 22.687
1680 58.0 16.889 21.352
1692 58.0 16.499 20.768
1704 58.0 16.368 21.146
1716 58.0 16.571 20.397
1728 58.0 16.926 19.604
1740 58.0 16.694 22.535
1752 58.0 16.490 22.274
1764 58.0 16.440 21.670
1620 69.0 2.968 16.855
1632 69.0 3.596 16.969
1644 69.0 4.224 17.083
1656 69.0 4.852 17.197
1668 69.0 5.480 17.311
1680 69.0 6.108 17.426
1692 69.0 6.736 17.540
1704 69.0 7.364 17.540
1716 69.0 6.002 16.731
1728 69.0 6.589 16.879
1740 69.0 7.195 16.545
1752 69.0 6.712 16.406
1764 69.0 6.596 16.216
1776 69.0 7.696 16.194
1788 69.0 8.318 16.231
1800 69.0 8.031 16.143
1812 69.0 8.521 15.655
1824 69.0 8.523 15.562
1836 69.0 8.704 15.830
1848 69.0 8.593 16.379
1740 71.0 -7.707 6.436
1752 71.0 -8.434 6.436
1764 71.0 -9.120 6.436
1776 71.0 -9.847 6.436
1788 71.0 -10.590 6.551
1800 71.0 -11.275 6.551
1812 71.0 -12.002 6.551
1824 71.0 -12.730 6.551
1836 71.0 -11.918 6.334
1848 71.0 -11.147 6.538
1860 71.0 -11.758 6.480
1872 71.0 -11.949 6.197
1884 71.0 -12.323 6.753
1896 71.0 -12.396 6.754
1908 71.0 -13.072 7.504
1920 71.0 -13.490 7.035
1932 71.0 -13.726 6.959
1944 71.0 -14.544 7.768
1956 71.0 -13.443 7.240
1968 71.0 -12.920 7.497
1776 59.0 12.488 19.095
1788 59.0 12.031 18.867
1800 59.0 11.546 18.639
1812 59.0 11.089 18.282
1824 59.0 10.661 17.939
1836 59.0 10.190 17.597
1848 59.0 9.776 17.140
1860 59.0 9.348 16.783
1872 59.0 10.123 17.473
1884 59.0 9.313 18.157
1896 59.0 9.675 17.826
1908 59.0 9.020 17.184
1920 59.0 8.718 17.295
1932 59.0 9.580 17.037
1944 59.0 9.607 17.749
1956 59.0 9.360 17.744
1968 59.0 8.047 17.872
1980 59.0 7.601 18.127
1992 59.0 8.055 17.564
2004 59.0 8.187 18.288
2016 60.0 4.724 10.547
2028 60.0 4.296 10.076
2040 60.0 3.882 9.605
2052 60.0 3.482 9.148
2064 60.0 3.026 8.691
2076 60.0 2.655 8.235
2088 60.0 2.226 7.764
2100 60.0 1.827 7.364
2112 60.0 2.426 8.401
2124 60.0 2.614 8.158
2136 60.0 2.648 7.636
2148 60.0 2.630 7.515
2160 60.0 2.836 8.371
2172 60.0 1.877 6.486
2184 60.0 1.934 6.637
2196 60.0 2.018 5.593
2208 60.0 0.987 5.596
2220 60.0 0.582 5.647
2232 60.0 1.791 6.132
2244 60.0 1.157 6.212
2256 61.0 -4.767 3.539
2268 61.0 -5.195 3.083
2280 61.0 -5.609 2.726
2292 61.0 -6.037 2.269
2304 61.0 -6.494 1.927
2316 61.0 -7.022 1.570
2328 61.0 -7.393 1.227
2340 61.0 -7.707 0.885
2352 61.0 -8.134 1.048
2364 61.0 -8.725 1.565
2376 61.0 -8.567 1.104
2388 61.0 -9.020 1.263
2400 61.0 -8.458 0.895
2412 61.0 -9.062 1.106
2424 61.0 -9.057 0.975
2436 61.0 -8.366 1.413
2448 61.0 -8.802 2.053
2460 61.0 -7.887 1.753
2472 61.0 -9.148 1.178
2484 61.0 -9.110 1.149
3012 21.0 16.812 19.795
3024 21.0 16.155 19.452
3036 21.0 15.527 19.338
3048 21.0 14.900 19.338
3060 21.0 14.500 19.338
3072 21.0 14.015 19.338
3084 21.0 13.387 19.110
3096 21.0 12.759 18.867
3108 21.0 12.704 19.906
3120 21.0 12.435 19.567
3132 21.0 13.157 19.322
3144 21.0 11.804 19.206
3156 21.0 10.841 19.626
3168 21.0 10.932 18.975
3180 21.0 11.652 19.682
3192 21.0 11.897 19.939
3204 21.0 12.450 19.691
3216 21.0 12.088 19.385
3228 21.0 13.458 19.830
3240 21.0 13.674 20.153
3060 141.0 -19.538 17.197
3072 141.0 -19.395 16.312
3084 141.0 -19.024 16.084
3096 141.0 -18.653 15.856
3108 141.0 -18.282 15.627
3120 141.0 -17.925 15.399
3132 141.0 -17.397 15.285
3144 141.0 -16.940 15.171
3156 141.0 -16.381 14.357
3168 141.0 -16.089 14.405
3180 141.0 -15.855 13.804
3192 141.0 -15.428 13.921
3204 141.0 -15.032 13.629
3216 141.0 -14.667 13.357
3228 141.0 -14.235 13.564
3240 141.0 -13.887 11.870
3252 141.0 -14.075 12.851
3264 141.0 -13.161 12.685
3276 141.0 -12.073 11.031
3288 141.0 -14.067 12.192
3108 137.0 16.869 18.910
3120 137.0 16.270 18.453
3132 137.0 15.799 18.453
3144 137.0 15.271 18.339
3156 137.0 14.757 18.339
3168 137.0 14.214 18.225
3180 137.0 13.758 18.225
3192 137.0 13.230 18.225
3204 137.0 13.344 18.710
3216 137.0 13.931 18.460
3228 137.0 13.848 18.941
3240 137.0 13.773 18.466
3252 137.0 12.389 18.658
3264 137.0 12.099 18.597
3276 137.0 12.857 18.740
3288 137.0 12.507 19.048
3300 137.0 11.907 19.063
3312 137.0 12.373 18.465
3324 137.0 11.786 18.957
3336 137.0 11.993 19.125
3252 22.0 4.367 18.995
3264 22.0 3.682 18.995
3276 22.0 3.054 18.995
3288 22.0 2.426 18.995
3300 22.0 1.741 18.995
3312 22.0 1.113 18.995
3324 22.0 0.485 18.995
3336 22.0 -0.143 18.995
3348 22.0 0.333 19.292
3360 22.0 0.280 19.094
3372 22.0 0.116 19.154
3384 22.0 -0.774 19.857
3396 22.0 -1.379 20.719
3408 22.0 -0.728 19.716
3420 22.0 -1.574 19.626
3432 22.0 -1.803 20.556
3444 22.0 -2.610 20.377
3456 22.0 -3.274 20.593
3468 22.0 -3.605 20.247
3480 22.0 -4.523 20.943
3300 142.0 -12.488 10.661
3312 142.0 -12.059 10.433
3324 142.0 -11.574 10.204
3336 142.0 -11.175 9.962
3348 142.0 -10.689 9.719
3360 142.0 -10.233 9.491
3372 142.0 -9.862 9.262
3384 142.0 -9.548 9.034
3396 142.0 -9.428 8.781
3408 142.0 -8.864 8.484
3420 142.0 -9.180 8.448
3432 142.0 -9.152 8.341
3444 142.0 -8.287 8.333
3456 142.0 -8.064 8.322
3468 142.0 -6.741 7.666
3480 142.0 -6.048 7.836
3492 142.0 -6.609 7.743
3504 142.0 -6.632 7.673
3516 142.0 -6.612 7.338
3528 142.0 -6.075 7.308
3348 138.0 6.479 19.053
3360 138.0 5.994 19.167
3372 138.0 5.537 19.167
3384 138.0 4.995 19.281
3396 138.0 4.481 19.281
3408 138.0 3.953 19.281
3420 138.0 3.482 19.281
3432 138.0 3.054 19.281
3444 138.0 3.363 19.840
3456 138.0 2.566 20.464
3468 138.0 1.663 21.151
3480 138.0 0.951 21.083
3492 138.0 0.392 21.184
3504 138.0 0.832 20.534
3516 138.0 0.996 21.149
3528 138.0 0.844 20.902
3540 138.0 0.070 21.331
3552 138.0 1.089 21.084
3564 138.0 1.831 21.132
3576 138.0 -1.079 21.884
3504 136.0 -6.608 16.955
3516 136.0 -7.264 17.540
3528 136.0 -7.949 17.426
3540 136.0 -8.634 17.311
3552 136.0 -9.262 17.183
3564 136.0 -9.890 17.183
3576 136.0 -10.490 17.183
3588 136.0 -11.060 17.183
3600 136.0 -10.827 17.907
3612 136.0 -11.240 18.980
3624 136.0 -12.652 19.085
3636 136.0 -12.215 19.433
3648 136.0 -12.368 19.644
3660 136.0 -13.165 19.988
3672 136.0 -13.810 20.184
3684 136.0 -13.276 20.308
3696 136.0 -14.638 20.451
3708 136.0 -13.238 20.809
3720 136.0 -16.122 21.062
3732 136.0 -14.448 19.963
3540 143.0 -4.581 5.980
3552 143.0 -4.153 5.737
3564 143.0 -3.725 5.737
3576 143.0 -3.297 5.737
3588 143.0 -2.911 5.737
3600 143.0 -2.440 5.623
3612 143.0 -1.969 5.623
3624 143.0 -1.441 5.623
3636 143.0 -1.757 4.529
3648 143.0 -1.879 4.443
3660 143.0 -1.571 4.474
3672 143.0 -1.861 4.808
3684 143.0 -1.000 4.536
3696 143.0 -1.340 4.592
3708 143.0 -0.335 3.937
3720 143.0 -0.819 3.946
3732 143.0 0.602 3.349
3744 143.0 -0.085 3.257
3756 143.0 -0.603 3.337
3768 143.0 1.649 2.598
3588 139.0 -3.639 19.038
3600 139.0 -4.224 19.038
3612 139.0 -4.795 19.038
3624 139.0 -5.323 19.038
3636 139.0 -5.894 18.924
3648 139.0 -6.322 18.810
3660 139.0 -6.793 18.810
3672 139.0 -7.207 18.696
3684 139.0 -7.114 19.083
3696 139.0 -6.814 18.830
3708 139.0 -6.192 19.324
3720 139.0 -7.653 19.245
3732 139.0 -7.453 19.276
3744 139.0 -8.984 19.627
3756 139.0 -10.119 20.181
3768 139.0 -8.812 19.682
3780 139.0 -9.224 19.662
3792 139.0 -9.879 20.386
3804 139.0 -9.376 19.564
3816 139.0 -10.379 19.902
3780 147.0 4.567 5.395
3792 147.0 5.138 5.280
3804 147.0 5.751 5.280
3816 147.0 6.123 5.280
3828 147.0 6.494 5.280
3840 147.0 6.865 5.280
3852 147.0 7.236 5.280
3864 147.0 7.650 5.152
3876 147.0 7.184 5.572
3888 147.0 7.238 5.235
3900 147.0 7.599 5.682
3912 147.0 7.374 5.105
3924 147.0 7.219 5.587
3936 147.0 8.440 5.175
3948 147.0 8.070 5.374
3960 147.0 7.722 5.734
3972 147.0 8.035 5.394
3984 147.0 8.241 5.764
3996 147.0 8.456 4.773
4008 147.0 8.853 4.981
3996 149.0 7.321 33.610
4008 149.0 7.107 33.610
4020 149.0 7.107 33.610
4032 149.0 7.107 33.610
4044 149.0 7.107 33.724
4056 149.0 7.050 33.724
4068 149.0 7.050 33.838
4080 149.0 7.050 33.838
4092 149.0 6.995 33.855
4104 149.0 6.959 33.927
4116 149.0 6.925 33.902
4128 149.0 7.023 33.942
4140 149.0 6.945 34.007
4152 149.0 6.879 34.000
4164 149.0 7.080 34.000
4176 149.0 6.887 33.891
4188 149.0 6.749 33.901
4200 149.0 7.101 33.734
4212 149.0 7.004 33.605
4224 149.0 6.830 33.714
4236 150.0 6.879 34.423
4248 150.0 6.879 34.423
4260 150.0 6.879 34.537
4272 150.0 6.836 34.537
4284 150.0 6.836 34.537
4296 150.0 6.836 34.651
4308 150.0 6.836 34.651
4320 150.0 6.793 34.651
4332 150.0 6.803 34.565
4344 150.0 6.894 34.632
4356 150.0 6.810 34.636
4368 150.0 6.854 34.627
4380 150.0 6.716 34.612
4392 150.0 6.823 34.550
4404 150.0 6.869 34.538
4416 150.0 6.962 34.485
4428 150.0 7.024 34.487
4440 150.0 6.934 34.508
4452 150.0 6.877 34.490
4464 150.0 6.912 34.456
5400 148.0 16.655 17.597
5412 148.0 16.512 17.483
5424 148.0 16.341 17.483
5436 148.0 16.241 17.369
5448 148.0 16.084 17.369
5460 148.0 15.984 17.254
5472 148.0 15.827 17.254
5484 148.0 15.713 17.140
5496 148.0 15.750 16.822
5508 148.0 15.761 16.867
5520 148.0 15.421 16.806
5532 148.0 15.650 17.072
5544 148.0 15.372 17.510
5556 148.0 15.251 17.793
5568 148.0 15.435 17.427
5580 148.0 15.365 17.459
5592 148.0 15.307 17.502
5604 148.0 15.328 17.208
5616 148.0 14.947 17.811
5628 148.0 14.508 17.726
5484 78.0 16.541 18.924
5496 78.0 15.913 19.152
5508 78.0 14.985 18.981
5520 78.0 14.229 18.867
5532 78.0 13.772 18.924
5544 78.0 13.287 18.924
5556 78.0 12.702 18.924
5568 78.0 12.188 18.810
5580 78.0 12.061 18.995
5592 78.0 11.951 19.421
5604 78.0 11.988 19.203
5616 78.0 11.559 19.031
5628 78.0 11.226 19.542
5640 78.0 11.652 19.517
5652 78.0 9.797 19.986
5664 78.0 10.415 19.516
5676 78.0 11.421 19.096
5688 78.0 10.252 19.503
5700 78.0 10.784 19.174
5712 78.0 9.510 19.831
5484 151.0 16.213 19.966
5496 151.0 15.670 19.966
5508 151.0 14.900 20.023
5520 151.0 14.015 20.251
5532 151.0 13.158 20.423
5544 151.0 12.673 20.651
5556 151.0 12.216 20.651
5568 151.0 11.646 20.423
5580 151.0 12.250 20.351
5592 151.0 12.455 19.746
5604 151.0 12.136 20.348
5616 151.0 11.924 20.062
5628 151.0 11.492 20.047
5640 151.0 11.621 19.963
5652 151.0 10.563 20.778
5664 151.0 10.526 20.658
5676 151.0 10.681 19.780
5688 151.0 9.698 21.167
5700 151.0 11.837 19.865
5712 151.0 11.315 20.036
5556 5.0 15.642 18.054
5568 5.0 15.385 18.225
5580 5.0 15.099 18.396
5592 5.0 14.828 18.567
5604 5.0 14.557 18.696
5616 5.0 14.300 18.924
5628 5.0 14.015 19.038
5640 5.0 13.701 19.167
5652 5.0 13.458 19.369
5664 5.0 12.913 19.627
5676 5.0 12.992 19.781
5688 5.0 12.796 20.018
5700 5.0 12.046 20.318
5712 5.0 12.063 20.359
5724 5.0 11.028 20.988
5736 5.0 11.043 21.101
5748 5.0 10.738 21.623
5760 5.0 9.075 22.327
5772 5.0 9.650 21.921
5784 5.0 8.879 22.195
5580 131.0 16.170 17.825
5592 131.0 15.742 17.483
5604 131.0 15.428 17.369
5616 131.0 15.057 17.369
5628 131.0 14.800 17.254
5640 131.0 14.571 17.254
5652 131.0 14.300 17.254
5664 131.0 14.072 17.254
5676 131.0 14.184 17.230
5688 131.0 14.253 17.250
5700 131.0 14.222 17.740
5712 131.0 14.069 17.700
5724 131.0 14.057 17.675
5736 131.0 13.353 17.723
5748 131.0 13.698 17.573
5760 131.0 13.412 18.333
5772 131.0 13.054 18.351
5784 131.0 13.314 18.131
5796 131.0 12.878 18.331
5808 131.0 12.262 18.413
5640 154.0 13.344 16.612
5652 154.0 13.144 16.555
5664 154.0 12.973 16.555
5676 154.0 12.759 16.498
5688 154.0 12.573 16.498
5700 154.0 12.388 16.441
5712 154.0 12.159 16.441
5724 154.0 11.845 16.441
5736 154.0 11.918 16.425
5748 154.0 12.110 16.503
5760 154.0 12.064 16.787
5772 154.0 12.146 16.433
5784 154.0 11.857 16.489
5796 154.0 11.446 16.927
5808 154.0 11.615 17.205
5820 154.0 11.389 17.111
5832 154.0 10.901 17.401
5844 154.0 11.088 17.698
5856 154.0 10.585 17.815
5868 154.0 10.221 17.995
5724 79.0 4.039 18.810
5736 79.0 3.568 18.810
5748 79.0 3.040 18.810
5760 79.0 2.512 18.810
5772 79.0 2.041 18.810
5784 79.0 1.570 18.810
5796 79.0 0.999 18.753
5808 79.0 0.414 18.624
5820 79.0 0.601 19.079
5832 79.0 1.090 19.467
5844 79.0 1.079 19.951
5856 79.0 0.106 20.260
5868 79.0 -0.378 20.367
5880 79.0 -0.830 20.821
5892 79.0 -2.064 21.336
5904 79.0 -1.628 21.108
5916 79.0 -2.357 21.453
5928 79.0 -2.958 21.679
5940 79.0 -2.293 21.350
5952 79.0 -1.869 21.219
5724 152.0 3.967 20.423
5736 152.0 3.454 20.537
5748 152.0 2.997 20.423
5760 152.0 2.398 20.423
5772 152.0 1.884 20.308
5784 152.0 1.256 20.308
5796 152.0 0.628 20.423
5808 152.0 0.057 20.423
5820 152.0 0.477 19.706
5832 152.0 -0.633 19.703
5844 152.0 -1.579 20.028
5856 152.0 -0.834 19.831
5868 152.0 -0.795 20.042
5880 152.0 -1.329 20.092
5892 152.0 -0.482 20.316
5904 152.0 -2.014 20.052
5916 152.0 -0.269 20.061
5928 152.0 -1.279 20.160
5940 152.0 -0.979 20.125
5952 152.0 -2.242 20.483
5736 90.0 -20.194 13.358
5748 90.0 -17.411 12.559
5760 90.0 -14.500 12.331
5772 90.0 -11.660 12.502
5784 90.0 -8.834 12.673
5796 90.0 -6.008 12.902
5808 90.0 -3.168 13.144
5820 90.0 -0.285 13.372
5832 90.0 -11.652 12.554
5844 90.0 -14.853 12.988
5856 90.0 -14.109 12.553
5868 90.0 -15.159 14.452
5880 90.0 -15.080 11.933
5892 90.0 -14.513 13.192
5904 90.0 -16.216 13.898
5916 90.0 -15.442 12.935
5928 90.0 -15.019 13.003
5940 90.0 -14.222 13.019
5952 90.0 -13.882 12.826
5964 90.0 -14.204 12.872
5796 6.0 10.033 19.623
5808 6.0 9.762 19.623
5820 6.0 9.505 19.738
5832 6.0 9.248 19.738
5844 6.0 8.991 19.738
5856 6.0 8.734 19.852
5868 6.0 8.449 19.852
5880 6.0 8.192 19.966
5892 6.0 8.291 19.671
5904 6.0 8.338 19.738
5916 6.0 8.216 19.637
5928 6.0 7.980 19.486
5940 6.0 7.624 19.929
5952 6.0 7.796 19.913
5964 6.0 7.543 20.217
5976 6.0 8.148 19.844
5988 6.0 7.181 19.840
6000 6.0 6.808 20.284
6012 6.0 6.172 20.695
6024 6.0 6.087 20.603
5820 132.0 10.347 18.282
5832 132.0 10.033 18.282
5844 132.0 9.747 18.282
5856 132.0 9.476 18.282
5868 132.0 9.191 18.282
5880 132.0 8.934 18.282
5892 132.0 8.649 18.282
5904 132.0 8.392 18.396
5916 132.0 8.881 18.161
5928 132.0 8.240 18.586
5940 132.0 8.131 18.529
5952 132.0 8.280 18.369
5964 132.0 8.302 18.354
5976 132.0 7.260 18.386
5988 132.0 7.123 18.677
6000 132.0 7.490 18.925
6012 132.0 7.107 19.152
6024 132.0 6.855 19.150
6036 132.0 5.548 19.487
6048 132.0 5.230 19.451
5880 155.0 7.749 17.026
5892 155.0 7.435 17.026
5904 155.0 7.122 17.026
5916 155.0 6.808 17.026
5928 155.0 6.494 17.026
5940 155.0 6.180 17.026
5952 155.0 5.866 17.026
5964 155.0 5.552 17.026
5976 155.0 5.668 17.222
5988 155.0 5.106 17.210
6000 155.0 5.904 17.182
6012 155.0 5.363 17.235
6024 155.0 5.863 16.962
6036 155.0 6.137 17.109
6048 155.0 6.015 17.196
6060 155.0 5.780 17.187
6072 155.0 5.554 17.050
6084 155.0 5.428 17.451
6096 155.0 5.063 17.654
6108 155.0 5.081 17.802
5964 80.0 -7.792 18.681
5976 80.0 -8.306 18.810
5988 80.0 -8.734 18.924
6000 80.0 -9.191 18.681
6012 80.0 -9.776 18.624
6024 80.0 -10.333 18.624
6036 80.0 -10.875 18.567
6048 80.0 -11.417 18.567
6060 80.0 -10.770 18.946
6072 80.0 -12.010 19.221
6084 80.0 -12.566 19.254
6096 80.0 -12.127 19.554
6108 80.0 -12.207 19.337
6120 80.0 -12.868 19.450
6132 80.0 -13.282 19.766
6144 80.0 -13.882 19.677
6156 80.0 -13.535 19.223
6168 80.0 -12.851 19.396
6180 80.0 -12.647 19.001
6192 80.0 -13.173 19.799
5964 153.0 -7.906 20.423
5976 153.0 -8.506 20.423
5988 153.0 -9.077 20.537
6000 153.0 -9.648 20.651
6012 153.0 -10.161 20.480
6024 153.0 -10.647 20.366
6036 153.0 -11.146 20.251
6048 153.0 -11.603 20.137
6060 153.0 -10.672 20.996
6072 153.0 -11.109 20.596
6084 153.0 -11.006 20.761
6096 153.0 -11.205 20.872
6108 153.0 -11.612 20.931
6120 153.0 -11.597 20.993
6132 153.0 -12.552 21.445
6144 153.0 -13.032 21.527
6156 153.0 -13.876 21.847
6168 153.0 -12.715 21.063
6180 153.0 -13.941 21.759
6192 153.0 -14.467 22.188
6000 125.0 6.779 17.882
6012 125.0 6.522 17.768
6024 125.0 6.265 17.768
6036 125.0 6.023 17.768
6048 125.0 5.794 17.768
6060 125.0 5.552 17.711
6072 125.0 5.295 17.711
6084 125.0 5.081 17.711
6096 125.0 5.100 17.886
6108 125.0 4.614 18.164
6120 125.0 4.038 18.081
6132 125.0 3.348 17.885
6144 125.0 4.041 17.800
6156 125.0 3.828 18.253
6168 125.0 4.043 18.113
6180 125.0 3.858 18.916
6192 125.0 3.106 19.302
6204 125.0 3.904 18.543
6216 125.0 2.692 18.964
6228 125.0 1.930 19.329
6036 7.0 5.423 19.623
6048 7.0 5.266 19.566
6060 7.0 5.138 19.452
6072 7.0 5.009 19.395
6084 7.0 4.838 19.338
6096 7.0 4.724 19.281
6108 7.0 4.581 19.224
6120 7.0 4.524 19.110
6132 7.0 4.354 19.318
6144 7.0 4.500 19.390
6156 7.0 4.480 19.300
6168 7.0 4.115 19.323
6180 7.0 4.278 19.383
6192 7.0 4.481 19.136
6204 7.0 4.156 19.294
6216 7.0 3.952 19.384
6228 7.0 4.173 19.297
6240 7.0 4.011 19.628
6252 7.0 3.535 19.641
6264 7.0 3.813 19.930
6060 133.0 5.309 18.168
6072 133.0 5.052 18.111
6084 133.0 4.824 18.111
6096 133.0 4.524 18.054
6108 133.0 4.324 18.054
6120 133.0 4.110 18.054
6132 133.0 3.839 18.054
6144 133.0 3.639 18.168
6156 133.0 3.771 17.956
6168 133.0 3.949 18.084
6180 133.0 3.441 18.076
6192 133.0 3.102 18.204
6204 133.0 3.401 18.253
6216 133.0 3.163 18.310
6228 133.0 2.262 18.691
6240 133.0 2.352 18.617
6252 133.0 1.915 18.599
6264 133.0 1.904 19.087
6276 133.0 0.936 19.368
6288 133.0 0.586 19.398
6120 156.0 2.369 17.369
6132 156.0 2.112 17.369
6144 156.0 1.855 17.369
6156 156.0 1.598 17.369
6168 156.0 1.342 17.369
6180 156.0 1.227 17.254
6192 156.0 1.113 17.254
6204 156.0 1.028 17.254
6216 156.0 0.725 17.436
6228 156.0 0.564 17.413
6240 156.0 0.517 18.020
6252 156.0 -0.115 17.945
6264 156.0 0.137 17.851
6276 156.0 0.352 17.634
6288 156.0 -0.115 17.713
6300 156.0 -0.390 17.936
6312 156.0 -0.858 18.621
6324 156.0 -0.466 18.073
6336 156.0 -1.013 18.575
6348 156.0 -2.348 18.853
6240 126.0 1.784 17.711
6252 126.0 1.513 17.825
6264 126.0 1.413 17.825
6276 126.0 1.313 17.825
6288 126.0 1.199 17.825
6300 126.0 1.099 17.825
6312 126.0 0.999 17.825
6324 126.0 0.885 17.825
6336 126.0 0.550 18.046
6348 126.0 0.687 17.879
6360 126.0 0.803 17.591
6372 126.0 0.763 17.481
6384 126.0 0.654 17.421
6396 126.0 0.575 17.369
6408 126.0 0.458 17.632
6420 126.0 0.157 17.627
6432 126.0 0.162 17.389
6444 126.0 -0.252 17.726
6456 126.0 -0.536 17.455
6468 126.0 -0.243 17.795
6276 8.0 4.096 18.624
6288 8.0 4.096 18.624
6300 8.0 4.096 18.624
6312 8.0 4.096 18.624
6324 8.0 4.096 18.624
6336 8.0 4.096 18.624
6348 8.0 4.096 18.624
6360 8.0 4.096 18.624
6372 8.0 4.043 18.613
6384 8.0 3.961 18.601
6396 8.0 3.954 18.683
6408 8.0 3.931 18.659
6420 8.0 4.020 18.624
6432 8.0 4.053 18.649
6444 8.0 4.071 18.633
6456 8.0 4.088 18.511
6468 8.0 4.127 18.562
6480 8.0 4.171 18.638
6492 8.0 4.138 18.614
6504 8.0 4.101 18.678
6300 134.0 1.227 18.525
6312 134.0 1.070 18.525
6324 134.0 0.970 18.525
6336 134.0 0.813 18.525
6348 134.0 0.699 18.525
6360 134.0 0.599 18.525
6372 134.0 0.442 18.525
6384 134.0 0.328 18.525
6396 134.0 0.480 18.623
6408 134.0 0.684 18.614
6420 134.0 0.122 18.846
6432 134.0 0.002 18.965
6444 134.0 -0.340 18.947
6456 134.0 -0.710 19.314
6468 134.0 -0.630 19.357
6480 134.0 -0.348 19.113
6492 134.0 -0.361 19.641
6504 134.0 -1.236 19.772
6516 134.0 -1.534 20.191
6528 134.0 -1.822 20.220
6360 157.0 -0.714 17.483
6372 157.0 -0.856 17.540
6384 157.0 -1.056 17.540
6396 157.0 -1.199 17.540
6408 157.0 -1.370 17.654
6420 157.0 -1.513 17.654
6432 157.0 -1.684 17.654
6444 157.0 -1.884 17.654
6456 157.0 -1.928 17.900
6468 157.0 -2.070 17.984
6480 157.0 -2.324 18.081
6492 157.0 -2.374 17.935
6504 157.0 -2.933 18.308
6516 157.0 -3.092 18.291
6528 157.0 -3.526 18.736
6540 157.0 -3.366 18.713
6552 157.0 -3.070 18.625
6564 157.0 -4.276 18.800
6576 157.0 -4.875 19.110
6588 157.0 -5.736 19.660
6420 128.0 16.840 19.566
6432 128.0 16.241 19.566
6444 128.0 15.770 19.680
6456 128.0 15.299 19.680
6468 128.0 14.728 19.680
6480 128.0 14.043 19.566
6492 128.0 13.415 19.566
6504 128.0 12.573 19.509
6516 128.0 13.169 19.590
6528 128.0 13.425 19.741
6540 128.0 13.551 19.262
6552 128.0 13.173 19.939
6564 128.0 12.194 20.850
6576 128.0 12.305 20.649
6588 128.0 11.502 21.130
6600 128.0 11.732 20.249
6612 128.0 11.805 20.583
6624 128.0 10.987 20.664
6636 128.0 12.250 19.684
6648 128.0 11.561 20.577
6480 127.0 -1.841 17.939
6492 127.0 -2.155 17.939
6504 127.0 -2.498 18.054
6516 127.0 -2.811 18.054
6528 127.0 -3.154 18.054
6540 127.0 -3.468 18.054
6552 127.0 -3.811 18.054
6564 127.0 -4.096 18.054
6576 127.0 -4.063 18.134
6588 127.0 -4.156 18.511
6600 127.0 -3.904 18.188
6612 127.0 -4.984 18.669
6624 127.0 -4.872 18.411
6636 127.0 -5.067 18.617
6648 127.0 -6.109 18.944
6660 127.0 -6.893 19.228
6672 127.0 -6.459 19.179
6684 127.0 -7.008 19.157
6696 127.0 -7.480 19.197
6708 127.0 -6.913 19.033
6516 9.0 3.896 18.624
6528 9.0 3.796 18.624
6540 9.0 3.696 18.624
6552 9.0 3.554 18.624
6564 9.0 3.454 18.624
6576 9.0 3.354 18.696
6588 9.0 3.240 18.696
6600 9.0 3.111 18.753
6612 9.0 2.993 18.577
6624 9.0 2.954 18.883
6636 9.0 2.739 18.882
6648 9.0 2.414 19.035
6660 9.0 1.893 19.370
6672 9.0 1.704 19.511
6684 9.0 1.814 19.593
6696 9.0 1.078 19.932
6708 9.0 1.047 19.761
6720 9.0 0.321 20.380
6732 9.0 0.248 20.430
6744 9.0 0.154 20.761
6540 135.0 -3.225 18.753
6552 135.0 -3.511 18.753
6564 135.0 -3.796 18.753
6576 135.0 -4.110 18.753
6588 135.0 -4.381 18.867
6600 135.0 -4.667 18.867
6612 135.0 -4.981 18.867
6624 135.0 -5.280 18.867
6636 135.0 -5.004 18.872
6648 135.0 -4.741 19.157
6660 135.0 -5.072 18.846
6672 135.0 -5.284 19.220
6684 135.0 -5.358 19.483
6696 135.0 -5.257 19.315
6708 135.0 -6.272 19.682
6720 135.0 -5.655 19.508
6732 135.0 -6.457 19.817
6744 135.0 -6.778 20.531
6756 135.0 -6.776 20.664
6768 135.0 -7.610 20.234
6600 158.0 -6.579 17.426
6612 158.0 -6.965 17.426
6624 158.0 -7.364 17.426
6636 158.0 -7.764 17.426
6648 158.0 -8.178 17.426
6660 158.0 -8.549 17.426
6672 158.0 -8.948 17.426
6684 158.0 -10.276 17.654
6696 158.0 -10.336 18.397
6708 158.0 -10.401 18.764
6720 158.0 -10.455 18.851
6732 158.0 -11.019 18.788
6744 158.0 -10.987 18.675
6756 158.0 -12.283 19.568
6768 158.0 -11.544 19.033
6780 158.0 -14.416 21.070
6792 158.0 -13.941 20.673
6804 158.0 -13.690 21.169
6816 158.0 -16.274 21.984
6828 158.0 -13.316 20.574
6660 129.0 2.412 19.680
6672 129.0 1.299 19.795
6684 129.0 0.157 20.023
6696 129.0 -1.042 20.251
6708 129.0 -1.527 20.251
6720 129.0 -1.898 20.137
6732 129.0 -2.312 20.137
6744 129.0 -2.726 20.023
6756 129.0 -3.324 20.558
6768 129.0 -2.000 19.364
6780 129.0 -2.211 20.227
6792 129.0 -2.274 20.015
6804 129.0 -3.635 20.921
6816 129.0 -3.954 20.905
6828 129.0 -4.225 20.543
6840 129.0 -1.424 19.760
6852 129.0 -2.505 21.264
6864 129.0 -3.362 20.774
6876 129.0 -6.022 21.469
6888 129.0 -2.839 20.823
6720 130.0 -10.233 18.111
6732 130.0 -10.176 17.996
6744 130.0 -10.176 17.882
6756 130.0 -10.119 17.768
6768 130.0 -10.119 17.654
6780 130.0 -10.061 17.654
6792 130.0 -10.061 17.540
6804 130.0 -10.318 17.540
6816 130.0 -10.150 17.587
6828 130.0 -10.206 17.376
6840 130.0 -10.055 17.232
6852 130.0 -10.139 17.443
6864 130.0 -9.999 17.455
6876 130.0 -9.968 17.378
6888 130.0 -10.106 17.480
6900 130.0 -10.077 17.019
6912 130.0 -9.856 17.094
6924 130.0 -9.806 16.691
6936 130.0 -9.805 16.568
6948 130.0 -9.830 16.602
6756 10.0 3.625 18.924
6768 10.0 3.882 18.924
6780 10.0 4.139 18.924
6792 10.0 3.967 18.924
6804 10.0 3.711 18.924
6816 10.0 3.397 18.924
6828 10.0 3.140 18.924
6840 10.0 2.826 18.810
6852 10.0 2.787 18.793
6864 10.0 2.575 18.886
6876 10.0 2.409 18.978
6888 10.0 2.687 18.713
6900 10.0 2.524 18.757
6912 10.0 2.291 18.844
6924 10.0 1.804 18.831
6936 10.0 2.161 19.216
6948 10.0 1.613 19.549
6960 10.0 1.501 19.546
6972 10.0 0.724 19.638
6984 10.0 0.163 19.791
6780 140.0 -9.762 18.981
6792 140.0 -9.705 18.981
6804 140.0 -9.962 18.867
6816 140.0 -10.333 18.867
6828 140.0 -10.647 18.867
6840 140.0 -11.018 18.753
6852 140.0 -11.374 18.753
6864 140.0 -11.731 18.639
6876 140.0 -11.462 18.541
6888 140.0 -11.643 18.943
6900 140.0 -11.626 19.061
6912 140.0 -11.739 18.945
6924 140.0 -11.916 19.229
6936 140.0 -11.908 18.843
6948 140.0 -11.996 19.011
6960 140.0 -12.632 19.075
6972 140.0 -12.215 19.003
6984 140.0 -13.015 19.464
6996 140.0 -12.822 19.632
7008 140.0 -12.422 19.373
6840 159.0 -12.902 17.083
6852 159.0 -13.215 17.083
6864 159.0 -13.572 17.083
6876 159.0 -13.901 17.083
6888 159.0 -14.257 17.083
6900 159.0 -14.628 17.083
6912 159.0 -14.942 17.083
6924 159.0 -15.299 17.083
6936 159.0 -14.772 17.336
6948 159.0 -14.803 17.353
6960 159.0 -14.674 17.590
6972 159.0 -15.152 18.092
6984 159.0 -15.168 18.221
6996 159.0 -16.337 18.729
7008 159.0 -15.631 18.503
7020 159.0 -16.316 18.994
7032 159.0 -16.965 19.085
7044 159.0 -16.936 19.134
7056 159.0 -16.696 18.943
7068 159.0 -17.711 19.772
6996 11.0 -0.942 18.567
7008 11.0 -1.227 18.510
7020 11.0 -1.541 18.510
7032 11.0 -1.855 18.510
7044 11.0 -2.141 18.567
7056 11.0 -2.469 18.567
7068 11.0 -2.811 18.624
7080 11.0 -3.125 18.624
7092 11.0 -3.671 18.666
7104 11.0 -3.856 18.934
7116 11.0 -3.688 18.873
7128 11.0 -3.686 19.499
7140 11.0 -4.732 19.906
7152 11.0 -4.959 19.183
7164 11.0 -5.435 19.497
7176 11.0 -5.679 20.059
7188 11.0 -5.948 19.380
7200 11.0 -7.857 21.029
7212 11.0 -7.914 20.632
7224 11.0 -8.815 20.574
7140 23.0 15.713 21.350
7152 23.0 15.199 21.008
7164 23.0 14.671 20.779
7176 23.0 14.143 20.437
7188 23.0 13.672 20.194
7200 23.0 13.144 19.966
7212 23.0 12.630 19.623
7224 23.0 12.159 19.381
7236 23.0 13.133 19.203
7248 23.0 13.100 19.152
7260 23.0 12.813 19.461
7272 23.0 13.517 20.012
7284 23.0 13.192 19.425
7296 23.0 13.222 19.448
7308 23.0 13.012 18.675
7320 23.0 13.095 18.765
7332 23.0 12.803 18.244
7344 23.0 12.202 18.080
7356 23.0 12.949 17.949
7368 23.0 12.396 17.832
7236 12.0 -7.150 18.924
7248 12.0 -7.478 18.924
7260 12.0 -7.792 18.924
7272 12.0 -8.106 18.981
7284 12.0 -8.420 18.981
7296 12.0 -8.706 19.038
7308 12.0 -9.048 19.038
7320 12.0 -9.362 19.038
7332 12.0 -9.039 19.165
7344 12.0 -9.179 19.011
7356 12.0 -8.906 18.950
7368 12.0 -9.550 19.115
7380 12.0 -9.350 19.114
7392 12.0 -9.129 18.977
7404 12.0 -9.355 19.214
7416 12.0 -9.144 19.199
7428 12.0 -9.392 19.728
7440 12.0 -10.566 19.879
7452 12.0 -10.427 19.367
7464 12.0 -10.176 19.774
7380 24.0 4.082 18.696
7392 24.0 3.454 18.696
7404 24.0 2.783 18.696
7416 24.0 2.141 18.696
7428 24.0 1.513 18.696
7440 24.0 0.885 18.696
7452 24.0 0.214 18.696
7464 24.0 -0.414 18.696
7476 24.0 0.766 18.741
7488 24.0 0.120 18.775
7500 24.0 0.157 19.094
7512 24.0 0.507 18.676
7524 24.0 0.167 19.051
7536 24.0 -0.022 18.997
7548 24.0 -1.674 19.425
7560 24.0 -0.356 18.720
7572 24.0 -0.412 18.634
7584 24.0 -0.635 18.927
7596 24.0 -1.457 19.033
7608 24.0 -2.379 19.415
7476 13.0 -13.401 19.324
7488 13.0 -13.715 19.324
7500 13.0 -13.744 19.381
7512 13.0 -14.257 19.152
7524 13.0 -14.728 18.924
7536 13.0 -15.256 18.739
7548 13.0 -15.656 18.624
7560 13.0 -16.013 18.624
7572 13.0 -16.004 18.777
7584 13.0 -15.719 19.173
7596 13.0 -16.315 19.178
7608 13.0 -16.996 19.590
7620 13.0 -17.154 19.315
7632 13.0 -17.679 19.363
7644 13.0 -17.535 19.268
7656 13.0 -17.814 18.886
7668 13.0 -18.862 19.326
7680 13.0 -19.068 18.993
7692 13.0 -18.322 18.465
7704 13.0 -18.421 18.641
7620 38.0 2.740 38.576
7632 38.0 3.054 38.119
7644 38.0 3.425 37.891
7656 38.0 3.768 37.663
7668 38.0 4.110 37.377
7680 38.0 4.481 37.092
7692 38.0 4.852 36.863
7704 38.0 5.209 36.549
7716 38.0 5.098 36.788
7728 38.0 5.642 36.555
7740 38.0 6.394 36.192
7752 38.0 6.237 35.869
7764 38.0 6.720 35.579
7776 38.0 6.909 35.508
7788 38.0 7.144 34.994
7800 38.0 7.622 34.972
7812 38.0 8.135 34.242
7824 38.0 9.348 33.669
7836 38.0 7.771 35.510
7848 38.0 8.650 34.280
7716 14.0 -19.752 19.110
7728 14.0 -19.809 19.110
7740 14.0 -19.837 19.109
7752 14.0 -19.827 19.104
7764 14.0 -19.818 19.099
7776 14.0 -19.809 19.094
7788 14.0 -19.800 19.089
7800 14.0 -19.791 19.083
7812 14.0 -19.828 19.109
7824 14.0 -19.755 19.082
7836 14.0 -19.818 18.977
7848 14.0 -19.834 19.073
7860 14.0 -19.858 19.049
7872 14.0 -19.852 18.981
7884 14.0 -19.862 19.075
7896 14.0 -19.895 19.139
7908 14.0 -19.946 19.153
7920 14.0 -20.042 19.228
7932 14.0 -20.104 19.216
7944 14.0 -20.092 19.305
7860 39.0 9.962 34.951
7872 39.0 10.318 34.951
7884 39.0 10.746 34.951
7896 39.0 11.160 34.951
7908 39.0 11.574 34.951
7920 39.0 12.002 34.951
7932 39.0 12.416 34.837
7944 39.0 12.787 34.837
7956 39.0 12.328 34.908
7968 39.0 12.197 34.763
7980 39.0 11.796 34.778
7992 39.0 12.101 34.811
8004 39.0 12.258 35.077
8016 39.0 11.918 35.235
8028 39.0 12.218 34.972
8040 39.0 12.534 35.331
8052 39.0 12.666 35.486
8064 39.0 12.765 34.918
8076 39.0 13.852 34.378
8088 39.0 12.057 35.262
7956 15.0 -19.672 19.016
7968 15.0 -19.663 19.011
7980 15.0 -19.654 19.005
7992 15.0 -19.645 19.000
8004 15.0 -19.636 18.995
8016 15.0 -19.627 18.990
8028 15.0 -19.617 18.985
8040 15.0 -19.608 18.980
8052 15.0 -19.585 19.017
8064 15.0 -19.656 19.042
8076 15.0 -19.624 18.969
8088 15.0 -19.699 18.985
8100 15.0 -19.736 19.013
8112 15.0 -19.770 19.000
8124 15.0 -19.747 18.953
8136 15.0 -19.695 18.972
8148 15.0 -19.725 18.882
8160 15.0 -19.718 18.858
8172 15.0 -19.793 18.870
8184 15.0 -19.865 18.938
8004 37.0 11.003 35.750
8016 37.0 11.317 35.750
8028 37.0 11.631 35.750
8040 37.0 11.945 35.636
8052 37.0 12.202 35.522
8064 37.0 12.673 35.522
8076 37.0 13.158 35.522
8088 37.0 13.315 35.522
8100 37.0 12.798 35.380
8112 37.0 13.335 35.603
8124 37.0 13.590 35.504
8136 37.0 13.428 35.573
8148 37.0 13.638 36.265
8160 37.0 13.796 36.114
8172 37.0 12.941 36.325
8184 37.0 13.753 35.945
8196 37.0 13.902 35.891
8208 37.0 14.279 35.805
8220 37.0 14.714 35.720
8232 37.0 14.717 35.375
8052 81.0 16.555 6.379
8064 81.0 15.984 6.379
8076 81.0 15.413 6.379
8088 81.0 14.828 6.379
8100 81.0 14.243 6.379
8112 81.0 13.672 6.379
8124 81.0 13.101 6.379
8136 81.0 12.530 6.379
8148 81.0 12.368 6.840
8160 81.0 13.677 6.982
8172 81.0 12.236 7.466
8184 81.0 12.031 7.405
8196 81.0 11.814 7.125
8208 81.0 11.372 7.356
8220 81.0 11.457 7.679
8232 81.0 11.486 7.465
8244 81.0 10.907 7.909
8256 81.0 10.317 7.530
8268 81.0 8.609 8.033
8280 81.0 8.855 8.818
8196 16.0 -19.489 18.912
8208 16.0 -19.480 18.907
8220 16.0 -19.471 18.902
8232 16.0 -19.462 18.897
8244 16.0 -19.453 18.892
8256 16.0 -19.444 18.886
8268 16.0 -19.434 18.881
8280 16.0 -19.425 18.876
8292 16.0 -19.388 18.936
8304 16.0 -19.369 18.832
8316 16.0 -19.453 18.820
8328 16.0 -19.487 18.833
8340 16.0 -19.497 18.929
8352 16.0 -19.539 18.935
8364 16.0 -19.601 19.007
8376 16.0 -19.518 19.017
8388 16.0 -19.524 18.974
8400 16.0 -19.567 19.007
8412 16.0 -19.567 19.006
8424 16.0 -19.521 19.020
8292 82.0 4.767 6.265
8304 82.0 4.139 6.265
8316 82.0 3.511 6.265
8328 82.0 2.883 6.265
8340 82.0 2.312 6.265
8352 82.0 1.727 6.265
8364 82.0 1.142 6.265
8376 82.0 0.628 6.379
8388 82.0 1.159 6.288
8400 82.0 0.793 6.525
8412 82.0 0.812 6.613
8424 82.0 0.461 6.387
8436 82.0 1.183 6.166
8448 82.0 0.575 5.922
8460 82.0 0.160 6.248
8472 82.0 0.129 5.887
8484 82.0 -0.585 6.348
8496 82.0 -0.648 5.867
8508 82.0 -0.366 5.432
8520 82.0 -1.262 6.351
8436 17.0 -12.074 19.224
8448 17.0 -11.446 19.224
8460 17.0 -10.818 19.224
8472 17.0 -10.190 19.224
8484 17.0 -9.562 19.224
8496 17.0 -8.934 19.224
8508 17.0 -8.363 19.053
8520 17.0 -7.749 18.867
8532 17.0 -9.261 19.265
8544 17.0 -8.753 19.635
8556 17.0 -9.482 19.848
8568 17.0 -9.176 19.088
8580 17.0 -7.842 19.256
8592 17.0 -8.464 18.849
8604 17.0 -8.188 19.159
8616 17.0 -9.208 19.266
8628 17.0 -8.235 18.201
8640 17.0 -7.974 19.240
8652 17.0 -8.181 18.908
8664 17.0 -8.050 18.811
8532 83.0 -7.179 6.551
8544 83.0 -7.807 6.322
8556 83.0 -8.377 5.980
8568 83.0 -9.005 5.923
8580 83.0 -9.662 5.980
8592 83.0 -10.304 6.037
8604 83.0 -10.961 6.094
8616 83.0 -11.589 6.037
8628 83.0 -12.897 7.377
8640 83.0 -11.024 6.628
8652 83.0 -11.450 6.909
8664 83.0 -12.023 6.579
8676 83.0 -13.123 6.823
8688 83.0 -12.960 6.726
8700 83.0 -11.345 6.404
8712 83.0 -11.413 6.309
8724 83.0 -13.208 6.573
8736 83.0 -13.361 6.699
8748 83.0 -10.932 6.018
8760 83.0 -13.236 6.611
8676 18.0 0.271 18.339
8688 18.0 0.842 18.339
8700 18.0 1.470 18.225
8712 18.0 2.098 18.225
8724 18.0 2.669 18.225
8736 18.0 3.297 18.339
8748 18.0 3.868 18.453
8760 18.0 4.453 18.567
8772 18.0 3.210 18.240
8784 18.0 3.955 17.913
8796 18.0 3.487 18.116
8808 18.0 4.074 17.987
8820 18.0 4.267 18.109
8832 18.0 4.433 18.365
8844 18.0 4.999 18.067
8856 18.0 3.762 19.190
8868 18.0 4.745 18.020
8880 18.0 5.473 17.969
8892 18.0 4.875 18.234
8904 18.0 5.237 17.589
8820 2.0 16.113 23.719
8832 2.0 16.041 22.906
8844 2.0 15.956 22.107
8856 2.0 15.899 21.365
8868 2.0 15.827 20.537
8880 2.0 15.770 19.852
8892 2.0 15.456 19.167
8904 2.0 15.142 18.453
8916 2.0 15.254 19.083
8928 2.0 15.552 18.773
8940 2.0 15.537 17.710
8952 2.0 15.605 17.676
8964 2.0 15.359 17.182
8976 2.0 14.947 17.286
8988 2.0 15.553 17.792
9000 2.0 15.075 14.999
9012 2.0 15.278 18.192
9024 2.0 15.257 15.305
9036 2.0 15.090 16.292
9048 2.0 14.376 18.175
9060 3.0 11.060 10.946
9072 3.0 10.433 10.375
9084 3.0 9.862 9.904
9096 3.0 9.248 9.319
9108 3.0 8.663 8.748
9120 3.0 8.035 8.178
9132 3.0 10.147 10.133
9144 3.0 7.022 7.407
9156 3.0 8.458 8.907
9168 3.0 8.228 8.697
9180 3.0 8.070 8.877
9192 3.0 7.963 8.235
9204 3.0 7.572 8.247
9216 3.0 7.600 7.732
9228 3.0 8.024 8.525
9240 3.0 7.749 7.648
9252 3.0 7.148 7.930
9264 3.0 7.105 8.187
9276 3.0 6.073 8.228
9288 3.0 6.988 7.904
9108 19.0 14.971 7.350
9120 19.0 14.172 7.122
9132 19.0 13.430 7.007
9144 19.0 12.802 6.893
9156 19.0 12.174 6.665
9168 19.0 11.603 6.551
9180 19.0 11.089 6.436
9192 19.0 10.547 6.322
9204 19.0 11.877 7.598
9216 19.0 11.796 7.032
9228 19.0 11.639 6.860
9240 19.0 9.976 7.067
9252 19.0 11.209 7.159
9264 19.0 12.001 6.807
9276 19.0 10.852 7.036
9288 19.0 10.754 7.205
9300 19.0 10.097 7.111
9312 19.0 10.627 7.127
9324 19.0 10.531 7.054
9336 19.0 10.912 6.697
9300 4.0 0.842 -1.727
9312 4.0 0.842 -1.727
9324 4.0 0.842 -1.727
9336 4.0 0.842 -1.727
9348 4.0 0.842 -1.727
9360 4.0 0.842 -1.727
9372 4.0 0.842 -1.727
9384 4.0 0.842 -1.727
9396 4.0 0.921 -1.616
9408 4.0 0.844 -1.730
9420 4.0 0.858 -1.701
9432 4.0 0.892 -1.690
9444 4.0 0.929 -1.630
9456 4.0 0.891 -1.597
9468 4.0 0.924 -1.676
9480 4.0 1.042 -1.673
9492 4.0 1.039 -1.559
9504 4.0 0.943 -1.477
9516 4.0 0.982 -1.546
9528 4.0 1.054 -1.658
9456 27.0 -18.867 18.054
9468 27.0 -18.239 18.111
9480 27.0 -17.611 18.225
9492 27.0 -17.083 18.168
9504 27.0 -16.569 18.054
9516 27.0 -16.041 17.939
9528 27.0 -15.513 17.768
9540 27.0 -14.957 17.711
9552 27.0 -15.808 17.599
9564 27.0 -15.719 18.071
9576 27.0 -15.356 17.876
9588 27.0 -15.725 17.477
9600 27.0 -14.463 17.289
9612 27.0 -15.457 17.759
9624 27.0 -15.264 17.068
9636 27.0 -15.153 17.642
9648 27.0 -13.926 17.399
9660 27.0 -13.731 17.800
9672 27.0 -13.844 17.862
9684 27.0 -14.251 17.953
9456 111.0 -18.353 17.197
9468 111.0 -17.754 17.197
9480 111.0 -17.183 17.197
9492 111.0 -16.612 17.083
9504 111.0 -16.141 16.840
9516 111.0 -15.727 16.840
9528 111.0 -15.342 16.726
9540 111.0 -14.800 16.840
9552 111.0 -14.983 16.499
9564 111.0 -14.940 16.610
9576 111.0 -15.056 17.058
9588 111.0 -14.958 17.098
9600 111.0 -14.742 17.484
9612 111.0 -15.026 17.518
9624 111.0 -15.234 16.665
9636 111.0 -14.188 16.377
9648 111.0 -13.844 16.250
9660 111.0 -12.969 16.125
9672 111.0 -13.137 16.755
9684 111.0 -12.840 16.433
9696 28.0 -7.592 17.996
9708 28.0 -7.136 17.996
9720 28.0 -6.708 17.996
9732 28.0 -6.251 18.111
9744 28.0 -5.709 18.111
9756 28.0 -5.195 18.111
9768 28.0 -4.710 18.111
9780 28.0 -4.196 18.111
9792 28.0 -5.100 17.900
9804 28.0 -4.751 17.714
9816 28.0 -4.627 17.592
9828 28.0 -4.328 17.792
9840 28.0 -4.077 18.344
9852 28.0 -4.032 17.940
9864 28.0 -3.181 17.159
9876 28.0 -3.340 17.882
9888 28.0 -2.992 17.889
9900 28.0 -3.288 17.978
9912 28.0 -3.298 17.423
9924 28.0 -2.959 18.191
9696 112.0 -7.407 16.969
9708 112.0 -6.950 16.840
9720 112.0 -6.522 16.840
9732 112.0 -6.108 16.840
9744 112.0 -5.751 16.969
9756 112.0 -5.380 16.969
9768 112.0 -4.895 17.083
9780 112.0 -4.324 17.083
9792 112.0 -4.674 17.449
9804 112.0 -4.953 18.405
9816 112.0 -4.671 18.025
9828 112.0 -4.576 17.496
9840 112.0 -4.770 17.698
9852 112.0 -4.604 17.707
9864 112.0 -3.794 17.557
9876 112.0 -3.531 17.453
9888 112.0 -4.350 17.203
9900 112.0 -4.006 17.180
9912 112.0 -3.793 17.103
9924 112.0 -3.721 17.512
9936 29.0 3.083 18.111
9948 29.0 3.397 18.111
9960 29.0 3.654 18.111
9972 29.0 4.139 18.111
9984 29.0 4.710 18.111
9996 29.0 5.338 18.111
10008 29.0 5.837 17.939
10020 29.0 6.294 17.882
10032 29.0 5.702 17.947
10044 29.0 5.040 18.062
10056 29.0 5.958 17.710
10068 29.0 5.825 17.963
10080 29.0 6.336 17.815
10092 29.0 6.177 17.417
10104 29.0 6.280 17.451
10116 29.0 6.417 17.528
10128 29.0 6.679 17.477
10140 29.0 7.521 17.203
10152 29.0 7.398 16.858
10164 29.0 9.386 16.842
9936 113.0 3.354 17.197
9948 113.0 3.668 17.197
9960 113.0 3.925 17.197
9972 113.0 4.353 16.969
9984 113.0 4.810 16.840
9996 113.0 5.181 16.726
10008 113.0 5.580 16.726
10020 113.0 6.194 16.840
10032 113.0 5.914 16.920
10044 113.0 6.375 16.665
10056 113.0 6.410 16.595
10068 113.0 5.100 17.320
10080 113.0 5.780 17.179
10092 113.0 5.935 16.867
10104 113.0 6.227 17.178
10116 113.0 7.081 17.131
10128 113.0 6.012 17.639
10140 113.0 6.229 17.001
10152 113.0 7.687 17.152
10164 113.0 6.514 16.690
10308 144.0 -20.180 19.252
10320 144.0 -19.837 18.339
10332 144.0 -19.566 18.396
10344 144.0 -19.295 18.510
10356 144.0 -18.838 18.739
10368 144.0 -18.325 18.739
10380 144.0 -17.740 18.739
10392 144.0 -17.169 18.739
10404 144.0 -17.455 18.456
10416 144.0 -17.386 18.175
10428 144.0 -17.830 18.140
10440 144.0 -16.527 17.777
10452 144.0 -16.047 17.369
10464 144.0 -15.287 17.194
10476 144.0 -15.316 16.864
10488 144.0 -15.149 16.552
10500 144.0 -15.642 16.822
10512 144.0 -14.507 15.899
10524 144.0 -13.005 15.614
10536 144.0 -13.696 15.950
10452 75.0 -20.094 18.054
10464 75.0 -19.880 18.168
10476 75.0 -19.595 18.111
10488 75.0 -19.181 18.054
10500 75.0 -18.582 18.054
10512 75.0 -18.068 17.996
10524 75.0 -17.483 18.054
10536 75.0 -16.912 18.111
10548 75.0 -17.381 18.194
10560 75.0 -17.125 17.579
10572 75.0 -16.874 17.397
10584 75.0 -16.967 18.161
10596 75.0 -16.298 17.651
10608 75.0 -16.550 17.832
10620 75.0 -16.498 17.604
10632 75.0 -14.536 17.528
10644 75.0 -15.413 17.562
10656 75.0 -14.453 16.974
10668 75.0 -14.545 16.928
10680 75.0 -14.531 17.319
10548 145.0 -9.933 17.825
10560 145.0 -9.462 17.711
10572 145.0 -8.963 17.597
10584 145.0 -8.520 17.311
10596 145.0 -8.106 16.840
10608 145.0 -7.735 16.270
10620 145.0 -7.307 15.799
10632 145.0 -6.936 15.342
10644 145.0 -6.887 15.894
10656 145.0 -6.449 15.246
10668 145.0 -5.738 14.871
10680 145.0 -5.035 14.878
10692 145.0 -5.190 14.533
10704 145.0 -5.602 15.011
10716 145.0 -4.305 13.987
10728 145.0 -4.657 13.843
10740 145.0 -4.418 14.333
10752 145.0 -2.843 13.552
10764 145.0 -4.661 13.854
10776 145.0 -2.752 12.766
10692 76.0 -9.676 18.168
10704 76.0 -9.091 18.168
10716 76.0 -8.520 18.054
10728 76.0 -7.935 17.939
10740 76.0 -7.364 17.825
10752 76.0 -6.836 17.711
10764 76.0 -6.265 17.711
10776 76.0 -5.737 17.711
10788 76.0 -6.081 17.685
10800 76.0 -5.587 18.093
10812 76.0 -5.408 17.937
10824 76.0 -5.470 17.482
10836 76.0 -6.023 17.876
10848 76.0 -6.355 17.499
10860 76.0 -5.486 16.790
10872 76.0 -5.935 18.340
10884 76.0 -5.629 17.963
10896 76.0 -4.088 17.166
10908 76.0 -4.314 16.155
10920 76.0 -4.275 16.980
10788 146.0 -2.655 8.977
10800 146.0 -2.226 8.520
10812 146.0 -1.798 8.049
10824 146.0 -1.342 7.707
10836 146.0 -0.813 7.592
10848 146.0 -0.228 7.364
10860 146.0 0.285 7.236
10872 146.0 0.856 7.122
10884 146.0 1.114 6.767
10896 146.0 1.182 7.063
10908 146.0 2.325 6.272
10920 146.0 2.645 5.940
10932 146.0 4.428 5.782
10944 146.0 4.033 6.198
10956 146.0 6.039 5.264
10968 146.0 4.126 5.130
10980 146.0 4.384 5.038
10992 146.0 3.058 6.241
11004 146.0 4.331 5.655
11016 146.0 6.352 5.437
10932 77.0 1.912 18.282
10944 77.0 2.483 18.282
10956 77.0 3.068 18.168
10968 77.0 3.582 18.054
10980 77.0 4.167 18.054
10992 77.0 4.738 17.939
11004 77.0 5.338 17.882
11016 77.0 5.980 17.825
11028 77.0 5.244 18.159
11040 77.0 5.808 17.806
11052 77.0 6.439 17.430
11064 77.0 5.803 17.332
11076 77.0 5.953 17.878
11088 77.0 5.622 17.820
11100 77.0 6.507 18.729
11112 77.0 6.909 18.745
11124 77.0 7.439 18.098
11136 77.0 6.167 18.648
11148 77.0 6.850 18.108
11160 77.0 5.598 18.527
12072 166.0 16.427 4.981
12084 166.0 15.856 4.981
12096 166.0 15.328 5.095
12108 166.0 14.800 5.095
12120 166.0 14.229 5.209
12132 166.0 13.715 5.209
12144 166.0 13.116 5.338
12156 166.0 12.602 5.338
12168 166.0 12.362 5.384
12180 166.0 11.600 5.832
12192 166.0 11.653 6.370
12204 166.0 11.295 6.323
12216 166.0 12.022 6.275
12228 166.0 10.804 6.473
12240 166.0 10.230 7.194
12252 166.0 10.086 7.499
12264 166.0 11.415 7.157
12276 166.0 11.365 6.606
12288 166.0 10.807 6.894
12300 166.0 10.333 6.546
12312 168.0 3.211 5.095
12324 168.0 2.440 5.095
12336 168.0 1.641 5.095
12348 168.0 0.871 5.095
12360 168.0 0.071 5.095
12372 168.0 -0.699 5.095
12384 168.0 -1.499 5.095
12396 168.0 -2.269 5.095
12408 168.0 0.544 4.254
12420 168.0 -0.397 4.757
12432 168.0 -1.972 4.966
12444 168.0 -1.233 4.977
12456 168.0 -1.835 5.531
12468 168.0 -2.449 5.423
12480 168.0 -1.999 5.626
12492 168.0 -1.849 5.619
12504 168.0 -2.553 5.617
12516 168.0 -2.751 5.919
12528 168.0 -1.015 5.026
12540 168.0 -3.711 6.190
12360 121.0 -19.495 6.608
12372 121.0 -19.081 6.722
12384 121.0 -18.610 6.836
12396 121.0 -18.139 7.079
12408 121.0 -17.711 7.193
12420 121.0 -17.254 7.307
12432 121.0 -16.769 7.535
12444 121.0 -16.255 7.535
12456 121.0 -17.133 7.688
12468 121.0 -16.789 7.125
12480 121.0 -17.028 6.687
12492 121.0 -16.302 7.733
12504 121.0 -16.022 7.104
12516 121.0 -15.967 7.192
12528 121.0 -16.004 6.977
12540 121.0 -15.256 6.288
12552 121.0 -16.576 6.903
12564 121.0 -15.850 7.022
12576 121.0 -16.509 7.064
12588 121.0 -15.763 6.069
12480 45.0 16.598 6.950
12492 45.0 16.369 7.407
12504 45.0 16.113 7.992
12516 45.0 15.799 8.463
12528 45.0 15.428 8.920
12540 45.0 15.085 9.376
12552 45.0 14.743 9.847
12564 45.0 14.371 10.304
12576 45.0 14.757 9.701
12588 45.0 15.191 9.624
12600 45.0 14.841 9.665
12612 45.0 14.425 9.881
12624 45.0 14.347 10.354
12636 45.0 12.997 10.432
12648 45.0 12.245 11.065
12660 45.0 12.662 11.161
12672 45.0 12.207 12.468
12684 45.0 10.809 12.409
12696 45.0 11.538 12.525
12708 45.0 10.264 12.676
12600 122.0 -6.750 7.179
12612 122.0 -5.809 7.179
12624 122.0 -4.867 7.179
12636 122.0 -4.096 7.179
12648 122.0 -3.468 7.179
12660 122.0 -2.840 7.236
12672 122.0 -2.212 7.236
12684 122.0 -1.627 7.236
12696 122.0 -2.891 7.356
12708 122.0 -1.697 7.281
12720 122.0 -1.668 7.662
12732 122.0 -3.489 7.069
12744 122.0 -2.473 7.443
12756 122.0 -2.077 6.111
12768 122.0 -2.390 6.872
12780 122.0 -2.182 7.074
12792 122.0 -0.506 6.601
12804 122.0 -1.102 5.730
12816 122.0 -1.942 5.670
12828 122.0 -1.597 7.038
12720 46.0 9.462 16.270
12732 46.0 8.991 16.726
12744 46.0 8.534 17.197
12756 46.0 8.121 17.540
12768 46.0 7.807 17.768
12780 46.0 7.493 18.111
12792 46.0 7.122 18.339
12804 46.0 6.808 18.582
12816 46.0 5.695 18.792
12828 46.0 5.200 19.309
12840 46.0 4.911 19.559
12852 46.0 4.162 19.752
12864 46.0 5.054 19.217
12876 46.0 2.550 20.950
12888 46.0 4.148 19.767
12900 46.0 2.649 20.629
12912 46.0 2.995 20.600
12924 46.0 1.744 21.417
12936 46.0 4.683 20.527
12948 46.0 0.723 23.337
12840 123.0 5.809 6.665
12852 123.0 6.379 6.665
12864 123.0 6.979 6.665
12876 123.0 7.550 6.665
12888 123.0 8.178 6.665
12900 123.0 8.748 6.665
12912 123.0 9.319 6.665
12924 123.0 9.890 6.665
12936 123.0 8.234 6.342
12948 123.0 8.936 6.437
12960 123.0 9.051 6.094
12972 123.0 10.012 5.823
12984 123.0 11.064 5.204
12996 123.0 11.510 5.168
13008 123.0 10.411 5.084
13020 123.0 11.525 4.822
13032 123.0 12.442 4.203
13044 123.0 12.401 4.381
13056 123.0 12.364 4.080
13068 123.0 11.976 4.594
12960 47.0 -0.457 19.395
12972 47.0 -1.028 19.509
12984 47.0 -1.627 19.509
12996 47.0 -2.198 19.509
13008 47.0 -2.797 19.566
13020 47.0 -3.468 19.680
13032 47.0 -4.124 19.738
13044 47.0 -4.767 19.795
13056 47.0 -3.572 19.869
13068 47.0 -4.496 20.124
13080 47.0 -5.000 20.671
13092 47.0 -4.539 20.415
13104 47.0 -5.520 20.917
13116 47.0 -6.050 20.781
13128 47.0 -4.635 19.891
13140 47.0 -5.241 20.579
13152 47.0 -6.127 21.037
13164 47.0 -7.973 21.691
13176 47.0 -3.994 21.059
13188 47.0 -5.548 21.839
13068 167.0 -19.466 18.168
13080 167.0 -17.797 18.168
13092 167.0 -16.070 18.168
13104 167.0 -14.386 18.168
13116 167.0 -12.659 18.168
13128 167.0 -10.932 18.168
13140 167.0 -9.305 18.054
13152 167.0 -7.778 18.054
13164 167.0 -14.371 17.566
13176 167.0 -13.791 18.016
13188 167.0 -14.665 18.082
13200 167.0 -13.472 17.425
13212 167.0 -13.830 18.394
13224 167.0 -14.944 18.176
13236 167.0 -13.178 16.862
13248 167.0 -12.733 16.606
13260 167.0 -13.069 18.241
13272 167.0 -13.077 17.461
13284 167.0 -14.010 17.345
13296 167.0 -12.680 17.156
13188 51.0 16.840 31.826
13200 51.0 16.798 31.826
13212 51.0 16.741 31.826
13224 51.0 16.641 31.826
13236 51.0 16.584 31.826
13248 51.0 16.526 31.826
13260 51.0 16.526 31.940
13272 51.0 16.526 31.940
13284 51.0 16.600 31.839
13296 51.0 16.590 31.979
13308 51.0 16.681 31.946
13320 51.0 16.651 31.992
13332 51.0 16.643 32.005
13344 51.0 16.588 32.138
13356 51.0 16.509 32.173
13368 51.0 16.470 32.063
13380 51.0 16.599 32.024
13392 51.0 16.661 31.907
13404 51.0 16.612 31.913
13416 51.0 16.615 31.879
13200 48.0 -12.331 20.194
13212 48.0 -12.902 20.194
13224 48.0 -13.472 20.080
13236 48.0 -14.043 20.080
13248 48.0 -14.614 20.080
13260 48.0 -15.213 20.080
13272 48.0 -15.784 20.080
13284 48.0 -16.355 20.080
13296 48.0 -15.555 20.289
13308 48.0 -16.833 20.166
13320 48.0 -16.935 20.430
13332 48.0 -18.024 20.911
13344 48.0 -16.555 21.115
13356 48.0 -17.608 21.905
13368 48.0 -18.183 21.324
13380 48.0 -16.756 21.658
13392 48.0 -17.720 21.940
13404 48.0 -18.115 22.616
13416 48.0 -16.770 21.961
13428 48.0 -16.937 21.784
13428 52.0 16.526 31.940
13440 52.0 16.526 31.940
13452 52.0 16.526 31.940
13464 52.0 16.526 31.940
13476 52.0 16.526 31.940
13488 52.0 16.526 31.940
13500 52.0 16.526 31.940
13512 52.0 16.484 31.883
13524 52.0 16.491 31.931
13536 52.0 16.576 31.942
13548 52.0 16.588 31.968
13560 52.0 16.534 31.902
13572 52.0 16.573 31.901
13584 52.0 16.590 31.920
13596 52.0 16.631 31.894
13608 52.0 16.631 31.861
13620 52.0 16.670 31.843
13632 52.0 16.588 31.792
13644 52.0 16.564 31.867
13656 52.0 16.538 31.919
13440 49.0 -19.568 20.033
13452 49.0 -19.546 20.026
13464 49.0 -19.524 20.019
13476 49.0 -19.503 20.013
13488 49.0 -19.481 20.006
13500 49.0 -19.459 20.000
13512 49.0 -19.438 19.993
13524 49.0 -19.416 19.986
13536 49.0 -19.488 19.997
13548 49.0 -19.389 20.014
13560 49.0 -19.434 19.942
13572 49.0 -19.464 20.048
13584 49.0 -19.363 20.062
13596 49.0 -19.368 20.073
13608 49.0 -19.398 20.099
13620 49.0 -19.333 20.008
13632 49.0 -19.275 20.001
13644 49.0 -19.393 20.002
13656 49.0 -19.277 19.955
13668 49.0 -19.219 19.982
13524 42.0 16.869 28.301
13536 42.0 16.741 27.715
13548 42.0 16.626 27.130
13560 42.0 16.512 26.616
13572 42.0 16.369 26.046
13584 42.0 16.270 25.460
13596 42.0 16.113 24.875
13608 42.0 15.984 24.247
13620 42.0 16.326 24.062
13632 42.0 16.191 22.822
13644 42.0 16.058 22.175
13656 42.0 16.284 22.108
13668 42.0 16.011 20.407
13680 42.0 15.241 21.288
13692 42.0 15.328 21.121
13704 42.0 16.015 20.582
13716 42.0 16.678 20.307
13728 42.0 16.161 21.557
13740 42.0 15.514 22.038
13752 42.0 16.422 21.400
13668 53.0 16.398 31.868
13680 53.0 16.398 31.868
13692 53.0 16.398 31.868
13704 53.0 16.369 31.868
13716 53.0 16.369 31.868
13728 53.0 16.369 31.868
13740 53.0 16.369 31.868
13752 53.0 16.341 31.926
13764 53.0 16.437 31.895
13776 53.0 16.269 31.831
13788 53.0 16.308 31.876
13800 53.0 16.210 31.776
13812 53.0 16.208 31.720
13824 53.0 16.325 31.801
13836 53.0 16.307 31.793
13848 53.0 16.249 31.702
13860 53.0 16.129 31.754
13872 53.0 16.096 31.827
13884 53.0 16.148 31.864
13896 53.0 16.006 31.888
13680 50.0 -19.134 19.900
13692 50.0 -19.112 19.894
13704 50.0 -19.090 19.887
13716 50.0 -19.069 19.881
13728 50.0 -19.047 19.874
13740 50.0 -19.025 19.867
13752 50.0 -19.003 19.861
13764 50.0 -18.982 19.854
13776 50.0 -19.004 19.800
13788 50.0 -18.966 19.706
13800 50.0 -19.029 19.835
13812 50.0 -18.963 19.834
13824 50.0 -18.904 19.849
13836 50.0 -18.873 19.769
13848 50.0 -18.812 19.785
13860 50.0 -18.878 19.766
13872 50.0 -18.893 19.703
13884 50.0 -19.029 19.716
13896 50.0 -19.028 19.778
13908 50.0 -18.959 19.840
13764 43.0 12.216 17.426
13776 43.0 11.474 17.197
13788 43.0 11.003 16.855
13800 43.0 10.475 16.498
13812 43.0 9.790 16.255
13824 43.0 9.162 16.369
13836 43.0 8.763 15.913
13848 43.0 8.335 15.570
13860 43.0 8.903 16.608
13872 43.0 8.801 16.477
13884 43.0 8.090 16.971
13896 43.0 8.351 16.764
13908 43.0 8.232 16.920
13920 43.0 6.842 17.124
13932 43.0 8.230 16.028
13944 43.0 7.395 16.669
13956 43.0 7.531 16.441
13968 43.0 7.624 17.112
13980 43.0 7.147 17.242
13992 43.0 7.481 17.383
