0 6.0 -15.695 34.138
12 6.0 -15.695 34.138
24 6.0 -15.695 34.138
36 6.0 -15.695 34.138
48 6.0 -15.695 34.138
60 6.0 -15.695 34.138
72 6.0 -15.695 34.138
84 6.0 -15.695 34.138
96 6.0 -15.745 34.102
108 6.0 -15.715 34.101
120 6.0 -15.697 34.084
132 6.0 -15.666 34.139
144 6.0 -15.689 34.059
156 6.0 -15.686 34.062
168 6.0 -15.730 34.045
180 6.0 -15.727 34.001
192 6.0 -15.716 34.073
204 6.0 -15.765 33.987
216 6.0 -15.801 33.968
228 6.0 -15.716 34.045
0 15.0 -8.722 41.385
12 15.0 -8.665 41.312
24 15.0 -8.607 41.312
36 15.0 -8.549 41.312
48 15.0 -8.491 41.312
60 15.0 -8.433 41.312
72 15.0 -8.375 41.312
84 15.0 -8.317 41.312
96 15.0 -8.190 41.199
108 15.0 -8.193 41.329
120 15.0 -8.097 41.165
132 15.0 -8.243 41.173
144 15.0 -8.058 41.088
156 15.0 -7.980 40.826
168 15.0 -8.062 40.763
180 15.0 -7.935 40.870
192 15.0 -7.922 40.971
204 15.0 -7.545 41.107
216 15.0 -7.841 40.961
228 15.0 -7.444 40.778
0 22.0 -6.061 28.786
12 22.0 -5.829 27.802
24 22.0 -5.598 26.847
36 22.0 -5.381 25.864
48 22.0 -5.164 24.894
60 22.0 -4.875 23.925
72 22.0 -4.643 22.942
84 22.0 -4.643 21.972
96 22.0 -5.228 22.944
108 22.0 -5.063 21.733
120 22.0 -5.382 21.398
132 22.0 -5.450 20.350
144 22.0 -5.887 22.090
156 22.0 -5.502 18.702
168 22.0 -5.511 20.110
180 22.0 -5.544 20.998
192 22.0 -5.784 19.858
204 22.0 -5.454 20.983
216 22.0 -5.937 19.176
228 22.0 -5.772 23.608
0 24.0 6.929 9.807
12 24.0 7.218 9.561
24 24.0 7.565 9.431
36 24.0 7.912 9.316
48 24.0 8.260 9.200
60 24.0 8.607 9.070
72 24.0 8.925 8.954
84 24.0 9.272 8.824
96 24.0 9.602 8.697
108 24.0 9.049 8.935
120 24.0 9.646 9.047
132 24.0 10.675 8.477
144 24.0 9.954 8.912
156 24.0 10.750 8.432
168 24.0 11.243 7.646
180 24.0 10.596 8.016
192 24.0 11.341 7.792
204 24.0 11.619 7.451
216 24.0 12.468 7.258
228 24.0 12.329 7.435
0 50.0 -5.584 17.532
12 50.0 -5.627 18.023
24 50.0 -5.685 18.631
36 50.0 -5.743 19.239
48 50.0 -5.800 19.730
60 50.0 -5.858 20.338
72 50.0 -5.916 20.945
84 50.0 -5.974 21.423
96 50.0 -5.747 21.434
108 50.0 -5.827 21.818
120 50.0 -5.424 23.389
132 50.0 -5.436 23.595
144 50.0 -5.703 24.004
156 50.0 -5.828 23.373
168 50.0 -5.674 24.687
180 50.0 -5.354 23.955
192 50.0 -5.141 25.586
204 50.0 -5.796 20.918
216 50.0 -5.785 21.750
228 50.0 -5.586 27.230
36 64.0 -8.288 40.083
48 64.0 -8.578 39.186
60 64.0 -8.578 38.578
72 64.0 -8.636 38.087
84 64.0 -8.636 37.609
96 64.0 -8.694 37.117
108 64.0 -8.694 36.582
120 64.0 -8.737 36.033
132 64.0 -8.954 35.858
144 64.0 -8.809 34.771
156 64.0 -9.014 34.146
168 64.0 -8.689 34.343
180 64.0 -8.572 33.219
192 64.0 -8.636 32.341
204 64.0 -8.352 32.793
216 64.0 -8.040 30.226
228 64.0 -8.027 32.898
240 64.0 -8.179 33.236
252 64.0 -8.384 31.518
264 64.0 -8.537 28.781
240 7.0 -15.695 34.138
252 7.0 -15.695 34.138
264 7.0 -15.695 34.138
276 7.0 -15.695 34.138
288 7.0 -15.695 34.138
300 7.0 -15.695 34.138
312 7.0 -15.695 34.138
324 7.0 -15.695 34.138
336 7.0 -15.729 34.132
348 7.0 -15.788 34.137
360 7.0 -15.701 34.175
372 7.0 -15.706 34.236
384 7.0 -15.659 34.164
396 7.0 -15.658 34.091
408 7.0 -15.666 34.077
420 7.0 -15.598 34.133
432 7.0 -15.675 34.073
444 7.0 -15.647 34.143
456 7.0 -15.607 34.131
468 7.0 -15.648 34.140
240 16.0 -7.233 37.175
252 16.0 -7.117 36.568
264 16.0 -7.016 35.960
276 16.0 -6.958 35.353
288 16.0 -6.842 34.745
300 16.0 -6.726 34.138
312 16.0 -6.611 33.530
324 16.0 -6.495 32.923
336 16.0 -6.896 32.334
348 16.0 -6.754 31.532
360 16.0 -6.725 30.825
372 16.0 -7.354 30.534
384 16.0 -7.494 29.661
396 16.0 -7.285 28.218
408 16.0 -7.508 27.447
420 16.0 -7.697 29.358
432 16.0 -7.845 30.813
444 16.0 -8.152 29.226
456 16.0 -7.225 31.571
468 16.0 -7.529 29.301
240 23.0 -15.347 11.630
252 23.0 -16.881 11.514
264 23.0 -18.298 11.138
276 23.0 -19.456 10.776
288 23.0 -19.213 11.064
300 23.0 -18.485 11.620
312 23.0 -17.757 12.177
324 23.0 -17.029 12.733
336 23.0 -19.511 13.089
348 23.0 -19.815 12.624
360 23.0 -20.729 12.985
372 23.0 -21.462 14.044
384 23.0 -22.034 14.372
396 23.0 -21.536 14.192
408 23.0 -21.750 15.162
420 23.0 -22.418 14.795
432 23.0 -22.788 14.957
444 23.0 -25.212 16.387
456 23.0 -24.318 15.183
468 23.0 -16.802 13.152
240 51.0 -7.290 29.089
252 51.0 -7.392 29.639
264 51.0 -7.507 30.246
276 51.0 -7.623 30.854
288 51.0 -7.739 31.389
300 51.0 -7.855 31.997
312 51.0 -7.970 32.561
324 51.0 -8.086 33.168
336 51.0 -8.161 32.989
348 51.0 -7.942 32.653
360 51.0 -8.107 33.078
372 51.0 -8.068 33.321
384 51.0 -7.681 34.089
396 51.0 -8.057 34.519
408 51.0 -7.527 34.740
420 51.0 -7.797 37.637
432 51.0 -7.940 36.047
444 51.0 -7.832 34.958
456 51.0 -7.630 37.038
468 51.0 -7.706 38.269
276 65.0 -9.142 29.263
288 65.0 -9.142 28.786
300 65.0 -9.084 28.308
312 65.0 -9.026 27.816
324 65.0 -8.910 27.209
336 65.0 -8.795 26.717
348 65.0 -8.737 26.109
360 65.0 -8.636 25.618
372 65.0 -8.761 25.580
384 65.0 -8.835 25.013
396 65.0 -8.626 24.235
408 65.0 -8.626 23.791
420 65.0 -8.588 23.330
432 65.0 -8.241 23.172
444 65.0 -8.598 23.104
456 65.0 -8.397 21.155
468 65.0 -8.338 20.998
480 65.0 -8.843 21.575
492 65.0 -8.867 20.236
504 65.0 -8.680 18.400
312 55.0 5.439 35.237
324 55.0 5.410 35.541
336 55.0 5.352 35.902
348 55.0 5.294 36.264
360 55.0 5.236 36.568
372 55.0 5.179 36.944
384 55.0 4.672 37.175
396 55.0 4.209 37.551
408 55.0 4.149 37.212
420 55.0 3.879 37.235
432 55.0 2.869 37.418
444 55.0 2.707 37.567
456 55.0 2.727 37.568
468 55.0 2.227 38.331
480 55.0 2.443 37.656
492 55.0 1.768 37.789
504 55.0 1.927 38.434
516 55.0 0.814 38.370
528 55.0 0.631 38.496
540 55.0 0.017 38.742
336 60.0 3.081 40.951
348 60.0 3.081 40.343
360 60.0 3.023 39.866
372 60.0 2.965 39.258
384 60.0 2.965 38.766
396 60.0 2.907 38.159
408 60.0 2.907 37.667
420 60.0 2.907 37.060
432 60.0 2.558 36.100
444 60.0 2.706 35.299
456 60.0 2.799 35.373
468 60.0 2.339 34.119
480 60.0 2.474 34.255
492 60.0 2.328 33.932
504 60.0 2.179 34.305
516 60.0 2.681 31.999
528 60.0 2.290 31.153
540 60.0 2.138 30.993
552 60.0 1.151 38.137
564 60.0 1.722 33.974
396 0.0 3.703 25.560
408 0.0 3.746 25.068
420 0.0 3.804 24.591
432 0.0 3.862 24.099
444 0.0 3.920 23.621
456 0.0 3.978 23.188
468 0.0 4.094 22.696
480 0.0 4.151 22.204
492 0.0 3.869 22.398
504 0.0 3.538 22.332
516 0.0 3.749 20.854
528 0.0 3.902 21.321
540 0.0 3.578 20.346
552 0.0 3.914 19.536
564 0.0 3.986 19.710
576 0.0 3.874 19.100
588 0.0 3.973 17.685
600 0.0 3.987 16.636
612 0.0 4.013 17.175
624 0.0 3.934 17.248
456 33.0 3.645 41.833
468 33.0 3.645 40.893
480 33.0 3.703 40.415
492 33.0 3.804 39.924
504 33.0 3.862 39.374
516 33.0 3.978 38.651
528 33.0 4.036 37.971
540 33.0 4.036 37.479
552 33.0 4.082 37.937
564 33.0 4.071 36.600
576 33.0 3.997 36.358
588 33.0 4.166 36.421
600 33.0 4.400 36.233
612 33.0 4.426 34.251
624 33.0 4.604 34.864
636 33.0 4.530 34.393
648 33.0 4.293 32.842
660 33.0 4.851 31.822
672 33.0 4.541 30.765
684 33.0 4.459 33.133
480 8.0 -15.695 34.138
492 8.0 -15.695 34.138
504 8.0 -15.752 34.080
516 8.0 -15.752 34.080
528 8.0 -15.752 34.080
540 8.0 -15.752 34.080
552 8.0 -15.781 34.080
564 8.0 -15.781 34.080
576 8.0 -15.802 34.207
588 8.0 -15.801 34.219
600 8.0 -15.823 34.225
612 8.0 -15.813 34.199
624 8.0 -15.747 34.127
636 8.0 -15.750 34.075
648 8.0 -15.748 34.113
660 8.0 -15.806 34.120
672 8.0 -15.694 34.056
684 8.0 -15.661 34.113
696 8.0 -15.695 34.077
708 8.0 -15.757 34.097
480 17.0 -5.584 25.140
492 17.0 -5.584 24.533
504 17.0 -5.555 24.041
516 17.0 -5.584 23.665
528 17.0 -5.612 23.318
540 17.0 -5.612 22.942
552 17.0 -5.670 22.580
564 17.0 -5.699 22.103
576 17.0 -5.778 21.309
588 17.0 -5.707 21.257
600 17.0 -5.952 20.424
612 17.0 -5.812 19.111
624 17.0 -5.873 19.213
636 17.0 -6.010 18.193
648 17.0 -5.781 18.897
660 17.0 -6.071 17.424
672 17.0 -5.643 16.728
684 17.0 -5.657 17.856
696 17.0 -5.811 15.604
708 17.0 -5.073 16.201
504 12.0 -6.611 24.533
516 12.0 -6.611 23.925
528 12.0 -6.611 23.303
540 12.0 -6.611 22.696
552 12.0 -6.668 22.218
564 12.0 -6.668 21.727
576 12.0 -6.668 21.307
588 12.0 -6.611 20.757
600 12.0 -6.592 20.772
612 12.0 -6.547 19.833
624 12.0 -6.353 20.509
636 12.0 -6.634 19.559
648 12.0 -6.564 18.680
660 12.0 -6.609 18.597
672 12.0 -6.700 17.911
684 12.0 -6.853 18.523
696 12.0 -6.459 18.078
708 12.0 -6.985 16.846
720 12.0 -6.736 13.629
732 12.0 -7.101 16.473
504 46.0 1.794 -6.509
516 46.0 1.794 -6.509
528 46.0 1.765 -6.871
540 46.0 1.649 -7.233
552 46.0 1.591 -7.609
564 46.0 1.475 -8.086
576 46.0 1.418 -8.824
588 46.0 1.360 -9.431
600 46.0 1.554 -9.095
612 46.0 1.528 -9.184
624 46.0 1.575 -9.621
636 46.0 1.300 -10.506
648 46.0 1.346 -10.732
660 46.0 1.451 -11.631
672 46.0 1.416 -11.463
684 46.0 1.017 -12.414
696 46.0 1.025 -13.376
708 46.0 1.323 -13.496
720 46.0 1.035 -14.078
732 46.0 0.740 -14.314
516 66.0 -6.871 19.354
528 66.0 -6.697 18.689
540 66.0 -6.582 18.067
552 66.0 -6.408 17.459
564 66.0 -6.292 16.852
576 66.0 -6.177 16.244
588 66.0 -6.061 15.637
600 66.0 -5.887 15.159
612 66.0 -6.370 14.636
624 66.0 -6.109 14.164
636 66.0 -6.267 14.663
648 66.0 -6.470 14.754
660 66.0 -6.437 13.390
672 66.0 -6.248 13.542
684 66.0 -6.189 12.705
696 66.0 -6.372 12.482
708 66.0 -6.115 11.061
720 66.0 -6.214 11.505
732 66.0 -5.925 10.590
744 66.0 -5.903 10.415
552 56.0 -1.548 39.359
564 56.0 -2.097 39.359
576 56.0 -2.676 39.359
588 56.0 -3.370 39.851
600 56.0 -4.094 40.343
612 56.0 -4.499 40.589
624 56.0 -4.846 40.835
636 56.0 -5.468 41.009
648 56.0 -5.062 41.172
660 56.0 -6.243 41.552
672 56.0 -5.966 41.601
684 56.0 -6.338 41.383
696 56.0 -7.164 41.808
708 56.0 -7.152 41.836
720 56.0 -8.202 42.177
732 56.0 -7.735 42.711
744 56.0 -8.953 42.804
756 56.0 -8.337 42.442
768 56.0 -8.940 42.801
780 56.0 -6.860 42.679
576 52.0 -13.843 30.680
588 52.0 -13.901 30.058
600 52.0 -13.901 29.451
612 52.0 -13.901 29.335
624 52.0 -13.843 29.089
636 52.0 -13.785 28.843
648 52.0 -13.785 28.482
660 52.0 -13.785 28.236
672 52.0 -13.785 27.444
684 52.0 -13.839 26.189
696 52.0 -13.956 26.370
708 52.0 -13.822 25.909
720 52.0 -13.680 25.194
732 52.0 -13.800 23.728
744 52.0 -13.929 24.362
756 52.0 -14.260 23.071
768 52.0 -14.303 24.617
780 52.0 -14.199 21.837
792 52.0 -14.468 23.337
804 52.0 -14.547 25.198
576 61.0 4.238 29.509
588 61.0 4.296 28.786
600 61.0 4.412 28.178
612 61.0 4.470 27.570
624 61.0 4.585 26.847
636 61.0 4.528 26.355
648 61.0 4.412 25.979
660 61.0 4.296 25.618
672 61.0 4.530 25.345
684 61.0 4.399 24.593
696 61.0 4.430 23.706
708 61.0 4.565 23.172
720 61.0 4.470 22.706
732 61.0 4.574 21.704
744 61.0 5.011 22.429
756 61.0 4.507 21.901
768 61.0 4.476 22.475
780 61.0 4.884 23.713
792 61.0 4.887 21.386
804 61.0 4.867 20.243
600 48.0 -14.639 30.333
612 48.0 -14.523 29.523
624 48.0 -14.465 29.147
636 48.0 -14.465 28.655
648 48.0 -14.465 28.308
660 48.0 -14.407 27.816
672 48.0 -14.407 27.440
684 48.0 -14.349 27.093
696 48.0 -14.324 26.592
708 48.0 -14.488 25.687
720 48.0 -14.239 25.082
732 48.0 -14.374 24.950
744 48.0 -14.507 24.104
756 48.0 -14.517 24.406
768 48.0 -14.800 23.460
780 48.0 -14.742 23.245
792 48.0 -14.272 23.352
804 48.0 -14.483 23.502
816 48.0 -14.479 23.448
828 48.0 -13.983 23.333
636 1.0 3.862 15.998
648 1.0 3.920 15.391
660 1.0 3.978 14.783
672 1.0 3.978 14.060
684 1.0 4.036 13.453
696 1.0 4.036 12.845
708 1.0 4.094 12.237
720 1.0 4.151 11.746
732 1.0 4.114 12.608
744 1.0 4.030 11.384
756 1.0 4.104 9.804
768 1.0 3.879 9.608
780 1.0 4.030 9.939
792 1.0 4.038 9.912
804 1.0 4.038 8.307
816 1.0 4.007 8.594
828 1.0 3.952 8.039
840 1.0 3.546 6.499
852 1.0 3.678 8.622
864 1.0 4.073 6.713
696 34.0 4.267 27.455
708 34.0 4.267 27.252
720 34.0 4.238 27.252
732 34.0 4.209 27.194
744 34.0 4.180 27.194
756 34.0 4.180 26.905
768 34.0 4.296 26.298
780 34.0 4.412 25.690
792 34.0 4.404 25.941
804 34.0 4.336 25.801
816 34.0 4.241 25.378
828 34.0 4.258 24.481
840 34.0 4.109 24.385
852 34.0 4.256 23.593
864 34.0 4.343 23.068
876 34.0 4.521 22.261
888 34.0 4.409 22.649
900 34.0 4.391 21.733
912 34.0 4.449 21.368
924 34.0 4.638 21.412
720 9.0 -15.868 34.080
732 9.0 -15.897 34.080
744 9.0 -15.897 34.080
756 9.0 -15.897 34.022
768 9.0 -15.897 34.022
780 9.0 -15.926 34.022
792 9.0 -15.926 34.022
804 9.0 -15.926 34.022
816 9.0 -15.881 34.003
828 9.0 -15.785 33.953
840 9.0 -15.807 33.998
852 9.0 -15.722 34.142
864 9.0 -15.748 34.155
876 9.0 -15.689 34.140
888 9.0 -15.641 34.092
900 9.0 -15.723 34.067
912 9.0 -15.793 34.069
924 9.0 -15.756 34.041
936 9.0 -15.736 34.064
948 9.0 -15.759 34.072
720 18.0 -5.179 14.306
732 18.0 -5.121 13.814
744 18.0 -5.121 13.091
756 18.0 -5.077 12.353
768 18.0 -4.904 11.861
780 18.0 -4.730 11.384
792 18.0 -4.730 10.776
804 18.0 -4.730 10.169
816 18.0 -5.048 9.737
828 18.0 -4.869 9.820
840 18.0 -4.509 9.723
852 18.0 -4.626 8.903
864 18.0 -4.644 8.713
876 18.0 -4.673 7.385
888 18.0 -4.665 6.920
900 18.0 -4.801 6.919
912 18.0 -4.736 5.804
924 18.0 -4.752 6.164
936 18.0 -4.191 7.074
948 18.0 -4.551 5.117
744 13.0 -6.032 12.975
756 13.0 -5.974 12.483
768 13.0 -5.873 12.107
780 13.0 -5.699 11.630
792 13.0 -5.584 11.268
804 13.0 -5.584 10.531
816 13.0 -5.584 9.923
828 13.0 -5.584 9.446
840 13.0 -5.136 9.859
852 13.0 -4.877 8.892
864 13.0 -4.611 8.354
876 13.0 -4.436 8.895
888 13.0 -4.267 6.804
900 13.0 -4.006 6.009
912 13.0 -4.084 7.344
924 13.0 -3.615 5.904
936 13.0 -3.762 8.699
948 13.0 -4.306 4.526
960 13.0 -3.936 4.276
972 13.0 -3.143 9.291
744 20.0 -20.078 21.596
756 20.0 -19.730 21.857
768 20.0 -19.354 22.088
780 20.0 -18.964 22.334
792 20.0 -18.501 22.826
804 20.0 -18.110 23.188
816 20.0 -17.763 23.188
828 20.0 -17.488 23.303
840 20.0 -17.147 22.265
852 20.0 -18.461 22.889
864 20.0 -18.145 22.253
876 20.0 -17.461 22.301
888 20.0 -17.733 21.916
900 20.0 -17.649 22.234
912 20.0 -17.246 21.939
924 20.0 -17.405 21.824
936 20.0 -17.663 21.994
948 20.0 -17.595 21.972
960 20.0 -16.583 21.595
972 20.0 -17.077 21.689
756 67.0 2.416 41.298
768 67.0 2.416 40.589
780 67.0 2.416 40.227
792 67.0 2.416 39.851
804 67.0 2.416 39.504
816 67.0 2.416 39.012
828 67.0 2.474 38.636
840 67.0 2.531 38.144
852 67.0 2.457 37.918
864 67.0 2.431 37.026
876 67.0 2.408 37.208
888 67.0 2.493 36.180
900 67.0 2.578 35.595
912 67.0 2.417 35.023
924 67.0 2.182 34.056
936 67.0 2.429 34.758
948 67.0 2.606 33.640
960 67.0 2.436 33.082
972 67.0 2.596 33.454
984 67.0 3.453 32.681
792 57.0 -7.037 41.535
804 57.0 -7.055 41.539
816 57.0 -7.073 41.542
828 57.0 -7.090 41.545
840 57.0 -7.108 41.548
852 57.0 -7.126 41.552
864 57.0 -7.145 41.555
876 57.0 -7.163 41.558
888 57.0 -7.136 41.532
900 57.0 -7.270 41.503
912 57.0 -7.170 41.438
924 57.0 -7.210 41.503
936 57.0 -7.111 41.436
948 57.0 -7.074 41.375
960 57.0 -7.088 41.411
972 57.0 -7.038 41.459
984 57.0 -7.055 41.426
996 57.0 -6.938 41.446
1008 57.0 -7.048 41.483
1020 57.0 -7.090 41.387
816 62.0 5.887 18.920
828 62.0 5.887 18.689
840 62.0 5.887 18.573
852 62.0 5.887 18.197
864 62.0 6.234 16.866
876 62.0 6.408 15.883
888 62.0 6.408 15.391
900 62.0 6.408 14.914
912 62.0 6.503 14.830
924 62.0 6.255 14.253
936 62.0 6.320 13.886
948 62.0 6.300 13.006
960 62.0 6.433 13.363
972 62.0 5.963 11.645
984 62.0 6.033 9.375
996 62.0 6.170 11.465
1008 62.0 6.045 10.538
1020 62.0 6.333 9.908
1032 62.0 6.421 11.494
1044 62.0 6.301 11.667
840 49.0 -15.145 22.696
852 49.0 -15.203 22.349
864 49.0 -15.261 21.972
876 49.0 -15.376 21.596
888 49.0 -15.666 21.249
900 49.0 -15.941 20.873
912 49.0 -16.230 20.642
924 49.0 -16.461 20.381
936 49.0 -16.372 20.445
948 49.0 -16.450 19.407
960 49.0 -16.287 19.008
972 49.0 -16.296 17.618
984 49.0 -16.161 17.376
996 49.0 -16.099 16.906
1008 49.0 -16.000 16.590
1020 49.0 -15.872 16.693
1032 49.0 -15.847 13.801
1044 49.0 -15.956 13.047
1056 49.0 -15.928 15.289
1068 49.0 -15.669 13.975
876 2.0 4.788 4.817
888 2.0 4.788 4.325
900 2.0 4.788 3.848
912 2.0 4.788 3.110
924 2.0 4.788 2.372
936 2.0 4.672 1.895
948 2.0 4.557 1.649
960 2.0 4.499 1.287
972 2.0 4.491 0.395
984 2.0 4.726 0.050
996 2.0 4.496 -0.612
1008 2.0 4.500 -0.980
1020 2.0 4.818 -0.839
1032 2.0 4.654 -0.240
1044 2.0 4.409 -3.492
1056 2.0 4.606 -2.329
1068 2.0 4.029 -3.261
1080 2.0 4.328 -3.709
1092 2.0 4.711 -1.326
1104 2.0 4.152 -5.888
936 35.0 5.627 19.108
948 35.0 5.743 18.501
960 35.0 5.974 18.139
972 35.0 6.263 17.647
984 35.0 6.437 17.286
996 35.0 6.553 16.924
1008 35.0 6.770 16.490
1020 35.0 7.059 15.941
1032 35.0 7.248 15.759
1044 35.0 7.147 15.355
1056 35.0 7.139 14.061
1068 35.0 6.985 14.764
1080 35.0 7.018 14.020
1092 35.0 7.358 14.376
1104 35.0 7.065 13.714
1116 35.0 6.770 13.143
1128 35.0 6.872 12.225
1140 35.0 6.623 11.792
1152 35.0 6.391 11.981
1164 35.0 6.540 13.291
960 10.0 -16.027 34.007
972 10.0 -16.027 34.007
984 10.0 -16.027 34.007
996 10.0 -16.027 34.007
1008 10.0 -16.085 33.950
1020 10.0 -16.085 33.950
1032 10.0 -16.085 33.950
1044 10.0 -16.085 33.892
1056 10.0 -16.001 33.914
1068 10.0 -15.912 33.838
1080 10.0 -15.919 33.814
1092 10.0 -15.920 33.909
1104 10.0 -15.923 33.862
1116 10.0 -15.872 33.979
1128 10.0 -15.806 33.892
1140 10.0 -15.863 33.886
1152 10.0 -15.867 33.924
1164 10.0 -15.974 33.780
1176 10.0 -16.018 33.803
1188 10.0 -15.982 33.888
960 19.0 -3.935 3.356
972 19.0 -3.935 2.864
984 19.0 -3.935 2.372
996 19.0 -3.935 1.895
1008 19.0 -3.963 1.215
1020 19.0 -3.963 0.608
1032 19.0 -3.992 0.072
1044 19.0 -4.021 -0.535
1056 19.0 -4.202 -0.551
1068 19.0 -4.192 -0.728
1080 19.0 -3.990 -1.260
1092 19.0 -4.178 -1.819
1104 19.0 -4.318 -2.806
1116 19.0 -3.954 -2.500
1128 19.0 -3.795 -3.408
1140 19.0 -4.104 -3.221
1152 19.0 -4.023 -3.829
1164 19.0 -4.000 -3.194
1176 19.0 -4.146 -5.508
1188 19.0 -3.559 -3.668
984 14.0 -4.846 2.864
996 14.0 -4.730 2.257
1008 14.0 -4.672 1.519
1020 14.0 -4.672 0.984
1032 14.0 -4.672 0.318
1044 14.0 -4.672 -0.231
1056 14.0 -4.672 -0.897
1068 14.0 -4.672 -1.504
1080 14.0 -4.442 -1.903
1092 14.0 -4.598 -1.313
1104 14.0 -4.914 -2.327
1116 14.0 -4.671 -3.700
1128 14.0 -4.852 -4.096
1140 14.0 -4.685 -3.510
1152 14.0 -4.627 -3.472
1164 14.0 -4.674 -5.333
1176 14.0 -4.938 -5.323
1188 14.0 -4.652 -6.312
1200 14.0 -4.727 -4.535
1212 14.0 -4.659 -5.062
984 21.0 -14.856 29.147
996 21.0 -14.697 29.523
1008 21.0 -14.552 29.943
1020 21.0 -14.465 30.608
1032 21.0 -14.378 31.158
1044 21.0 -14.292 31.823
1056 21.0 -14.219 32.373
1068 21.0 -14.017 32.865
1080 21.0 -14.378 32.736
1092 21.0 -14.211 32.445
1104 21.0 -13.971 34.322
1116 21.0 -14.098 33.444
1128 21.0 -13.993 36.118
1140 21.0 -14.270 34.770
1152 21.0 -14.102 34.802
1164 21.0 -13.670 35.009
1176 21.0 -14.124 36.779
1188 21.0 -13.827 38.644
1200 21.0 -13.484 36.456
1212 21.0 -14.204 34.636
996 54.0 -9.316 24.374
1008 54.0 -9.026 23.419
1020 54.0 -8.578 22.811
1032 54.0 -8.115 22.349
1044 54.0 -7.594 21.741
1056 54.0 -7.146 21.119
1068 54.0 -7.030 20.989
1080 54.0 -6.929 20.873
1092 54.0 -6.859 20.793
1104 54.0 -7.010 20.590
1116 54.0 -5.951 19.199
1128 54.0 -5.476 19.999
1140 54.0 -4.944 18.019
1152 54.0 -4.861 17.740
1164 54.0 -5.091 16.518
1176 54.0 -5.701 18.012
1188 54.0 -5.338 16.340
1200 54.0 -6.212 19.725
1212 54.0 -5.470 17.200
1224 54.0 -6.981 21.478
996 68.0 3.269 31.230
1008 68.0 3.182 30.782
1020 68.0 3.124 30.304
1032 68.0 3.124 29.813
1044 68.0 3.182 29.205
1056 68.0 3.240 28.713
1068 68.0 3.240 28.250
1080 68.0 3.298 27.758
1092 68.0 3.414 27.719
1104 68.0 3.401 27.431
1116 68.0 3.222 27.016
1128 68.0 3.329 26.505
1140 68.0 3.225 26.271
1152 68.0 3.203 25.399
1164 68.0 3.085 24.637
1176 68.0 3.372 25.102
1188 68.0 3.254 24.074
1200 68.0 3.095 24.430
1212 68.0 2.725 23.002
1224 68.0 3.082 23.917
1020 29.0 -8.375 -2.850
1032 29.0 -8.824 -3.341
1044 29.0 -9.229 -3.718
1056 29.0 -9.677 -4.180
1068 29.0 -10.140 -4.557
1080 29.0 -10.603 -5.048
1092 29.0 -10.993 -5.410
1104 29.0 -11.442 -5.887
1116 29.0 -11.322 -4.983
1128 29.0 -11.643 -5.228
1140 29.0 -11.061 -5.029
1152 29.0 -11.645 -5.028
1164 29.0 -10.980 -4.542
1176 29.0 -12.073 -4.641
1188 29.0 -11.995 -5.017
1200 29.0 -12.510 -4.144
1212 29.0 -13.595 -4.147
1224 29.0 -12.990 -4.299
1236 29.0 -12.549 -4.411
1248 29.0 -12.333 -4.602
1032 58.0 -7.396 41.600
1044 58.0 -7.414 41.603
1056 58.0 -7.432 41.607
1068 58.0 -7.450 41.610
1080 58.0 -7.468 41.613
1092 58.0 -7.486 41.616
1104 58.0 -7.504 41.620
1116 58.0 -7.522 41.623
1128 58.0 -7.564 41.535
1140 58.0 -7.506 41.522
1152 58.0 -7.479 41.510
1164 58.0 -7.435 41.483
1176 58.0 -7.414 41.494
1188 58.0 -7.433 41.469
1200 58.0 -7.254 41.445
1212 58.0 -7.342 41.487
1224 58.0 -7.359 41.616
1236 58.0 -7.460 41.584
1248 58.0 -7.368 41.553
1260 58.0 -7.349 41.615
1056 63.0 5.092 5.844
1068 63.0 5.034 5.236
1080 63.0 4.918 4.629
1092 63.0 4.918 3.906
1104 63.0 4.918 3.298
1116 63.0 4.918 2.560
1128 63.0 4.918 1.953
1140 63.0 4.918 1.230
1152 63.0 4.776 0.589
1164 63.0 4.871 0.320
1176 63.0 4.862 -0.477
1188 63.0 4.854 -0.624
1200 63.0 4.665 -0.535
1212 63.0 4.728 -0.929
1224 63.0 4.480 -2.485
1236 63.0 5.462 -1.507
1248 63.0 4.727 -0.605
1260 63.0 4.641 -1.096
1272 63.0 4.178 -5.546
1284 63.0 4.410 -4.435
1116 3.0 3.804 -5.164
1128 3.0 3.746 -5.280
1140 3.0 3.703 -5.395
1152 3.0 3.645 -5.395
1164 3.0 3.587 -5.395
1176 3.0 3.472 -5.395
1188 3.0 3.414 -5.280
1200 3.0 3.356 -5.280
1212 3.0 3.322 -5.279
1224 3.0 3.246 -5.258
1236 3.0 3.198 -5.122
1248 3.0 3.262 -5.192
1260 3.0 2.981 -5.160
1272 3.0 3.038 -4.969
1284 3.0 3.105 -4.873
1296 3.0 2.919 -4.924
1308 3.0 2.929 -4.927
1320 3.0 2.801 -4.774
1332 3.0 2.905 -4.956
1344 3.0 2.808 -4.916
1152 39.0 15.579 19.181
1164 39.0 15.174 19.296
1176 39.0 14.711 19.412
1188 39.0 14.320 19.412
1200 39.0 13.915 19.528
1212 39.0 13.525 19.658
1224 39.0 13.120 19.788
1236 39.0 12.671 19.788
1248 39.0 12.332 20.753
1260 39.0 12.950 20.368
1272 39.0 12.595 20.956
1284 39.0 11.835 21.173
1296 39.0 12.791 20.822
1308 39.0 12.113 21.430
1320 39.0 11.323 21.516
1332 39.0 10.756 21.840
1344 39.0 9.800 22.779
1356 39.0 9.106 22.931
1368 39.0 9.664 22.950
1380 39.0 8.786 23.546
1188 38.0 15.116 21.293
1200 38.0 14.176 20.627
1212 38.0 13.843 20.685
1224 38.0 13.496 20.815
1236 38.0 13.149 20.945
1248 38.0 12.744 21.061
1260 38.0 12.411 21.119
1272 38.0 12.078 21.235
1284 38.0 13.180 21.217
1296 38.0 12.214 21.169
1308 38.0 11.608 21.374
1320 38.0 11.643 21.890
1332 38.0 11.613 21.208
1344 38.0 12.007 21.623
1356 38.0 11.347 21.506
1368 38.0 11.187 21.688
1380 38.0 10.337 22.221
1392 38.0 10.001 22.271
1404 38.0 9.164 22.136
1416 38.0 9.244 22.027
1200 11.0 -16.085 33.414
1212 11.0 -16.085 33.414
1224 11.0 -16.085 33.414
1236 11.0 -16.085 33.299
1248 11.0 -16.085 33.299
1260 11.0 -16.085 33.299
1272 11.0 -16.085 33.226
1284 11.0 -16.085 33.226
1296 11.0 -16.077 33.247
1308 11.0 -15.991 33.316
1320 11.0 -15.997 33.225
1332 11.0 -15.952 33.346
1344 11.0 -15.974 33.332
1356 11.0 -15.996 33.353
1368 11.0 -15.961 33.321
1380 11.0 -16.022 33.281
1392 11.0 -16.019 33.318
1404 11.0 -16.034 33.369
1416 11.0 -15.953 33.394
1428 11.0 -15.914 33.455
1236 69.0 3.298 21.191
1248 69.0 3.298 20.700
1260 69.0 3.298 20.208
1272 69.0 3.298 19.716
1284 69.0 3.414 19.108
1296 69.0 3.472 18.617
1308 69.0 3.529 18.125
1320 69.0 3.587 17.662
1332 69.0 3.756 16.994
1344 69.0 3.743 16.052
1356 69.0 3.902 15.676
1368 69.0 4.025 15.384
1380 69.0 3.966 15.092
1392 69.0 4.185 14.343
1404 69.0 3.559 14.212
1416 69.0 3.848 11.923
1428 69.0 3.692 11.415
1440 69.0 3.778 9.483
1452 69.0 3.839 11.657
1464 69.0 3.053 9.797
1260 30.0 -16.563 -9.793
1272 30.0 -16.852 -10.285
1284 30.0 -17.141 -10.632
1296 30.0 -17.373 -11.008
1308 30.0 -17.604 -11.384
1320 30.0 -17.792 -11.731
1332 30.0 -17.966 -12.107
1344 30.0 -18.183 -12.397
1356 30.0 -17.850 -12.226
1368 30.0 -18.058 -12.524
1380 30.0 -18.418 -12.688
1392 30.0 -18.053 -14.282
1404 30.0 -18.252 -13.768
1416 30.0 -18.300 -14.695
1428 30.0 -18.266 -15.665
1440 30.0 -18.099 -16.452
1452 30.0 -17.733 -17.366
1464 30.0 -18.217 -18.851
1476 30.0 -18.951 -16.404
1488 30.0 -18.865 -17.019
1272 59.0 -6.726 34.933
1284 59.0 -6.668 34.326
1296 59.0 -6.553 33.704
1308 59.0 -6.495 33.096
1320 59.0 -6.437 32.489
1332 59.0 -6.321 31.881
1344 59.0 -6.321 31.274
1356 59.0 -6.321 30.550
1368 59.0 -6.055 29.958
1380 59.0 -6.112 29.584
1392 59.0 -6.057 29.110
1404 59.0 -5.941 29.685
1416 59.0 -6.055 29.611
1428 59.0 -5.795 27.348
1440 59.0 -5.866 27.286
1452 59.0 -5.542 26.654
1464 59.0 -5.903 26.858
1476 59.0 -5.666 28.111
1488 59.0 -6.108 26.659
1500 59.0 -5.808 28.000
