504 10.0 4.086 16.706
516 10.0 4.767 16.706
528 10.0 5.447 16.706
540 10.0 6.083 16.706
552 10.0 6.719 16.706
564 10.0 7.309 16.706
576 10.0 7.899 16.706
588 10.0 8.580 16.524
600 10.0 7.394 16.384
612 10.0 7.948 15.904
624 10.0 9.434 15.332
636 10.0 10.245 15.774
648 10.0 9.443 15.868
660 10.0 9.438 15.714
672 10.0 9.646 16.052
684 10.0 10.246 15.606
696 10.0 10.457 15.585
708 10.0 10.252 15.766
720 10.0 11.831 14.924
732 10.0 9.453 16.968
504 11.0 -11.258 15.208
516 11.0 -11.780 15.208
528 11.0 -12.370 15.208
540 11.0 -12.892 15.208
552 11.0 -13.483 15.208
564 11.0 -14.027 15.208
576 11.0 -14.527 15.208
588 11.0 -15.139 15.208
600 11.0 -13.272 15.017
612 11.0 -13.552 14.801
624 11.0 -13.799 15.063
636 11.0 -13.546 14.903
648 11.0 -14.150 15.073
660 11.0 -14.514 14.745
672 11.0 -14.368 14.967
684 11.0 -14.518 14.413
696 11.0 -14.875 14.252
708 11.0 -14.551 14.106
720 11.0 -15.173 14.372
732 11.0 -15.760 14.212
504 13.0 -20.360 17.296
516 13.0 -21.041 17.296
528 13.0 -21.631 17.296
540 13.0 -22.312 17.455
552 13.0 -22.993 17.455
564 13.0 -23.583 17.455
576 13.0 -24.309 17.296
588 13.0 -24.990 17.114
600 13.0 -25.246 17.693
612 13.0 -25.159 17.590
624 13.0 -24.529 17.234
636 13.0 -24.430 17.301
648 13.0 -24.906 17.549
660 13.0 -25.430 17.979
672 13.0 -25.979 17.467
684 13.0 -27.017 17.830
696 13.0 -26.569 17.936
708 13.0 -27.253 18.069
720 13.0 -25.591 17.559
732 13.0 -26.171 17.869
504 16.0 -0.545 -0.182
516 16.0 -0.840 -0.182
528 16.0 -1.180 -0.182
540 16.0 -1.521 -0.182
552 16.0 -1.816 -0.182
564 16.0 -2.134 -0.182
576 16.0 -2.451 -0.182
588 16.0 -2.815 -0.340
600 16.0 -2.526 -0.076
612 16.0 -3.060 0.281
624 16.0 -3.026 0.362
636 16.0 -2.659 0.797
648 16.0 -2.966 0.910
660 16.0 -3.714 1.256
672 16.0 -4.422 1.306
684 16.0 -4.670 1.451
696 16.0 -5.188 1.814
708 16.0 -5.387 1.561
720 16.0 -5.751 2.581
732 16.0 -5.568 2.586
504 28.0 7.173 12.053
516 28.0 6.946 12.552
528 28.0 6.809 12.870
540 28.0 6.582 13.369
552 28.0 6.446 13.710
564 28.0 6.219 14.209
576 28.0 6.060 14.549
588 28.0 5.765 14.867
600 28.0 6.136 14.282
612 28.0 6.036 14.771
624 28.0 5.434 15.007
636 28.0 4.854 15.830
648 28.0 4.317 15.967
660 28.0 4.559 15.713
672 28.0 3.954 16.447
684 28.0 4.200 15.898
696 28.0 4.185 16.066
708 28.0 3.366 16.695
720 28.0 2.812 16.933
732 28.0 1.708 16.685
516 14.0 7.967 10.055
528 14.0 7.967 10.373
540 14.0 7.967 10.713
552 14.0 7.967 11.213
564 14.0 7.967 11.712
576 14.0 7.967 12.053
588 14.0 7.967 12.552
600 14.0 8.103 13.051
612 14.0 7.883 13.017
624 14.0 8.098 13.412
636 14.0 8.080 14.499
648 14.0 8.100 14.519
660 14.0 8.012 13.973
672 14.0 8.319 15.500
684 14.0 7.764 15.858
696 14.0 8.546 17.675
708 14.0 8.329 15.678
720 14.0 8.422 16.252
732 14.0 8.574 17.176
744 14.0 8.375 16.591
516 26.0 8.239 23.197
528 26.0 8.012 22.879
540 26.0 7.853 22.380
552 26.0 7.626 22.017
564 26.0 7.400 21.518
576 26.0 7.195 21.200
588 26.0 7.036 20.700
600 26.0 6.809 20.383
612 26.0 6.870 20.379
624 26.0 6.982 19.403
636 26.0 6.775 19.106
648 26.0 6.454 18.866
660 26.0 6.772 18.545
672 26.0 7.241 18.004
684 26.0 7.395 17.002
696 26.0 7.095 16.414
708 26.0 7.552 16.433
720 26.0 6.813 16.972
732 26.0 7.407 14.159
744 26.0 7.052 12.117
696 20.0 -31.255 10.804
708 20.0 -28.940 11.122
720 20.0 -26.557 11.621
732 20.0 -24.173 11.962
744 20.0 -21.767 12.121
756 20.0 -19.316 11.803
768 20.0 -17.137 11.803
780 20.0 -15.366 11.803
792 20.0 -25.057 10.515
804 20.0 -25.604 10.393
816 20.0 -26.033 10.302
828 20.0 -25.362 9.999
840 20.0 -25.797 10.644
852 20.0 -24.981 9.906
864 20.0 -25.800 10.252
876 20.0 -24.728 8.998
888 20.0 -24.243 8.740
900 20.0 -24.241 9.449
912 20.0 -25.102 9.627
924 20.0 -25.639 11.365
744 12.0 -18.567 18.045
756 12.0 -18.249 18.204
768 12.0 -18.521 18.204
780 12.0 -18.748 18.204
792 12.0 -19.066 18.204
804 12.0 -19.656 18.204
816 12.0 -20.473 18.363
828 12.0 -21.835 18.544
840 12.0 -20.875 18.290
852 12.0 -21.198 18.637
864 12.0 -21.301 18.659
876 12.0 -21.827 18.744
888 12.0 -21.504 19.218
900 12.0 -21.711 19.067
912 12.0 -22.493 19.449
924 12.0 -23.854 19.888
936 12.0 -23.803 20.004
948 12.0 -23.718 19.534
960 12.0 -24.144 19.157
972 12.0 -24.560 19.701
744 17.0 -6.106 -4.676
756 17.0 -6.174 -5.334
768 17.0 -6.265 -5.833
780 17.0 -6.537 -6.174
792 17.0 -6.855 -6.333
804 17.0 -7.218 -6.673
816 17.0 -7.218 -7.173
828 17.0 -7.309 -7.831
840 17.0 -7.097 -8.476
852 17.0 -7.193 -8.813
864 17.0 -7.167 -9.506
876 17.0 -7.631 -9.971
888 17.0 -7.216 -10.795
900 17.0 -6.971 -12.205
912 17.0 -6.899 -12.251
924 17.0 -7.085 -12.884
936 17.0 -7.156 -12.879
948 17.0 -7.712 -12.461
960 17.0 -7.581 -12.850
972 17.0 -7.677 -10.443
744 29.0 4.403 20.360
756 29.0 4.630 20.700
768 29.0 4.630 21.041
780 29.0 4.358 21.200
792 29.0 4.131 21.200
804 29.0 3.813 21.359
816 29.0 3.450 21.540
828 29.0 2.928 21.858
840 29.0 3.314 22.117
852 29.0 2.673 21.911
864 29.0 3.199 21.741
876 29.0 2.913 22.078
888 29.0 2.019 22.527
900 29.0 2.256 22.834
912 29.0 2.241 22.358
924 29.0 1.983 22.581
936 29.0 1.654 22.817
948 29.0 1.065 23.117
960 29.0 0.834 23.222
972 29.0 0.622 22.882
744 31.0 -10.713 -8.648
756 31.0 -10.623 -8.648
768 31.0 -10.486 -8.512
780 31.0 -10.305 -8.330
792 31.0 -10.078 -8.012
804 31.0 -9.715 -7.649
816 31.0 -9.352 -7.150
828 31.0 -9.034 -6.650
840 31.0 -9.205 -7.605
852 31.0 -8.860 -7.586
864 31.0 -8.268 -7.645
876 31.0 -8.179 -7.537
888 31.0 -8.138 -7.736
900 31.0 -7.903 -7.863
912 31.0 -8.287 -8.314
924 31.0 -8.049 -7.802
936 31.0 -8.335 -7.629
948 31.0 -7.867 -8.561
960 31.0 -8.103 -8.695
972 31.0 -7.659 -8.470
756 27.0 7.853 18.204
768 27.0 7.922 18.204
780 27.0 7.490 18.204
792 27.0 7.104 18.204
804 27.0 6.650 18.204
816 27.0 6.287 18.204
828 27.0 5.765 18.204
840 27.0 5.175 18.204
852 27.0 5.661 18.569
864 27.0 5.562 18.551
876 27.0 5.100 18.581
888 27.0 4.923 18.950
900 27.0 4.203 19.317
912 27.0 4.316 19.240
924 27.0 3.721 19.836
936 27.0 3.344 19.986
948 27.0 3.290 19.942
960 27.0 2.034 21.178
972 27.0 1.941 20.913
984 27.0 1.948 20.613
780 30.0 -9.215 -8.489
792 30.0 -9.056 -8.171
804 30.0 -8.988 -7.831
816 30.0 -8.829 -7.331
828 30.0 -8.602 -7.173
840 30.0 -8.307 -6.991
852 30.0 -8.012 -6.673
864 30.0 -7.717 -6.333
876 30.0 -7.877 -7.635
888 30.0 -7.611 -7.068
900 30.0 -7.609 -7.484
912 30.0 -7.346 -6.901
924 30.0 -7.309 -6.992
936 30.0 -7.635 -7.551
948 30.0 -7.153 -7.499
960 30.0 -7.448 -7.542
972 30.0 -7.023 -7.784
984 30.0 -7.667 -7.458
996 30.0 -6.796 -7.906
1008 30.0 -6.781 -7.585
