0 1.0 10.292 13.907
12 1.0 10.803 14.014
24 1.0 11.398 14.205
36 1.0 11.994 14.396
48 1.0 12.568 14.545
60 1.0 13.163 14.715
72 1.0 13.737 14.864
84 1.0 14.333 15.077
96 1.0 13.878 15.202
108 1.0 13.910 14.879
120 1.0 13.593 14.432
132 1.0 13.869 14.399
144 1.0 13.326 14.282
156 1.0 12.880 14.720
168 1.0 12.526 14.503
180 1.0 12.821 14.561
192 1.0 13.291 14.038
204 1.0 12.249 14.674
216 1.0 13.221 14.250
228 1.0 12.930 14.353
0 3.0 35.938 22.201
12 3.0 35.470 22.094
24 3.0 35.002 22.009
36 3.0 34.535 21.924
48 3.0 34.194 21.797
60 3.0 33.726 21.712
72 3.0 33.259 21.627
84 3.0 32.833 21.542
96 3.0 33.433 21.807
108 3.0 33.489 22.263
120 3.0 32.975 21.930
132 3.0 32.114 22.072
144 3.0 32.612 22.330
156 3.0 32.443 22.308
168 3.0 31.030 21.986
180 3.0 31.958 22.331
192 3.0 32.221 22.006
204 3.0 30.950 22.722
216 3.0 30.442 21.924
228 3.0 31.270 22.250
0 5.0 32.663 15.119
12 5.0 32.195 14.630
24 5.0 31.728 14.248
36 5.0 31.260 13.865
48 5.0 30.898 13.461
60 5.0 30.430 13.078
72 5.0 29.963 12.695
84 5.0 29.601 12.227
96 5.0 30.011 13.484
108 5.0 29.976 13.178
120 5.0 30.005 12.907
132 5.0 29.998 12.859
144 5.0 29.975 11.959
156 5.0 29.983 12.450
168 5.0 30.060 12.023
180 5.0 29.974 11.499
192 5.0 29.366 12.726
204 5.0 29.555 11.154
216 5.0 28.682 11.236
228 5.0 28.790 11.616
0 7.0 41.680 13.673
12 7.0 40.978 13.269
24 7.0 40.276 12.887
36 7.0 39.681 12.610
48 7.0 38.979 12.227
60 7.0 38.341 11.930
72 7.0 37.682 11.547
84 7.0 37.044 11.271
96 7.0 38.706 11.646
108 7.0 37.833 11.876
120 7.0 37.051 12.083
132 7.0 36.725 13.010
144 7.0 38.505 11.956
156 7.0 37.874 12.094
168 7.0 37.418 12.681
180 7.0 39.087 12.613
192 7.0 37.226 12.470
204 7.0 37.356 12.029
216 7.0 37.230 12.690
228 7.0 36.933 11.975
0 9.0 10.866 -16.693
12 9.0 11.334 -16.587
24 9.0 11.930 -16.502
36 9.0 12.504 -16.417
48 9.0 13.099 -16.310
60 9.0 13.673 -16.119
72 9.0 14.141 -16.034
84 9.0 14.737 -15.928
96 9.0 14.316 -16.512
108 9.0 13.438 -16.462
120 9.0 13.030 -16.952
132 9.0 14.387 -16.569
144 9.0 15.601 -16.829
156 9.0 15.264 -17.184
168 9.0 13.936 -17.741
180 9.0 14.770 -17.037
192 9.0 14.973 -16.513
204 9.0 15.221 -16.778
216 9.0 14.381 -16.306
228 9.0 14.907 -17.006
0 11.0 -25.731 13.907
12 11.0 -25.263 13.716
24 11.0 -24.753 13.610
36 11.0 -24.285 13.525
48 11.0 -23.753 13.440
60 11.0 -23.221 13.291
72 11.0 -22.690 13.184
84 11.0 -22.222 13.078
96 11.0 -22.399 12.649
108 11.0 -22.936 12.608
120 11.0 -22.754 13.075
132 11.0 -22.918 12.920
144 11.0 -22.295 12.563
156 11.0 -21.736 12.462
168 11.0 -21.466 12.446
180 11.0 -21.633 12.261
192 11.0 -20.874 11.365
204 11.0 -20.171 11.283
216 11.0 -17.857 9.933
228 11.0 -19.873 11.225
0 13.0 -26.092 5.338
12 13.0 -25.965 5.146
24 13.0 -25.731 4.934
36 13.0 -25.497 4.763
48 13.0 -25.263 4.551
60 13.0 -25.029 4.466
72 13.0 -24.923 4.551
84 13.0 -24.689 4.657
96 13.0 -24.197 4.312
108 13.0 -23.959 3.733
120 13.0 -23.521 3.482
132 13.0 -23.527 3.497
144 13.0 -23.212 3.227
156 13.0 -22.919 3.137
168 13.0 -22.043 2.002
180 13.0 -21.431 2.359
192 13.0 -20.739 1.736
204 13.0 -21.196 1.907
216 13.0 -20.932 2.242
228 13.0 -20.043 1.590
0 15.0 -20.797 11.079
12 15.0 -20.585 11.079
24 15.0 -20.329 11.164
36 15.0 -20.117 11.249
48 15.0 -19.862 11.356
60 15.0 -19.649 11.462
72 15.0 -19.394 11.547
84 15.0 -19.181 11.632
96 15.0 -19.362 10.850
108 15.0 -19.317 10.664
120 15.0 -19.008 11.195
132 15.0 -18.658 11.393
144 15.0 -18.409 11.215
156 15.0 -18.089 11.081
168 15.0 -18.014 11.274
180 15.0 -17.760 10.878
192 15.0 -18.066 11.156
204 15.0 -17.408 10.744
216 15.0 -17.696 11.162
228 15.0 -17.187 11.212
0 17.0 -23.115 -1.744
12 17.0 -23.200 -1.744
24 17.0 -23.200 -1.744
36 17.0 -23.200 -1.744
48 17.0 -23.200 -1.744
60 17.0 -23.200 -1.744
72 17.0 -23.200 -1.744
84 17.0 -23.200 -1.744
96 17.0 -23.072 -1.772
108 17.0 -23.116 -1.737
120 17.0 -23.067 -1.765
132 17.0 -23.099 -1.800
144 17.0 -22.995 -1.842
156 17.0 -22.998 -1.805
168 17.0 -23.023 -1.756
180 17.0 -23.041 -1.747
192 17.0 -22.983 -1.824
204 17.0 -22.936 -1.798
216 17.0 -22.963 -1.832
228 17.0 -23.026 -1.749
0 19.0 -7.507 -22.711
12 19.0 -7.166 -22.626
24 19.0 -6.699 -22.541
36 19.0 -6.231 -22.435
48 19.0 -5.827 -22.286
60 19.0 -5.359 -22.137
72 19.0 -4.955 -22.052
84 19.0 -4.529 -21.903
96 19.0 -5.076 -22.865
108 19.0 -4.838 -22.191
120 19.0 -4.648 -22.681
132 19.0 -3.980 -22.614
144 19.0 -3.206 -22.613
156 19.0 -2.595 -23.260
168 19.0 -2.508 -23.382
180 19.0 -2.150 -23.641
192 19.0 -2.130 -23.775
204 19.0 -0.987 -24.466
216 19.0 -0.688 -24.506
228 19.0 -2.278 -23.904
240 2.0 21.116 17.055
252 2.0 21.712 17.225
264 2.0 22.286 17.437
276 2.0 22.881 17.522
288 2.0 23.583 17.714
300 2.0 24.051 18.012
312 2.0 24.625 18.203
324 2.0 25.093 18.501
336 2.0 24.352 17.520
348 2.0 24.554 17.381
360 2.0 24.322 17.245
372 2.0 25.154 17.710
384 2.0 25.561 16.848
396 2.0 24.738 17.067
408 2.0 25.631 17.056
420 2.0 26.258 16.725
432 2.0 26.030 16.279
444 2.0 25.432 16.767
456 2.0 25.014 17.459
468 2.0 24.977 16.433
240 4.0 26.858 20.648
252 4.0 26.390 20.648
264 4.0 25.795 20.563
276 4.0 25.327 20.563
288 4.0 24.859 20.478
300 4.0 24.391 20.478
312 4.0 23.817 20.351
324 4.0 23.349 20.266
336 4.0 23.495 20.423
348 4.0 23.679 20.861
360 4.0 22.858 21.310
372 4.0 22.434 20.687
384 4.0 22.416 21.284
396 4.0 22.079 20.132
408 4.0 21.048 21.433
420 4.0 22.489 21.946
432 4.0 21.227 21.936
444 4.0 21.533 21.456
456 4.0 21.449 22.114
468 4.0 20.339 21.868
240 6.0 23.859 7.400
252 6.0 23.392 7.017
264 6.0 22.924 6.741
276 6.0 22.456 6.358
288 6.0 21.988 6.061
300 6.0 21.520 5.678
312 6.0 21.052 5.295
324 6.0 20.585 4.997
336 6.0 21.669 5.413
348 6.0 21.323 4.946
360 6.0 21.240 5.116
372 6.0 20.905 4.669
384 6.0 21.500 4.765
396 6.0 20.966 5.070
408 6.0 20.354 4.918
420 6.0 20.130 5.192
432 6.0 20.477 5.248
444 6.0 20.483 4.989
456 6.0 20.649 4.794
468 6.0 20.404 5.040
240 8.0 29.197 6.146
252 8.0 28.623 5.763
264 8.0 28.027 5.274
276 8.0 27.453 4.891
288 8.0 26.858 4.508
300 8.0 26.156 4.125
312 8.0 25.582 3.658
324 8.0 24.986 3.254
336 8.0 25.150 4.008
348 8.0 26.449 3.807
360 8.0 25.715 3.856
372 8.0 25.454 3.708
384 8.0 25.488 3.052
396 8.0 25.680 2.952
408 8.0 25.744 3.370
420 8.0 25.746 3.390
432 8.0 25.463 3.511
444 8.0 24.610 3.336
456 8.0 24.930 3.071
468 8.0 25.246 3.531
240 10.0 21.542 -14.758
252 10.0 22.116 -14.673
264 10.0 22.584 -14.588
276 10.0 23.051 -14.588
288 10.0 23.519 -14.482
300 10.0 24.093 -14.375
312 10.0 24.561 -14.375
324 10.0 25.050 -14.290
336 10.0 24.480 -14.225
348 10.0 24.641 -14.302
360 10.0 23.842 -14.367
372 10.0 24.152 -14.467
384 10.0 24.990 -14.127
396 10.0 24.279 -14.559
408 10.0 24.575 -14.693
420 10.0 24.732 -14.361
432 10.0 24.714 -14.545
444 10.0 24.729 -14.548
456 10.0 25.495 -15.304
468 10.0 25.355 -14.699
240 12.0 -19.543 14.248
252 12.0 -19.415 14.248
264 12.0 -19.075 14.354
276 12.0 -18.820 14.354
288 12.0 -18.479 14.439
300 12.0 -18.224 14.439
312 12.0 -17.884 14.524
324 12.0 -17.671 14.524
336 12.0 -17.462 14.604
348 12.0 -17.846 14.315
360 12.0 -17.228 14.345
372 12.0 -17.191 14.466
384 12.0 -16.899 14.363
396 12.0 -16.786 13.845
408 12.0 -17.186 14.001
420 12.0 -17.345 13.619
432 12.0 -17.015 13.680
444 12.0 -16.877 13.281
456 12.0 -16.587 13.325
468 12.0 -16.401 13.089
240 14.0 -21.520 6.592
252 14.0 -21.159 6.677
264 14.0 -20.819 6.869
276 14.0 -20.457 6.975
288 14.0 -20.117 7.166
300 14.0 -19.755 7.251
312 14.0 -19.415 7.443
324 14.0 -19.054 7.655
336 14.0 -19.790 7.170
348 14.0 -19.329 7.394
360 14.0 -19.155 7.026
372 14.0 -19.246 7.221
384 14.0 -18.886 6.858
396 14.0 -18.937 7.001
408 14.0 -18.711 7.569
420 14.0 -18.480 6.620
432 14.0 -18.343 7.267
444 14.0 -18.888 6.525
456 14.0 -18.551 6.305
468 14.0 -18.361 6.282
240 16.0 -15.906 12.695
252 16.0 -15.524 12.695
264 16.0 -15.311 12.695
276 16.0 -15.056 12.695
288 16.0 -14.843 12.802
300 16.0 -14.503 12.802
312 16.0 -14.248 12.802
324 16.0 -14.035 12.802
336 16.0 -14.083 12.803
348 16.0 -13.642 12.982
360 16.0 -13.081 12.963
372 16.0 -12.965 12.658
384 16.0 -13.357 13.099
396 16.0 -13.280 12.838
408 16.0 -13.702 13.333
420 16.0 -12.946 13.229
432 16.0 -13.221 13.059
444 16.0 -12.707 12.739
456 16.0 -12.249 12.992
468 16.0 -13.087 12.952
240 18.0 -23.392 -1.616
252 18.0 -23.392 -1.616
264 18.0 -23.392 -1.616
276 18.0 -23.392 -1.510
288 18.0 -23.392 -1.510
300 18.0 -23.392 -1.510
312 18.0 -23.392 -1.510
324 18.0 -23.392 -1.510
336 18.0 -23.387 -1.530
348 18.0 -23.473 -1.473
360 18.0 -23.455 -1.450
372 18.0 -23.362 -1.447
384 18.0 -23.286 -1.368
396 18.0 -23.304 -1.427
408 18.0 -23.235 -1.631
420 18.0 -23.270 -1.577
432 18.0 -23.226 -1.560
444 18.0 -23.152 -1.650
456 18.0 -23.093 -1.779
468 18.0 -23.052 -1.766
240 20.0 0.510 -20.457
252 20.0 0.851 -20.351
264 20.0 1.212 -20.181
276 20.0 1.552 -19.968
288 20.0 1.914 -19.777
300 20.0 2.148 -19.585
312 20.0 2.488 -19.394
324 20.0 2.850 -19.287
336 20.0 2.793 -19.655
348 20.0 2.664 -19.790
360 20.0 2.851 -20.134
372 20.0 3.031 -20.354
384 20.0 2.446 -20.175
396 20.0 3.386 -19.967
408 20.0 2.931 -20.247
420 20.0 3.223 -19.940
432 20.0 3.311 -19.821
444 20.0 3.883 -20.481
456 20.0 3.859 -20.459
468 20.0 4.285 -20.468
