0 1.0 20.467 11.255
12 1.0 20.334 11.255
24 1.0 20.334 11.255
36 1.0 20.201 11.255
48 1.0 20.201 11.255
60 1.0 20.090 11.255
72 1.0 19.979 11.255
84 1.0 19.979 11.255
96 1.0 19.970 11.087
108 1.0 19.894 11.256
120 1.0 19.892 11.368
132 1.0 19.625 11.323
144 1.0 19.571 11.099
156 1.0 19.059 11.230
168 1.0 19.074 11.447
180 1.0 19.088 11.454
192 1.0 18.482 11.422
204 1.0 18.446 11.766
216 1.0 18.231 11.630
228 1.0 17.985 11.958
0 3.0 -25.906 13.519
12 3.0 -23.486 13.807
24 3.0 -21.310 14.429
36 3.0 -18.735 14.829
48 3.0 -16.538 15.517
60 3.0 -14.340 16.227
72 3.0 -12.120 17.337
84 3.0 -9.923 18.536
96 3.0 -19.887 12.940
108 3.0 -20.683 14.243
120 3.0 -19.352 12.937
132 3.0 -20.285 13.630
144 3.0 -20.744 14.055
156 3.0 -20.754 12.665
168 3.0 -19.390 12.934
180 3.0 -19.825 13.130
192 3.0 -21.450 14.508
204 3.0 -21.000 14.413
216 3.0 -20.270 13.097
228 3.0 -21.891 13.676
0 5.0 5.372 11.565
12 5.0 2.908 11.255
24 5.0 1.066 11.166
36 5.0 -0.755 11.033
48 5.0 -2.575 10.855
60 5.0 -4.440 10.744
72 5.0 -6.260 10.744
84 5.0 -8.080 10.633
96 5.0 0.172 11.566
108 5.0 0.017 11.325
120 5.0 -0.158 11.363
132 5.0 0.464 10.844
144 5.0 0.859 10.936
156 5.0 -0.568 10.928
168 5.0 -0.736 11.133
180 5.0 -0.771 11.008
192 5.0 0.793 10.681
204 5.0 0.717 10.615
216 5.0 1.271 10.329
228 5.0 -0.061 11.216
0 7.0 12.143 16.782
12 7.0 12.387 16.582
24 7.0 12.764 16.382
36 7.0 12.986 16.294
48 7.0 13.363 16.072
60 7.0 13.608 15.983
72 7.0 13.985 15.783
84 7.0 14.340 15.672
96 7.0 14.518 15.608
108 7.0 15.011 15.538
120 7.0 16.390 15.098
132 7.0 16.392 15.113
144 7.0 16.079 15.037
156 7.0 16.434 15.042
168 7.0 17.343 14.764
180 7.0 18.449 14.089
192 7.0 18.048 14.619
204 7.0 18.845 14.074
216 7.0 15.873 14.541
228 7.0 17.749 14.021
0 9.0 12.098 4.706
12 9.0 13.075 5.217
24 9.0 14.163 5.705
36 9.0 15.250 6.216
48 9.0 16.360 6.815
60 9.0 17.470 7.325
72 9.0 18.558 7.836
84 9.0 19.646 8.324
96 9.0 16.838 5.535
108 9.0 16.267 4.990
120 9.0 15.555 5.553
132 9.0 15.944 5.763
144 9.0 15.891 4.966
156 9.0 16.883 5.222
168 9.0 16.525 5.003
180 9.0 16.209 4.571
192 9.0 17.158 4.601
204 9.0 16.710 5.104
216 9.0 18.389 4.996
228 9.0 17.011 4.726
192 0.0 -30.478 13.608
204 0.0 -28.747 13.918
216 0.0 -27.060 14.207
228 0.0 -25.328 14.518
240 0.0 -23.508 14.829
252 0.0 -21.777 15.228
264 0.0 -19.823 15.428
276 0.0 -17.870 15.539
288 0.0 -25.896 14.166
300 0.0 -25.129 13.184
312 0.0 -25.333 13.648
324 0.0 -26.653 14.124
336 0.0 -26.258 13.938
348 0.0 -26.276 13.495
360 0.0 -27.215 13.841
372 0.0 -25.041 12.967
384 0.0 -25.049 13.455
396 0.0 -23.348 13.603
408 0.0 -24.281 12.517
420 0.0 -25.860 13.047
240 2.0 19.601 11.055
252 2.0 19.601 11.055
264 2.0 19.601 11.144
276 2.0 19.601 11.144
288 2.0 19.490 11.144
300 2.0 19.490 11.144
312 2.0 19.490 11.255
324 2.0 19.490 11.255
336 2.0 19.592 11.194
348 2.0 19.682 11.143
360 2.0 19.520 11.104
372 2.0 19.645 11.099
384 2.0 19.586 10.966
396 2.0 19.615 10.937
408 2.0 19.619 10.908
420 2.0 19.560 11.036
432 2.0 19.520 10.898
444 2.0 19.579 10.900
456 2.0 19.578 10.888
468 2.0 19.604 10.951
240 4.0 -6.435 21.047
252 4.0 -6.767 20.840
264 4.0 -7.099 20.633
276 4.0 -7.431 20.427
288 4.0 -7.763 20.220
300 4.0 -8.095 20.013
312 4.0 -8.427 19.806
324 4.0 -8.759 19.599
336 4.0 -9.048 20.150
348 4.0 -8.565 19.566
360 4.0 -8.513 20.066
372 4.0 -8.611 20.028
384 4.0 -8.845 19.469
396 4.0 -8.730 19.942
408 4.0 -9.285 20.073
420 4.0 -9.716 19.859
432 4.0 -8.950 19.308
444 4.0 -10.002 18.880
456 4.0 -10.549 18.869
468 4.0 -9.738 19.195
240 6.0 -29.259 8.520
252 6.0 -27.797 8.646
264 6.0 -26.335 8.772
276 6.0 -24.873 8.899
288 6.0 -23.410 9.025
300 6.0 -21.948 9.152
312 6.0 -20.486 9.278
324 6.0 -19.024 9.405
336 6.0 -25.053 8.520
348 6.0 -25.048 8.244
360 6.0 -24.699 7.595
372 6.0 -24.080 7.784
384 6.0 -26.131 8.788
396 6.0 -25.602 8.420
408 6.0 -24.377 8.119
420 6.0 -23.567 8.175
432 6.0 -24.140 7.904
444 6.0 -24.353 8.895
456 6.0 -24.167 7.625
468 6.0 -24.232 8.528
240 8.0 19.246 13.452
252 8.0 19.601 13.363
264 8.0 19.956 13.164
276 8.0 20.445 13.053
288 8.0 20.822 12.964
300 8.0 21.310 12.875
312 8.0 21.799 12.764
324 8.0 22.287 12.653
336 8.0 21.189 12.916
348 8.0 21.644 12.519
360 8.0 22.592 12.333
372 8.0 22.299 12.425
384 8.0 22.622 12.176
396 8.0 23.231 12.031
408 8.0 24.106 11.916
420 8.0 24.408 11.661
432 8.0 24.673 11.430
444 8.0 25.864 11.431
456 8.0 25.747 11.170
468 8.0 25.332 11.384
240 10.0 34.829 13.252
252 10.0 36.161 13.474
264 10.0 37.515 13.763
276 10.0 38.736 14.052
288 10.0 40.068 14.362
300 10.0 41.444 14.673
312 10.0 42.776 14.873
324 10.0 44.241 15.073
336 10.0 40.296 14.550
348 10.0 38.360 13.945
360 10.0 39.724 13.327
372 10.0 39.167 13.592
384 10.0 38.645 13.910
396 10.0 40.096 13.364
408 10.0 39.854 12.586
420 10.0 39.304 13.164
432 10.0 39.541 12.084
444 10.0 40.957 12.673
456 10.0 40.934 12.524
468 10.0 41.356 12.696
276 11.0 54.386 -21.310
288 11.0 53.720 -21.111
300 11.0 53.720 -20.711
312 11.0 53.720 -20.289
324 11.0 53.587 -19.801
336 11.0 53.587 -19.401
348 11.0 53.587 -18.980
360 11.0 53.587 -18.580
372 11.0 53.368 -18.355
384 11.0 53.843 -18.168
396 11.0 53.462 -17.904
408 11.0 53.502 -17.154
420 11.0 53.470 -17.112
432 11.0 53.730 -16.977
444 11.0 53.878 -16.204
456 11.0 53.448 -15.434
468 11.0 53.776 -15.431
480 11.0 54.269 -14.766
492 11.0 53.538 -15.636
504 11.0 53.656 -13.855
