0 0.0 -9.746 -14.063
12 0.0 -9.266 -13.845
24 0.0 -8.787 -13.562
36 0.0 -8.307 -13.365
48 0.0 -7.827 -13.060
60 0.0 -7.239 -12.755
72 0.0 -6.759 -12.581
84 0.0 -6.279 -12.275
96 0.0 -6.404 -13.028
108 0.0 -5.840 -13.480
120 0.0 -6.574 -13.140
132 0.0 -7.128 -13.829
144 0.0 -6.637 -14.056
156 0.0 -6.751 -13.920
168 0.0 -6.342 -14.480
180 0.0 -5.738 -14.466
192 0.0 -5.002 -14.624
204 0.0 -4.194 -14.590
216 0.0 -5.201 -14.311
228 0.0 -4.379 -14.527
0 1.0 -7.588 15.284
12 1.0 -7.217 15.415
24 1.0 -6.868 15.502
36 1.0 -6.388 15.698
48 1.0 -6.040 15.807
60 1.0 -5.560 15.982
72 1.0 -5.189 16.091
84 1.0 -4.819 16.200
96 1.0 -5.115 14.847
108 1.0 -4.810 14.883
120 1.0 -4.438 14.887
132 1.0 -4.859 15.054
144 1.0 -5.144 15.475
156 1.0 -4.498 15.011
168 1.0 -4.869 15.230
180 1.0 -4.034 15.275
192 1.0 -3.872 14.545
204 1.0 -3.786 14.759
216 1.0 -3.015 14.463
228 1.0 -3.775 14.639
0 3.0 28.148 19.558
12 3.0 28.148 19.558
24 3.0 28.148 19.558
36 3.0 28.148 19.558
48 3.0 28.148 19.558
60 3.0 28.148 19.558
72 3.0 28.148 19.558
84 3.0 28.148 19.558
96 3.0 28.164 19.532
108 3.0 28.131 19.473
120 3.0 28.236 19.502
132 3.0 28.126 19.533
144 3.0 28.061 19.456
156 3.0 28.153 19.576
168 3.0 28.179 19.546
180 3.0 28.124 19.615
192 3.0 28.098 19.585
204 3.0 28.031 19.684
216 3.0 28.026 19.731
228 3.0 28.021 19.725
0 5.0 27.123 20.735
12 5.0 27.123 20.735
24 5.0 27.123 20.735
36 5.0 27.123 20.735
48 5.0 27.123 20.735
60 5.0 27.123 20.735
72 5.0 27.123 20.735
84 5.0 27.123 20.735
96 5.0 27.287 20.766
108 5.0 27.239 20.637
120 5.0 27.317 20.548
132 5.0 27.429 20.572
144 5.0 27.271 20.571
156 5.0 27.394 20.554
168 5.0 27.426 20.503
180 5.0 27.417 20.513
192 5.0 27.466 20.546
204 5.0 27.475 20.491
216 5.0 27.562 20.352
228 5.0 27.664 20.451
0 7.0 27.254 21.629
12 7.0 27.254 21.629
24 7.0 27.254 21.629
36 7.0 27.254 21.629
48 7.0 27.254 21.629
60 7.0 27.254 21.629
72 7.0 27.254 21.629
84 7.0 27.254 21.629
96 7.0 27.268 21.626
108 7.0 27.232 21.601
120 7.0 27.233 21.572
132 7.0 27.203 21.679
144 7.0 27.205 21.691
156 7.0 27.114 21.653
168 7.0 27.111 21.706
180 7.0 27.208 21.704
192 7.0 27.119 21.680
204 7.0 27.101 21.724
216 7.0 27.114 21.655
228 7.0 27.102 21.633
0 9.0 11.338 21.367
12 9.0 11.817 21.476
24 9.0 12.406 21.585
36 9.0 12.908 21.673
48 9.0 13.475 21.782
60 9.0 14.085 21.869
72 9.0 14.565 21.978
84 9.0 15.175 22.065
96 9.0 14.144 22.187
108 9.0 14.776 21.656
120 9.0 14.477 21.973
132 9.0 14.074 21.534
144 9.0 14.287 22.245
156 9.0 13.976 21.868
168 9.0 13.957 21.913
180 9.0 14.581 22.897
192 9.0 14.557 21.728
204 9.0 14.466 22.187
216 9.0 14.893 21.464
228 9.0 15.825 21.827
240 2.0 0.589 17.857
252 2.0 0.938 18.075
264 2.0 1.417 18.162
276 2.0 1.766 18.249
288 2.0 2.137 18.380
300 2.0 2.507 18.555
312 2.0 2.856 18.664
324 2.0 3.205 18.860
336 2.0 2.457 18.750
348 2.0 3.008 17.955
360 2.0 3.343 17.990
372 2.0 3.401 18.043
384 2.0 2.738 18.338
396 2.0 3.243 17.743
408 2.0 3.470 17.897
420 2.0 3.717 17.697
432 2.0 3.467 18.258
444 2.0 3.842 17.425
456 2.0 3.431 17.561
468 2.0 3.208 17.622
240 4.0 28.148 19.558
252 4.0 28.148 19.558
264 4.0 28.148 19.558
276 4.0 28.148 19.558
288 4.0 28.148 19.558
300 4.0 28.148 19.558
312 4.0 28.148 19.558
324 4.0 28.148 19.558
336 4.0 28.123 19.484
348 4.0 28.158 19.590
360 4.0 28.197 19.574
372 4.0 28.200 19.530
384 4.0 28.180 19.492
396 4.0 28.207 19.490
408 4.0 28.149 19.513
420 4.0 28.223 19.520
432 4.0 28.188 19.485
444 4.0 28.260 19.518
456 4.0 28.249 19.568
468 4.0 28.337 19.527
240 6.0 27.123 20.735
252 6.0 27.123 20.735
264 6.0 27.123 20.735
276 6.0 27.123 20.735
288 6.0 27.123 20.735
300 6.0 27.123 20.735
312 6.0 27.123 20.735
324 6.0 27.123 20.735
336 6.0 27.082 20.702
348 6.0 27.106 20.703
360 6.0 27.192 20.703
372 6.0 27.107 20.755
384 6.0 27.106 20.794
396 6.0 27.164 20.778
408 6.0 27.169 20.740
420 6.0 27.081 20.693
432 6.0 27.220 20.711
444 6.0 27.210 20.700
456 6.0 27.274 20.637
468 6.0 27.134 20.720
240 8.0 27.254 21.629
252 8.0 27.254 21.629
264 8.0 27.254 21.629
276 8.0 27.254 21.629
288 8.0 27.254 21.629
300 8.0 27.254 21.629
312 8.0 27.254 21.629
324 8.0 27.254 21.629
336 8.0 27.302 21.608
348 8.0 27.277 21.624
360 8.0 27.299 21.672
372 8.0 27.331 21.655
384 8.0 27.331 21.642
396 8.0 27.354 21.679
408 8.0 27.334 21.636
420 8.0 27.346 21.685
432 8.0 27.348 21.664
444 8.0 27.344 21.713
456 8.0 27.401 21.782
468 8.0 27.354 21.669
