0 3.0 40.391 7.389
12 3.0 40.391 7.389
24 3.0 40.391 7.389
36 3.0 40.391 7.389
48 3.0 40.391 7.389
60 3.0 40.391 7.389
72 3.0 40.391 7.389
84 3.0 40.391 7.498
96 3.0 40.333 7.567
108 3.0 40.313 7.534
120 3.0 40.347 7.408
132 3.0 40.316 7.521
144 3.0 40.350 7.467
156 3.0 40.392 7.384
168 3.0 40.363 7.319
180 3.0 40.420 7.370
192 3.0 40.436 7.337
204 3.0 40.438 7.352
216 3.0 40.455 7.263
228 3.0 40.540 7.276
0 5.0 40.500 5.526
12 5.0 40.500 5.526
24 5.0 40.500 5.526
36 5.0 40.500 5.526
48 5.0 40.500 5.526
60 5.0 40.500 5.526
72 5.0 40.500 5.526
84 5.0 40.500 5.526
96 5.0 40.498 5.515
108 5.0 40.490 5.572
120 5.0 40.507 5.563
132 5.0 40.471 5.635
144 5.0 40.466 5.623
156 5.0 40.457 5.591
168 5.0 40.510 5.586
180 5.0 40.549 5.579
192 5.0 40.570 5.414
204 5.0 40.540 5.380
216 5.0 40.565 5.428
228 5.0 40.573 5.359
0 7.0 45.028 7.541
12 7.0 45.028 7.541
24 7.0 45.028 7.541
36 7.0 45.028 7.541
48 7.0 45.028 7.541
60 7.0 45.028 7.541
72 7.0 45.028 7.541
84 7.0 45.028 7.541
96 7.0 45.049 7.349
108 7.0 44.997 7.346
120 7.0 44.990 7.347
132 7.0 45.024 7.336
144 7.0 44.999 7.385
156 7.0 44.929 7.347
168 7.0 44.969 7.314
180 7.0 44.989 7.318
192 7.0 44.950 7.298
204 7.0 44.965 7.346
216 7.0 45.008 7.441
228 7.0 45.024 7.404
0 9.0 44.552 6.869
12 9.0 44.552 6.869
24 9.0 44.552 6.869
36 9.0 44.552 6.869
48 9.0 44.552 6.869
60 9.0 44.552 6.869
72 9.0 44.552 6.869
84 9.0 44.552 6.869
96 9.0 44.469 6.860
108 9.0 44.472 6.867
120 9.0 44.452 6.816
132 9.0 44.504 6.779
144 9.0 44.462 6.845
156 9.0 44.511 6.693
168 9.0 44.521 6.730
180 9.0 44.508 6.787
192 9.0 44.529 6.705
204 9.0 44.621 6.813
216 9.0 44.607 6.858
228 9.0 44.624 6.836
0 11.0 47.889 6.414
12 11.0 47.889 6.414
24 11.0 47.889 6.414
36 11.0 47.889 6.414
48 11.0 47.889 6.414
60 11.0 47.889 6.414
72 11.0 47.889 6.414
84 11.0 47.889 6.414
96 11.0 48.004 6.360
108 11.0 48.056 6.427
120 11.0 47.950 6.441
132 11.0 47.909 6.378
144 11.0 47.928 6.312
156 11.0 47.961 6.379
168 11.0 48.015 6.306
180 11.0 48.016 6.309
192 11.0 47.999 6.330
204 11.0 47.960 6.405
216 11.0 47.980 6.343
228 11.0 48.125 6.244
0 13.0 52.483 3.922
12 13.0 52.483 3.922
24 13.0 52.483 3.922
36 13.0 52.483 3.922
48 13.0 52.483 3.922
60 13.0 52.483 3.922
72 13.0 52.483 3.922
84 13.0 52.483 3.922
96 13.0 52.414 3.932
108 13.0 52.535 3.953
120 13.0 52.535 3.937
132 13.0 52.463 3.914
144 13.0 52.460 3.900
156 13.0 52.419 3.791
168 13.0 52.489 3.679
180 13.0 52.481 3.926
192 13.0 52.484 3.919
204 13.0 52.444 3.967
216 13.0 52.495 3.924
228 13.0 52.474 3.950
0 15.0 51.182 6.111
12 15.0 51.182 6.024
24 15.0 51.182 6.024
36 15.0 51.182 5.916
48 15.0 51.312 5.916
60 15.0 51.312 5.829
72 15.0 51.312 5.829
84 15.0 51.312 5.829
96 15.0 51.349 5.855
108 15.0 51.310 5.932
120 15.0 51.376 6.039
132 15.0 51.365 6.102
144 15.0 51.299 6.146
156 15.0 51.286 6.141
168 15.0 51.403 6.072
180 15.0 51.432 6.008
192 15.0 51.503 6.029
204 15.0 51.316 6.100
216 15.0 51.251 6.064
228 15.0 51.238 6.066
0 17.0 50.467 5.396
12 17.0 50.706 5.179
24 17.0 51.052 4.984
36 17.0 51.312 4.897
48 17.0 51.529 4.897
60 17.0 51.659 4.897
72 17.0 51.789 4.897
84 17.0 52.006 4.897
96 17.0 52.236 4.701
108 17.0 52.173 4.967
120 17.0 52.124 4.962
132 17.0 52.858 4.723
144 17.0 52.626 4.745
156 17.0 53.578 4.548
168 17.0 53.514 4.479
180 17.0 53.257 4.503
192 17.0 53.595 4.464
204 17.0 54.146 4.383
216 17.0 54.534 3.766
228 17.0 54.756 3.702
0 19.0 46.632 9.253
12 19.0 46.415 9.751
24 19.0 46.155 10.249
36 19.0 45.938 10.726
48 19.0 45.808 11.225
60 19.0 45.678 11.723
72 19.0 45.570 12.200
84 19.0 45.570 12.698
96 19.0 45.818 12.332
108 19.0 45.805 12.913
120 19.0 45.536 13.409
132 19.0 45.657 12.449
144 19.0 45.823 13.773
156 19.0 45.500 14.995
168 19.0 45.750 15.425
180 19.0 45.729 14.156
192 19.0 45.585 17.177
204 19.0 45.581 16.045
216 19.0 45.807 14.394
228 19.0 45.492 14.094
0 21.0 46.762 12.806
12 21.0 46.762 12.698
24 21.0 46.762 12.698
36 21.0 46.762 12.698
48 21.0 46.762 12.698
60 21.0 46.762 12.611
72 21.0 46.762 12.611
84 21.0 46.762 12.611
96 21.0 46.794 12.682
108 21.0 46.760 12.828
120 21.0 46.780 12.869
132 21.0 46.696 12.836
144 21.0 46.653 12.928
156 21.0 46.677 12.901
168 21.0 46.650 12.913
180 21.0 46.709 12.896
192 21.0 46.685 12.917
204 21.0 46.706 12.867
216 21.0 46.716 12.834
228 21.0 46.613 12.940
0 23.0 47.130 11.615
12 23.0 47.130 11.615
24 23.0 47.130 11.615
36 23.0 47.130 11.615
48 23.0 47.130 11.615
60 23.0 47.130 11.615
72 23.0 47.130 11.615
84 23.0 47.130 11.615
96 23.0 47.193 11.577
108 23.0 47.155 11.644
120 23.0 47.212 11.667
132 23.0 47.212 11.676
144 23.0 47.224 11.681
156 23.0 47.236 11.663
168 23.0 47.139 11.690
180 23.0 47.161 11.719
192 23.0 47.186 11.669
204 23.0 47.194 11.699
216 23.0 47.223 11.762
228 23.0 47.223 11.758
0 25.0 52.006 9.209
12 25.0 52.266 9.318
24 25.0 52.613 9.404
36 25.0 52.959 9.513
48 25.0 52.962 9.515
60 25.0 52.965 9.517
72 25.0 52.968 9.521
84 25.0 52.972 9.523
96 25.0 53.280 9.675
108 25.0 53.717 9.764
120 25.0 53.545 9.709
132 25.0 53.533 10.177
144 25.0 53.637 9.954
156 25.0 54.504 9.964
168 25.0 53.456 10.279
180 25.0 53.915 9.919
192 25.0 54.027 10.208
204 25.0 53.531 9.749
216 25.0 53.951 10.146
228 25.0 54.103 9.805
0 27.0 53.393 -1.950
12 27.0 53.393 -1.950
24 27.0 53.393 -1.950
36 27.0 53.393 -1.820
48 27.0 53.393 -1.820
60 27.0 53.436 -1.734
72 27.0 53.436 -1.734
84 27.0 53.501 -1.647
96 27.0 53.447 -1.590
108 27.0 53.315 -1.875
120 27.0 53.369 -1.782
132 27.0 53.505 -1.834
144 27.0 53.450 -1.843
156 27.0 53.438 -1.861
168 27.0 53.431 -1.785
180 27.0 53.501 -1.873
192 27.0 53.351 -1.944
204 27.0 53.418 -1.873
216 27.0 53.402 -1.960
228 27.0 53.346 -1.961
0 29.0 11.961 -22.124
12 29.0 12.221 -22.319
24 29.0 12.438 -22.471
36 29.0 12.698 -22.601
48 29.0 13.045 -22.774
60 29.0 13.305 -22.904
72 29.0 13.522 -23.056
84 29.0 13.653 -23.099
96 29.0 13.592 -22.867
108 29.0 13.916 -23.255
120 29.0 14.356 -23.629
132 29.0 14.166 -23.312
144 29.0 13.984 -23.188
156 29.0 14.071 -23.347
168 29.0 14.216 -23.501
180 29.0 14.675 -23.630
192 29.0 15.249 -23.880
204 29.0 14.634 -23.793
216 29.0 15.903 -24.153
228 29.0 17.283 -25.092
60 1.0 -13.391 -22.601
72 1.0 -11.355 -21.431
84 1.0 -9.318 -20.261
96 1.0 -7.302 -18.982
108 1.0 -5.287 -17.790
120 1.0 -3.380 -16.230
132 1.0 -1.560 -14.562
144 1.0 0.347 -12.980
156 1.0 -9.214 -19.612
168 1.0 -10.302 -20.255
180 1.0 -9.870 -19.880
192 1.0 -10.659 -20.564
204 1.0 -10.927 -19.662
216 1.0 -10.678 -19.681
228 1.0 -10.870 -19.870
240 1.0 -10.585 -19.914
252 1.0 -10.708 -19.950
264 1.0 -10.828 -19.721
276 1.0 -10.708 -20.180
288 1.0 -10.723 -20.683
240 4.0 40.391 7.693
252 4.0 40.391 7.693
264 4.0 40.391 7.693
276 4.0 40.391 7.693
288 4.0 40.391 7.693
300 4.0 40.391 7.693
312 4.0 40.391 7.693
324 4.0 40.391 7.693
336 4.0 40.379 7.766
348 4.0 40.346 7.709
360 4.0 40.347 7.690
372 4.0 40.395 7.698
384 4.0 40.339 7.692
396 4.0 40.349 7.696
408 4.0 40.303 7.679
420 4.0 40.265 7.651
432 4.0 40.280 7.666
444 4.0 40.384 7.605
456 4.0 40.370 7.568
468 4.0 40.336 7.495
240 6.0 40.500 5.526
252 6.0 40.500 5.526
264 6.0 40.500 5.526
276 6.0 40.500 5.526
288 6.0 40.500 5.526
300 6.0 40.500 5.526
312 6.0 40.500 5.526
324 6.0 40.500 5.526
336 6.0 40.554 5.522
348 6.0 40.577 5.512
360 6.0 40.591 5.454
372 6.0 40.626 5.406
384 6.0 40.569 5.474
396 6.0 40.657 5.734
408 6.0 40.591 5.667
420 6.0 40.678 5.568
432 6.0 40.584 5.519
444 6.0 40.662 5.460
456 6.0 40.616 5.571
468 6.0 40.684 5.567
240 8.0 45.028 7.541
252 8.0 45.028 7.541
264 8.0 45.028 7.541
276 8.0 45.028 7.541
288 8.0 45.028 7.541
300 8.0 45.028 7.541
312 8.0 45.028 7.541
324 8.0 45.028 7.541
336 8.0 44.996 7.608
348 8.0 45.032 7.573
360 8.0 45.044 7.535
372 8.0 45.074 7.496
384 8.0 45.078 7.467
396 8.0 45.005 7.509
408 8.0 45.094 7.483
420 8.0 45.034 7.479
432 8.0 44.983 7.411
444 8.0 45.006 7.429
456 8.0 45.037 7.448
468 8.0 45.000 7.464
240 10.0 44.552 6.869
252 10.0 44.552 6.869
264 10.0 44.552 6.869
276 10.0 44.552 6.869
288 10.0 44.552 6.869
300 10.0 44.552 6.869
312 10.0 44.552 6.869
324 10.0 44.552 6.869
336 10.0 44.523 6.858
348 10.0 44.524 6.809
360 10.0 44.504 6.809
372 10.0 44.440 6.782
384 10.0 44.482 6.742
396 10.0 44.548 6.773
408 10.0 44.606 6.745
420 10.0 44.587 6.790
432 10.0 44.625 6.731
444 10.0 44.694 6.725
456 10.0 44.631 6.773
468 10.0 44.664 6.811
240 12.0 47.889 6.414
252 12.0 47.889 6.414
264 12.0 47.889 6.414
276 12.0 47.889 6.414
288 12.0 47.889 6.414
300 12.0 47.889 6.414
312 12.0 47.889 6.414
324 12.0 47.889 6.414
336 12.0 47.879 6.479
348 12.0 47.872 6.387
360 12.0 47.863 6.415
372 12.0 47.889 6.379
384 12.0 47.958 6.430
396 12.0 47.954 6.475
408 12.0 47.930 6.468
420 12.0 47.936 6.459
432 12.0 47.945 6.464
444 12.0 48.012 6.428
456 12.0 48.000 6.425
468 12.0 48.008 6.403
240 14.0 52.483 3.922
252 14.0 52.483 3.922
264 14.0 52.483 3.922
276 14.0 52.483 3.922
288 14.0 52.483 3.922
300 14.0 52.483 3.922
312 14.0 52.483 3.922
324 14.0 52.483 3.922
336 14.0 52.454 3.929
348 14.0 52.419 3.919
360 14.0 52.384 3.932
372 14.0 52.439 3.839
384 14.0 52.473 3.865
396 14.0 52.440 3.942
408 14.0 52.450 3.986
420 14.0 52.469 3.976
432 14.0 52.480 3.994
444 14.0 52.470 3.991
456 14.0 52.524 4.044
468 14.0 52.517 3.969
240 16.0 51.659 5.526
252 16.0 51.659 5.526
264 16.0 51.659 5.526
276 16.0 51.659 5.526
288 16.0 51.659 5.526
300 16.0 51.659 5.526
312 16.0 51.659 5.526
324 16.0 51.659 5.526
336 16.0 51.678 5.529
348 16.0 51.684 5.434
360 16.0 51.680 5.464
372 16.0 51.708 5.458
384 16.0 51.637 5.496
396 16.0 51.704 5.488
408 16.0 51.666 5.523
420 16.0 51.779 5.486
432 16.0 51.740 5.525
444 16.0 51.761 5.570
456 16.0 51.804 5.558
468 16.0 51.694 5.490
240 18.0 53.089 5.396
252 18.0 53.089 5.396
264 18.0 52.959 5.396
276 18.0 52.851 5.396
288 18.0 52.851 5.287
300 18.0 52.743 5.287
312 18.0 52.613 5.287
324 18.0 52.483 5.287
336 18.0 52.605 5.257
348 18.0 52.629 5.187
360 18.0 52.457 5.127
372 18.0 52.468 4.946
384 18.0 52.519 5.054
396 18.0 52.583 4.922
408 18.0 52.547 4.940
420 18.0 52.406 5.042
432 18.0 52.594 4.940
444 18.0 52.321 4.971
456 18.0 52.437 4.845
468 18.0 52.452 4.820
240 20.0 46.153 18.568
252 20.0 46.132 18.283
264 20.0 46.111 17.998
276 20.0 46.090 17.713
288 20.0 46.068 17.428
300 20.0 46.047 17.142
312 20.0 46.026 16.857
324 20.0 46.004 16.572
336 20.0 46.208 15.775
348 20.0 46.206 15.200
360 20.0 46.000 15.043
372 20.0 45.923 14.251
384 20.0 45.960 13.710
396 20.0 45.986 13.938
408 20.0 46.296 13.479
420 20.0 46.008 12.442
432 20.0 46.291 12.341
444 20.0 46.178 11.261
456 20.0 45.885 10.950
468 20.0 45.421 9.724
240 22.0 46.892 12.308
252 22.0 46.892 12.308
264 22.0 46.892 12.308
276 22.0 46.892 12.200
288 22.0 46.892 12.200
300 22.0 46.892 12.200
312 22.0 46.892 12.200
324 22.0 46.892 12.200
336 22.0 46.932 12.335
348 22.0 46.980 12.296
360 22.0 47.089 12.238
372 22.0 47.200 12.173
384 22.0 47.023 12.330
396 22.0 46.957 12.114
408 22.0 47.069 12.079
420 22.0 47.041 12.142
432 22.0 47.005 12.140
444 22.0 47.201 12.065
456 22.0 47.170 12.202
468 22.0 47.270 12.228
240 24.0 47.130 11.615
252 24.0 47.130 11.615
264 24.0 47.130 11.615
276 24.0 47.130 11.615
288 24.0 47.130 11.615
300 24.0 47.130 11.615
312 24.0 47.130 11.615
324 24.0 47.130 11.615
336 24.0 47.306 11.607
348 24.0 47.290 11.479
360 24.0 47.393 11.482
372 24.0 47.343 11.457
384 24.0 47.417 11.307
396 24.0 47.325 11.558
408 24.0 47.463 11.643
420 24.0 47.429 11.641
432 24.0 47.188 11.777
444 24.0 47.227 11.808
456 24.0 47.251 11.738
468 24.0 47.207 11.714
240 26.0 53.015 9.559
252 26.0 53.018 9.562
264 26.0 53.022 9.565
276 26.0 53.025 9.567
288 26.0 53.028 9.570
300 26.0 53.032 9.573
312 26.0 53.035 9.576
324 26.0 53.038 9.579
336 26.0 53.104 9.509
348 26.0 53.131 9.562
360 26.0 53.161 9.506
372 26.0 53.102 9.597
384 26.0 53.196 9.591
396 26.0 53.099 9.678
408 26.0 53.160 9.577
420 26.0 53.045 9.662
432 26.0 53.073 9.657
444 26.0 53.056 9.667
456 26.0 53.002 9.644
468 26.0 52.974 9.654
240 28.0 53.804 -1.040
252 28.0 53.848 -0.953
264 28.0 53.848 -0.953
276 28.0 53.848 -0.867
288 28.0 53.848 -0.867
300 28.0 53.978 -0.737
312 28.0 53.978 -0.737
324 28.0 53.978 -0.650
336 28.0 53.936 -0.686
348 28.0 53.872 -0.606
360 28.0 53.826 -0.739
372 28.0 53.814 -0.884
384 28.0 53.861 -0.866
396 28.0 53.861 -0.948
408 28.0 53.914 -0.852
420 28.0 53.930 -0.862
432 28.0 53.923 -0.954
444 28.0 53.896 -0.850
456 28.0 53.958 -0.887
468 28.0 53.937 -0.917
240 30.0 13.700 -23.099
252 30.0 13.704 -23.099
264 30.0 13.707 -23.099
276 30.0 13.711 -23.099
288 30.0 13.715 -23.099
300 30.0 13.719 -23.099
312 30.0 13.722 -23.099
324 30.0 13.726 -23.099
336 30.0 13.751 -23.078
348 30.0 13.745 -23.103
360 30.0 13.749 -23.118
372 30.0 13.829 -23.094
384 30.0 13.820 -22.956
396 30.0 13.766 -22.956
408 30.0 13.756 -22.960
420 30.0 13.750 -22.986
432 30.0 13.739 -22.939
444 30.0 13.752 -22.945
456 30.0 13.764 -23.067
468 30.0 13.778 -23.084
276 0.0 -16.967 -22.861
288 0.0 -15.233 -22.861
300 0.0 -13.457 -22.861
312 0.0 -11.680 -22.861
324 0.0 -9.859 -22.753
336 0.0 -7.823 -22.666
348 0.0 -5.829 -22.666
360 0.0 -3.792 -22.558
372 0.0 -11.530 -23.634
384 0.0 -13.207 -23.000
396 0.0 -11.846 -23.590
408 0.0 -11.800 -24.281
420 0.0 -12.229 -24.235
432 0.0 -12.234 -23.517
444 0.0 -9.443 -23.578
456 0.0 -9.201 -25.265
468 0.0 -9.777 -24.214
480 0.0 -9.181 -24.588
492 0.0 -11.303 -23.796
504 0.0 -7.326 -25.553
