142	1	-152.9820	380.8200
143	1	-151.9160	368.7350
144	1	-150.2850	355.9680
145	1	-148.2180	343.0280
146	1	-146.6590	331.6080
147	1	-145.8320	321.1000
148	1	-146.0100	311.7790
149	1	-146.3460	301.2670
150	1	-146.5110	289.4150
151	1	-146.6120	276.6670
152	1	-146.9590	263.7100
153	1	-147.2920	251.4110
154	1	-145.9750	240.2740
155	1	-144.1720	230.3930
156	1	-141.5240	220.7170
157	1	-139.0030	210.3620
158	1	-136.1800	199.3320
159	1	-132.8620	187.8610
160	1	-129.0010	176.5350
161	1	-125.3100	166.0110
162	1	-122.5110	156.0640
163	1	-120.2790	145.8970
164	1	-118.3520	135.3580
165	1	-116.5640	124.5390
166	1	-114.6450	113.0590
167	1	-112.4120	101.0590
168	1	-109.6260	88.9694
169	1	-105.7410	78.2695
170	1	-100.4440	69.1424
171	1	-94.5825	60.6219
172	1	-89.4232	51.9193
173	1	-84.2128	43.1428
174	1	-78.6033	34.1704
175	1	-72.2728	25.4448
176	1	-65.5159	16.8423
177	1	-59.5714	8.7539
178	1	-54.2970	0.9184
179	1	-49.2153	-7.0196
180	1	-44.1635	-15.0303
181	1	-38.7194	-23.6875
182	1	-32.3758	-32.6798
183	1	-24.8928	-42.0618
184	1	-16.2387	-50.1521
185	1	-6.8480	-56.6013
186	1	2.3780	-61.4362
187	1	10.9171	-65.3903
188	1	19.2597	-69.0336
189	1	27.9039	-72.2939
190	1	37.4500	-75.2653
191	1	47.9124	-78.6102
192	1	58.4916	-83.0460
193	1	68.4660	-87.4806
194	1	77.8891	-91.5540
195	1	86.1826	-95.0922
196	1	94.6248	-98.2022
197	1	104.2240	-101.7750
198	1	115.3510	-105.6980
199	1	126.9360	-109.1240
242	2	-158.2510	376.3630
243	2	-158.6990	365.5140
244	2	-158.5000	355.3300
245	2	-157.5180	344.8450
246	2	-156.2480	333.5770
247	2	-154.8510	321.4340
248	2	-153.2080	308.8880
249	2	-151.3270	296.5380
250	2	-149.4860	284.9800
251	2	-148.0930	274.0490
252	2	-147.1980	263.0790
253	2	-146.9080	251.7330
254	2	-146.7660	240.1490
255	2	-146.6540	228.0970
256	2	-146.3920	215.6750
257	2	-145.9370	203.5430
258	2	-145.1760	191.8500
259	2	-144.0370	180.6850
260	2	-142.2950	169.8200
261	2	-139.9370	159.0820
262	2	-137.2960	148.0170
263	2	-134.4750	136.9000
264	2	-131.2910	125.7370
265	2	-127.6410	114.7030
266	2	-124.0270	104.1930
267	2	-120.2560	93.8309
268	2	-116.9590	83.1250
269	2	-114.1210	73.0564
270	2	-111.2880	62.8771
271	2	-108.4780	53.0101
272	2	-105.0740	42.9335
273	2	-101.2570	33.1144
274	2	-96.5911	23.9769
275	2	-90.7625	15.4324
276	2	-84.5424	7.5585
277	2	-78.2411	0.3219
278	2	-71.8606	-6.6370
279	2	-64.6959	-13.1005
280	2	-56.7672	-19.3292
281	2	-47.8890	-25.1978
282	2	-39.0207	-30.8175
283	2	-30.0509	-36.7986
284	2	-21.3006	-42.5240
285	2	-12.7002	-47.8689
286	2	-4.0335	-52.8863
287	2	4.8644	-57.8011
288	2	14.7167	-62.8886
289	2	24.6083	-67.1722
290	2	35.4555	-70.9690
291	2	46.3784	-73.7543
292	2	56.8403	-75.5661
293	2	66.5187	-76.8358
294	2	76.0176	-77.7269
295	2	86.1722	-78.5916
296	2	97.2205	-79.4311
297	2	108.5210	-80.5128
298	2	120.2580	-81.9927
299	2	131.8090	-83.9028
336	3	-155.2440	379.5850
337	3	-153.6290	364.6600
338	3	-152.4810	350.2670
339	3	-151.4160	337.5200
340	3	-150.0650	325.6510
341	3	-148.6320	313.7270
342	3	-146.9890	301.0340
343	3	-145.2520	287.5310
344	3	-143.6710	273.3430
345	3	-142.0550	259.2360
346	3	-140.0250	245.9810
347	3	-137.9950	233.1580
348	3	-134.8860	221.3600
349	3	-131.9400	209.0950
350	3	-129.0190	196.2250
351	3	-125.9520	183.7740
352	3	-122.2270	171.2970
353	3	-118.2510	159.3190
354	3	-114.1350	147.8620
355	3	-109.8780	136.2770
356	3	-105.7660	124.8650
357	3	-102.0350	113.2170
358	3	-98.4322	101.6490
359	3	-94.9974	89.9092
360	3	-91.6421	79.0219
361	3	-87.8358	68.0394
362	3	-82.7476	57.4997
363	3	-76.5668	47.5271
364	3	-70.0360	37.6693
365	3	-63.4042	28.4569
366	3	-56.8948	19.8594
367	3	-50.2662	11.6424
368	3	-43.0301	3.3106
369	3	-35.4117	-4.7431
370	3	-27.5826	-13.0989
371	3	-19.9320	-21.0674
372	3	-12.3269	-29.0075
373	3	-4.7394	-36.8498
374	3	3.1483	-44.3401
375	3	11.7066	-51.2703
376	3	20.9771	-58.0346
377	3	31.2166	-64.1182
378	3	41.4938	-69.5318
379	3	51.4690	-74.1009
380	3	61.1949	-78.0561
381	3	71.2401	-81.2916
382	3	81.6284	-84.3737
383	3	92.5907	-87.2181
384	3	104.7040	-90.0593
385	3	116.3230	-92.8191
386	3	127.1730	-95.0882
387	3	137.1490	-97.1636
422	4	-90.3685	367.4240
423	4	-90.7071	354.1330
424	4	-91.1099	339.4410
425	4	-91.6899	324.5780
426	4	-91.9380	310.8670
427	4	-91.2694	299.4160
428	4	-89.2823	289.2190
429	4	-86.9402	278.4980
430	4	-84.8346	266.4300
431	4	-83.1055	252.8670
432	4	-81.3898	238.4310
433	4	-80.2187	224.5250
434	4	-78.7787	211.4930
435	4	-77.6376	200.0000
436	4	-76.9396	189.2920
437	4	-76.8571	177.7830
438	4	-77.1627	165.5780
439	4	-77.6370	152.2670
440	4	-77.5520	139.0070
441	4	-76.7183	126.2900
442	4	-74.5638	115.1300
443	4	-70.6551	105.2040
444	4	-66.8394	95.2898
445	4	-63.3274	84.8113
446	4	-59.3991	73.9342
447	4	-55.4587	62.7937
448	4	-50.8385	51.9600
449	4	-45.9721	41.4655
450	4	-41.3153	31.5664
451	4	-36.9152	22.0401
452	4	-32.4735	12.2290
453	4	-28.4047	2.2565
454	4	-23.6819	-7.6946
455	4	-19.0111	-18.0479
456	4	-12.9851	-27.9134
457	4	-5.7490	-36.3853
458	4	2.9430	-43.2663
459	4	11.6961	-48.8937
460	4	20.0195	-53.7858
461	4	28.2409	-58.3858
462	4	36.9671	-62.2340
463	4	46.8467	-65.6604
464	4	57.3693	-69.2109
465	4	67.4310	-72.9136
466	4	77.4456	-76.8669
467	4	87.3069	-80.7903
468	4	96.7262	-84.5767
469	4	106.5060	-88.2635
470	4	116.7790	-91.8617
471	4	127.9070	-95.5944
509	5	-132.7720	387.6980
510	5	-133.0170	377.5080
511	5	-132.6350	367.6810
512	5	-131.1900	358.4510
513	5	-129.1870	348.6750
514	5	-127.1960	337.6260
515	5	-125.4490	325.7410
516	5	-123.5440	313.8000
517	5	-121.2450	302.5600
518	5	-119.0830	291.9340
519	5	-117.1710	281.9330
520	5	-115.8510	271.8020
521	5	-115.5750	260.7160
522	5	-115.2580	249.3740
523	5	-114.8080	237.5970
524	5	-114.5610	225.9330
525	5	-114.4920	214.8830
526	5	-114.0280	204.3850
527	5	-112.0270	194.3210
528	5	-108.8520	184.4780
529	5	-105.5200	174.1490
530	5	-102.3640	163.9420
531	5	-98.8378	153.3880
532	5	-95.0621	143.6140
533	5	-91.0102	134.2130
534	5	-86.7824	124.5190
535	5	-83.6982	114.1890
536	5	-81.8650	103.3550
537	5	-80.8287	93.2768
538	5	-79.8000	83.0139
539	5	-78.5941	72.9962
540	5	-77.4200	63.8288
541	5	-76.1221	54.8385
542	5	-72.4093	46.1619
543	5	-67.3420	38.3521
544	5	-61.7470	31.0738
545	5	-56.9280	24.1961
546	5	-51.7427	16.7431
547	5	-45.8150	9.5016
548	5	-38.8827	2.5434
549	5	-31.2075	-3.5469
550	5	-23.7653	-10.1318
551	5	-17.1798	-16.5618
552	5	-11.3067	-23.2591
553	5	-5.1123	-29.5926
554	5	1.2783	-35.9641
555	5	7.8937	-42.3471
556	5	14.7053	-48.5713
557	5	22.3214	-53.4983
558	5	31.2450	-57.2352
559	5	40.5878	-60.2127
560	5	48.8916	-62.9527
561	5	56.5820	-65.3264
562	5	65.0580	-66.9583
563	5	74.5918	-68.6474
564	5	84.7753	-69.8380
565	5	95.6159	-71.2267
566	5	107.0080	-73.8620
567	5	118.1390	-76.9849
568	5	127.7540	-79.8570
569	5	137.0560	-82.5164
602	6	-151.5150	365.9730
603	6	-152.6260	352.9980
604	6	-153.4010	340.8240
605	6	-153.8490	329.2690
606	6	-153.4860	318.2760
607	6	-152.4770	307.8430
608	6	-151.0140	297.3100
609	6	-149.3930	285.8980
610	6	-147.7300	273.8500
611	6	-145.9650	261.8030
612	6	-143.9210	250.2740
613	6	-141.7390	238.9270
614	6	-140.7580	227.3890
615	6	-140.7930	215.5620
616	6	-140.6430	203.5360
617	6	-140.0390	190.9100
618	6	-139.4720	178.4830
619	6	-138.4280	166.5980
620	6	-137.2450	155.0690
621	6	-135.1010	143.1680
622	6	-131.5710	131.9000
623	6	-127.3650	121.0590
624	6	-123.1400	110.2690
625	6	-118.6140	99.8520
626	6	-113.6960	89.8987
627	6	-108.3620	79.8288
628	6	-103.0440	69.9328
629	6	-98.7960	59.4467
630	6	-94.9438	49.1021
631	6	-90.9275	38.8376
632	6	-86.8092	28.3301
633	6	-81.6406	17.7042
634	6	-75.7415	7.4793
635	6	-69.1277	-2.1622
636	6	-61.6131	-10.8613
637	6	-53.4870	-17.8773
638	6	-45.5946	-24.6339
639	6	-37.5619	-30.5220
640	6	-29.4199	-36.1795
641	6	-20.5914	-41.3359
642	6	-10.4177	-46.3214
643	6	-0.7213	-51.6798
644	6	7.9168	-57.8347
645	6	16.3108	-63.8052
646	6	24.8190	-69.6256
647	6	33.4022	-74.7875
648	6	43.2554	-80.1080
649	6	54.1364	-85.1045
650	6	65.2176	-89.6598
651	6	76.4434	-92.6100
652	6	87.3805	-94.1736
653	6	97.6725	-94.9010
654	6	107.5950	-95.6132
655	6	117.7240	-96.2864
656	6	128.8040	-96.9821
696	7	-132.6110	374.1700
697	7	-130.4630	361.8130
698	7	-128.2360	348.9920
699	7	-125.6080	336.2220
700	7	-122.4490	323.8370
701	7	-119.3050	312.1580
702	7	-116.7840	301.3960
703	7	-115.1710	291.0460
704	7	-114.4250	279.6840
705	7	-113.8990	267.1380
706	7	-113.5260	254.0360
707	7	-113.3180	240.8640
708	7	-113.3170	227.4210
709	7	-112.7430	215.2480
710	7	-110.1280	203.6000
711	7	-106.4960	193.0320
712	7	-102.9780	182.2810
713	7	-100.0080	172.2350
714	7	-96.2391	160.9580
715	7	-92.4023	150.0640
716	7	-87.6486	139.3210
717	7	-82.7125	128.8160
718	7	-79.2623	118.8650
719	7	-76.2078	108.2430
720	7	-73.0459	96.9410
721	7	-71.6686	86.2190
722	7	-69.5396	74.4940
723	7	-67.1654	62.2783
724	7	-64.8041	50.2302
725	7	-61.4313	38.8278
726	7	-56.6885	28.6459
727	7	-52.0037	20.0962
728	7	-47.1627	12.0246
729	7	-41.7438	3.6901
730	7	-35.6621	-4.1481
731	7	-28.4282	-12.1881
732	7	-19.6291	-19.7994
733	7	-11.1910	-28.1479
734	7	-3.6510	-36.3848
735	7	2.6807	-44.0676
736	7	8.9690	-51.0851
737	7	15.5628	-57.8923
738	7	22.3950	-64.8129
739	7	30.2240	-71.9682
740	7	38.9316	-79.0949
741	7	48.3044	-84.6296
742	7	58.3887	-88.5749
743	7	68.1498	-90.9040
744	7	77.2817	-92.2349
745	7	86.5746	-93.4848
746	7	95.7365	-94.0774
747	7	105.7910	-94.4115
748	7	116.7280	-94.8840
749	7	128.1680	-95.9601
791	8	-114.2830	371.7530
792	8	-112.2370	360.0290
793	8	-110.5340	349.1470
794	8	-110.3020	338.9250
795	8	-111.1230	327.8760
796	8	-112.1380	316.0110
797	8	-113.3760	303.4790
798	8	-114.7930	290.6460
799	8	-115.7610	278.8430
800	8	-115.9090	267.5720
801	8	-114.8700	256.8590
802	8	-112.5410	246.6630
803	8	-109.4190	236.5720
804	8	-106.4870	226.1250
805	8	-103.8130	214.7160
806	8	-101.2940	203.2260
807	8	-98.7862	191.9110
808	8	-96.6071	181.0100
809	8	-95.1775	170.3970
810	8	-94.5813	159.8620
811	8	-94.4493	148.7810
812	8	-94.3708	137.3060
813	8	-94.2132	125.4190
814	8	-93.6326	113.7320
815	8	-92.7181	102.8010
816	8	-90.0221	92.2407
817	8	-86.2414	82.9976
818	8	-81.7862	74.0665
819	8	-77.3465	65.0532
820	8	-73.2002	55.6649
821	8	-69.0247	46.4304
822	8	-64.1769	37.4589
823	8	-58.6851	29.2192
824	8	-52.7828	22.6697
825	8	-46.7589	15.2785
826	8	-41.5805	7.8468
827	8	-37.0392	-0.3056
828	8	-32.6861	-8.4655
829	8	-28.0452	-16.7736
830	8	-23.3321	-24.9403
831	8	-17.3749	-32.5757
832	8	-9.8473	-39.5109
833	8	-1.1262	-44.4944
834	8	7.9594	-48.1386
835	8	16.8456	-51.1287
836	8	25.1737	-53.8385
837	8	33.6849	-56.4043
838	8	41.8566	-58.8220
839	8	51.2007	-60.8584
840	8	61.2624	-62.6481
841	8	71.8698	-65.2663
842	8	81.9365	-68.2975
843	8	91.1535	-71.2565
844	8	99.6728	-74.1687
845	8	108.5110	-76.8872
846	8	117.9630	-79.6219
847	8	128.5040	-81.4091
870	9	-118.8830	388.6940
871	9	-119.3870	377.3150
872	9	-119.6340	366.9690
873	9	-119.3080	356.8310
874	9	-118.1410	346.9680
875	9	-116.6580	337.0700
876	9	-115.3470	326.6670
877	9	-114.0670	315.6070
878	9	-112.4150	304.3780
879	9	-110.4150	293.3650
880	9	-108.5460	283.1000
881	9	-106.8020	272.5280
882	9	-105.5710	261.8280
883	9	-104.6450	251.3170
884	9	-103.6640	240.5220
885	9	-103.0920	228.9330
886	9	-102.8890	217.0330
887	9	-102.8460	205.9380
888	9	-102.4170	194.9680
889	9	-100.9450	184.6840
890	9	-98.9710	175.0770
891	9	-96.9929	165.7120
892	9	-95.3946	155.3200
893	9	-93.4689	144.9840
894	9	-90.6583	134.4710
895	9	-87.2730	124.4360
896	9	-83.7793	114.5410
897	9	-80.6343	104.9860
898	9	-78.2892	95.7885
899	9	-76.0273	86.9150
900	9	-73.6298	77.6177
901	9	-71.3951	68.3476
902	9	-69.1433	58.8894
903	9	-66.7805	49.7138
904	9	-63.9982	40.7029
905	9	-59.9078	32.1619
906	9	-55.1683	24.3084
907	9	-50.1797	16.8674
908	9	-45.0536	9.8629
909	9	-39.5036	2.8029
910	9	-32.8920	-3.4082
911	9	-25.6977	-9.3133
912	9	-18.2548	-15.1111
913	9	-10.5243	-20.6832
914	9	-2.9710	-26.2055
915	9	4.2618	-31.0875
916	9	11.5729	-35.7538
917	9	18.7086	-40.3160
918	9	26.0853	-45.0479
919	9	33.5950	-49.9905
920	9	42.0130	-54.9268
921	9	51.0770	-59.1932
922	9	60.1611	-62.0694
923	9	69.0408	-63.9384
924	9	77.2658	-65.6092
925	9	85.4870	-66.4046
926	9	94.1157	-66.6165
927	9	103.4060	-66.2595
928	9	113.5090	-65.6792
929	9	123.8360	-65.3670
930	9	134.0870	-65.4869
971	10	-143.7370	382.3910
972	10	-143.2470	372.8020
973	10	-143.2460	363.6130
974	10	-143.4350	353.9540
975	10	-143.4990	343.0900
976	10	-143.4360	331.3670
977	10	-143.3310	320.0050
978	10	-143.0590	309.8300
979	10	-143.2460	300.5090
980	10	-143.4700	291.2700
981	10	-143.0150	281.3990
982	10	-142.2900	270.6490
983	10	-141.4240	259.3830
984	10	-140.7560	247.6870
985	10	-139.7640	236.4150
986	10	-138.8170	226.3110
987	10	-137.7240	216.2080
988	10	-136.6900	206.1870
989	10	-135.5770	196.0600
990	10	-134.8080	185.6220
991	10	-133.8410	175.0880
992	10	-133.1350	164.4280
993	10	-132.1610	154.4700
994	10	-131.0520	145.1660
995	10	-129.8320	135.9870
996	10	-127.7740	126.8600
997	10	-125.6510	117.4780
998	10	-123.0310	107.9110
999	10	-120.1020	98.2461
1000	10	-117.0320	89.4699
1001	10	-113.5590	80.9477
1002	10	-109.1380	72.7386
1003	10	-104.6830	64.5118
1004	10	-100.4320	56.7404
1005	10	-96.5020	48.9279
1006	10	-92.5780	41.4652
1007	10	-88.5587	33.6571
1008	10	-83.9307	25.5314
1009	10	-77.9229	17.7492
1010	10	-71.6089	9.8003
1011	10	-64.2150	2.0812
1012	10	-56.5730	-4.4601
1013	10	-49.1059	-10.4054
1014	10	-42.2419	-15.7887
1015	10	-35.6380	-20.8069
1016	10	-28.8579	-25.7772
1017	10	-21.7369	-30.6389
1018	10	-13.9926	-35.4810
1019	10	-5.2865	-40.3388
1020	10	3.0217	-45.4600
1021	10	10.4945	-50.2510
1022	10	17.7115	-54.7660
1023	10	25.1287	-58.8276
1024	10	33.4445	-62.9005
1025	10	42.4138	-67.0051
1026	10	51.8063	-71.3344
1027	10	61.8984	-75.7660
1028	10	71.8244	-78.8886
1029	10	80.8172	-80.9352
1030	10	88.9050	-82.4015
1031	10	96.4466	-83.9094
1032	10	104.3400	-85.9535
1033	10	113.3300	-88.2407
1034	10	123.4970	-90.5910
1035	10	133.9120	-93.1080
1073	11	-147.9870	378.8820
1074	11	-147.6640	370.6780
1075	11	-148.1350	363.1320
1076	11	-149.1250	355.5960
1077	11	-150.5180	347.3000
1078	11	-152.1470	337.7950
1079	11	-153.8170	327.4120
1080	11	-155.3060	317.2070
1081	11	-156.6030	307.3490
1082	11	-156.5850	298.0920
1083	11	-156.3420	289.5230
1084	11	-155.4550	280.8370
1085	11	-153.8830	271.4800
1086	11	-152.7780	261.6560
1087	11	-151.6130	251.5010
1088	11	-150.1580	241.5310
1089	11	-148.7280	231.9480
1090	11	-147.3860	222.7670
1091	11	-146.4780	214.6350
1092	11	-146.3110	206.8620
1093	11	-146.1020	198.2800
1094	11	-146.1690	189.4240
1095	11	-145.6420	179.9510
1096	11	-144.0860	170.1200
1097	11	-142.2390	160.3920
1098	11	-139.9690	151.1420
1099	11	-137.6340	142.3670
1100	11	-134.6200	134.0390
1101	11	-131.3580	125.9030
1102	11	-127.5070	117.9130
1103	11	-123.6630	109.9130
1104	11	-119.1520	102.0900
1105	11	-114.4120	94.4949
1106	11	-109.1630	87.1039
1107	11	-104.5670	79.9374
1108	11	-100.6070	72.3638
1109	11	-97.1638	64.5651
1110	11	-93.8470	56.9145
1111	11	-90.3797	49.4316
1112	11	-86.8612	42.4840
1113	11	-82.7944	35.6407
1114	11	-77.6441	28.5784
1115	11	-71.8214	21.9510
1116	11	-65.4080	15.8403
1117	11	-58.4616	10.3205
1118	11	-51.2908	5.0098
1119	11	-44.1009	0.0795
1120	11	-36.9004	-4.3240
1121	11	-29.2849	-9.4522
1122	11	-21.2932	-14.3657
1123	11	-12.5744	-18.9228
1124	11	-4.0424	-23.1302
1125	11	3.9450	-28.1011
1126	11	10.4361	-32.8944
1127	11	16.3945	-37.4447
1128	11	22.6186	-41.5454
1129	11	29.5631	-45.4303
1130	11	37.6855	-48.8994
1131	11	46.9372	-51.9609
1132	11	56.9672	-54.4895
1133	11	66.6760	-56.4908
1134	11	76.1959	-57.6071
1135	11	85.2620	-58.1314
1136	11	93.3912	-58.0062
1137	11	101.0960	-57.2186
1138	11	108.9210	-56.2479
1139	11	117.8760	-54.9533
1140	11	127.3870	-53.4109
1180	12	-131.4080	380.1560
1181	12	-131.4170	371.0620
1182	12	-132.3560	362.3520
1183	12	-133.1390	352.6560
1184	12	-133.9660	341.6840
1185	12	-135.2150	330.0510
1186	12	-136.3750	318.5930
1187	12	-136.5430	308.2860
1188	12	-135.6610	299.0100
1189	12	-134.0180	289.9010
1190	12	-131.6620	281.0260
1191	12	-129.3640	271.7280
1192	12	-127.0810	261.4490
1193	12	-124.6850	250.6100
1194	12	-121.7980	239.6520
1195	12	-118.5580	228.5700
1196	12	-116.0880	217.4270
1197	12	-115.3830	206.7540
1198	12	-115.0100	196.3010
1199	12	-115.0120	185.0800
1200	12	-115.0160	173.2740
1201	12	-115.1530	161.4420
1202	12	-114.6170	150.4410
1203	12	-113.0960	140.5110
1204	12	-109.7620	131.2320
1205	12	-105.7760	122.6930
1206	12	-101.7520	114.1300
1207	12	-97.6967	105.0190
1208	12	-93.1800	95.3877
1209	12	-87.8985	85.7566
1210	12	-81.5916	75.9080
1211	12	-75.7459	66.1545
1212	12	-71.1217	56.2419
1213	12	-67.8975	46.9171
1214	12	-64.3569	37.7204
1215	12	-60.6480	28.1949
1216	12	-57.0199	18.5265
1217	12	-52.1695	9.1471
1218	12	-46.1082	0.9258
1219	12	-38.7817	-5.5015
1220	12	-30.8463	-10.7135
1221	12	-23.2091	-15.0146
1222	12	-15.5950	-18.9932
1223	12	-7.4352	-22.7120
1224	12	1.5478	-26.1084
1225	12	11.5840	-29.6054
1226	12	21.6824	-33.7772
1227	12	30.8375	-38.5716
1228	12	39.5484	-43.5972
1229	12	48.2269	-48.4103
1230	12	57.1143	-53.5005
1231	12	66.1992	-58.7100
1232	12	76.1901	-63.5964
1233	12	86.0151	-66.9878
1234	12	96.5726	-68.7257
1235	12	106.8640	-69.1836
1236	12	116.2440	-69.0426
1237	12	125.0850	-68.6250
1238	12	134.1760	-68.0565
1274	13	-127.0450	369.7610
1275	13	-127.9210	358.7680
1276	13	-129.0580	346.3910
1277	13	-130.4510	333.7220
1278	13	-131.9510	321.6190
1279	13	-132.9950	310.8120
1280	13	-133.3310	301.1330
1281	13	-132.1490	292.0490
1282	13	-130.4020	282.6370
1283	13	-128.2300	272.5260
1284	13	-126.6710	260.9980
1285	13	-124.8030	248.9800
1286	13	-122.5940	237.3820
1287	13	-120.8710	226.2230
1288	13	-119.3630	215.7280
1289	13	-118.4100	205.9730
1290	13	-117.6900	195.9520
1291	13	-117.5630	185.6390
1292	13	-117.4700	174.4560
1293	13	-117.5080	162.5400
1294	13	-117.5280	150.3540
1295	13	-117.2600	138.2160
1296	13	-116.5870	127.1010
1297	13	-114.5810	116.4440
1298	13	-111.1320	106.9950
1299	13	-107.2760	97.8966
1300	13	-103.0110	88.7962
1301	13	-99.0998	79.1530
1302	13	-94.5614	68.9864
1303	13	-89.7441	59.1042
1304	13	-85.1197	49.0768
1305	13	-80.4748	39.8039
1306	13	-75.6036	30.5165
1307	13	-70.8552	21.6346
1308	13	-65.8503	12.3024
1309	13	-60.9440	2.7186
1310	13	-56.3021	-6.5119
1311	13	-50.9995	-16.1170
1312	13	-45.1818	-25.0129
1313	13	-39.3370	-32.4443
1314	13	-32.5270	-39.0444
1315	13	-24.9497	-44.1473
1316	13	-16.9796	-48.4576
1317	13	-9.3588	-52.5452
1318	13	-1.7457	-56.3466
1319	13	6.2079	-60.0535
1320	13	14.7867	-63.1057
1321	13	24.4868	-66.3607
1322	13	33.9073	-69.4867
1323	13	43.8083	-73.1495
1324	13	53.9809	-77.3726
1325	13	63.7282	-81.4626
1326	13	73.3333	-85.3554
1327	13	82.7205	-89.1888
1328	13	92.3358	-92.8250
1329	13	102.6570	-96.1792
1330	13	112.7860	-98.9052
1331	13	123.3780	-100.5830
1375	14	-145.9450	375.3550
1376	14	-145.3150	363.9850
1377	14	-144.5700	353.2340
1378	14	-143.7910	343.3440
1379	14	-143.1500	333.8140
1380	14	-142.9730	324.9180
1381	14	-142.9750	316.0010
1382	14	-143.0640	306.4820
1383	14	-143.1860	295.9950
1384	14	-143.6430	284.9790
1385	14	-144.0850	273.9050
1386	14	-144.6470	263.5560
1387	14	-145.0990	253.9570
1388	14	-145.2740	244.6490
1389	14	-144.8030	235.6530
1390	14	-144.1260	226.4140
1391	14	-143.4200	216.3280
1392	14	-142.6820	206.1430
1393	14	-141.4500	195.4730
1394	14	-139.8200	184.9710
1395	14	-137.9930	174.8920
1396	14	-136.2760	165.1940
1397	14	-134.8310	155.8690
1398	14	-133.6870	146.3300
1399	14	-132.5210	137.1650
1400	14	-131.0000	127.6080
1401	14	-129.5450	117.6540
1402	14	-128.0860	107.4620
1403	14	-126.7180	97.3426
1404	14	-124.9580	88.0302
1405	14	-122.4420	78.6374
1406	14	-119.4990	70.3553
1407	14	-116.1990	62.3094
1408	14	-112.9700	54.6101
1409	14	-109.5040	46.4348
1410	14	-105.6530	38.4177
1411	14	-101.0210	30.2117
1412	14	-95.8114	21.9720
1413	14	-90.5912	14.2757
1414	14	-85.5887	6.8524
1415	14	-80.9757	-0.5906
1416	14	-76.2566	-7.6643
1417	14	-71.2634	-14.6706
1418	14	-66.2051	-22.1510
1419	14	-60.6733	-29.5651
1420	14	-54.7079	-36.9320
1421	14	-47.7801	-43.9555
1422	14	-40.9100	-50.1258
1423	14	-33.7805	-55.4171
1424	14	-26.7270	-60.1117
1425	14	-19.7649	-64.2671
1426	14	-12.6353	-68.2612
1427	14	-5.0942	-71.8695
1428	14	3.5976	-75.2479
1429	14	12.8744	-78.6213
1430	14	22.1292	-81.8555
1431	14	30.9565	-85.3485
1432	14	39.8427	-88.3931
1433	14	48.0168	-91.8021
1434	14	56.2056	-94.8621
1435	14	64.1258	-97.7264
1436	14	72.2630	-100.8990
1437	14	81.2762	-104.0760
1438	14	90.8426	-107.0520
1439	14	100.7860	-109.7490
1440	14	110.7120	-111.6220
1441	14	120.1110	-112.9710
1442	14	128.8200	-113.8100
1478	15	-135.6850	380.9600
1479	15	-136.4830	369.1470
1480	15	-137.2850	357.5550
1481	15	-137.7890	346.9960
1482	15	-137.7210	336.5360
1483	15	-137.0210	326.7130
1484	15	-135.8770	316.3070
1485	15	-134.7100	306.4380
1486	15	-132.9440	295.1110
1487	15	-130.9070	283.9860
1488	15	-128.6650	273.3340
1489	15	-126.2860	263.2690
1490	15	-123.3140	252.5000
1491	15	-122.3900	242.4660
1492	15	-121.1870	231.5830
1493	15	-120.4980	220.8330
1494	15	-120.3780	210.2770
1495	15	-120.5130	199.2990
1496	15	-120.5050	188.3600
1497	15	-119.9350	177.4690
1498	15	-118.3080	167.0560
1499	15	-115.7400	156.6580
1500	15	-112.9090	146.5010
1501	15	-110.0730	136.7520
1502	15	-107.3790	126.7460
1503	15	-104.4610	116.2920
1504	15	-100.9290	106.3880
1505	15	-96.5409	96.6991
1506	15	-92.0484	87.0234
1507	15	-88.5900	77.8964
1508	15	-85.8054	68.4423
1509	15	-83.0246	59.1282
1510	15	-80.1781	49.6109
1511	15	-76.8774	39.7138
1512	15	-73.4603	30.0982
1513	15	-69.6961	20.7504
1514	15	-65.0672	11.9950
1515	15	-59.6563	4.4189
1516	15	-54.1904	-2.4503
1517	15	-49.0035	-9.3495
1518	15	-43.9911	-15.8057
1519	15	-38.6065	-22.2282
1520	15	-32.3504	-28.3560
1521	15	-25.2811	-34.1629
1522	15	-17.4185	-40.2857
1523	15	-10.0957	-45.7523
1524	15	-3.4906	-51.1094
1525	15	2.9863	-55.9797
1526	15	9.6791	-60.7356
1527	15	16.9130	-65.5615
1528	15	24.0493	-70.3568
1529	15	32.6307	-75.0463
1530	15	41.6407	-79.3267
1531	15	50.4505	-82.6012
1532	15	58.8437	-84.9741
1533	15	66.9772	-86.4036
1534	15	75.2540	-87.4765
1535	15	83.6809	-87.7462
1536	15	92.8661	-87.3871
1537	15	102.4710	-86.6720
1538	15	112.6970	-86.1346
1539	15	122.5080	-86.3936
1540	15	131.3330	-86.7377
1541	15	139.5170	-86.7796
1576	16	-134.4490	379.3250
1577	16	-133.7520	369.8960
1578	16	-132.1900	360.7570
1579	16	-129.9180	351.3460
1580	16	-127.5270	341.0600
1581	16	-125.2650	329.9390
1582	16	-122.9210	318.6740
1583	16	-120.3920	307.7760
1584	16	-118.0190	298.0520
1585	16	-115.6710	289.1430
1586	16	-114.5390	280.2430
1587	16	-114.0900	270.9340
1588	16	-114.1780	260.5500
1589	16	-114.2380	249.1820
1590	16	-114.3590	238.0410
1591	16	-114.2380	227.5270
1592	16	-113.4680	218.1600
1593	16	-111.6690	209.3440
1594	16	-108.6040	200.7260
1595	16	-105.2180	192.4290
1596	16	-102.1170	183.7620
1597	16	-99.1317	174.5840
1598	16	-96.1666	164.9650
1599	16	-92.8665	155.6510
1600	16	-89.7970	146.2580
1601	16	-87.1997	136.7960
1602	16	-85.2614	126.9210
1603	16	-84.1339	116.7540
1604	16	-83.0238	106.1230
1605	16	-82.0151	94.8535
1606	16	-80.6250	83.9217
1607	16	-78.8324	73.3131
1608	16	-76.3681	63.9482
1609	16	-72.0648	54.9035
1610	16	-66.9531	46.5992
1611	16	-61.9068	38.6936
1612	16	-57.1190	30.9240
1613	16	-52.1766	23.5049
1614	16	-46.3114	16.1463
1615	16	-39.2502	9.8818
1616	16	-31.9782	3.4814
1617	16	-24.5918	-2.4710
1618	16	-18.1845	-8.8251
1619	16	-12.1697	-15.4395
1620	16	-6.1506	-22.4006
1621	16	-0.2699	-29.3123
1622	16	5.8827	-36.3278
1623	16	11.8882	-42.6590
1624	16	18.4364	-48.5224
1625	16	26.5305	-53.4777
1626	16	35.3781	-57.3706
1627	16	43.4518	-60.8777
1628	16	50.8369	-64.1908
1629	16	58.7759	-66.7676
1630	16	67.3608	-68.7579
1631	16	76.7714	-70.0479
1632	16	86.5715	-71.2297
1633	16	96.6281	-73.2695
1634	16	106.5200	-75.8736
1635	16	115.5860	-78.6631
1636	16	124.0940	-81.0286
1637	16	132.4680	-83.0591
1677	17	-136.5070	388.4250
1678	17	-135.4010	377.5760
1679	17	-133.8390	367.5400
1680	17	-131.9820	357.8260
1681	17	-130.5620	348.1310
1682	17	-129.9770	338.5480
1683	17	-130.1910	328.9700
1684	17	-130.4100	319.0600
1685	17	-130.5420	308.6270
1686	17	-130.9610	298.1150
1687	17	-131.5110	287.6970
1688	17	-131.8320	277.5630
1689	17	-132.5000	267.0700
1690	17	-132.7850	256.8300
1691	17	-132.3960	246.7060
1692	17	-131.3610	236.9290
1693	17	-130.5930	226.8490
1694	17	-129.2050	216.6320
1695	17	-127.4820	206.8130
1696	17	-125.6180	197.1540
1697	17	-123.7150	187.2170
1698	17	-122.4130	177.4730
1699	17	-121.8710	167.8990
1700	17	-121.6160	158.2920
1701	17	-121.3010	148.6000
1702	17	-121.2100	138.8060
1703	17	-120.9860	128.9810
1704	17	-120.3960	119.3890
1705	17	-119.8050	109.2800
1706	17	-118.7680	99.2524
1707	17	-117.5000	89.9971
1708	17	-115.7230	81.1475
1709	17	-114.1050	72.9622
1710	17	-112.0730	64.5740
1711	17	-109.8680	56.5554
1712	17	-107.0410	48.7948
1713	17	-103.2380	40.5544
1714	17	-99.3546	32.2226
1715	17	-96.0889	23.9467
1716	17	-93.0957	15.8330
1717	17	-90.3237	8.1947
1718	17	-87.4744	0.3619
1719	17	-84.2606	-7.5528
1720	17	-80.2456	-15.2620
1721	17	-76.1330	-22.9935
1722	17	-71.5925	-30.7465
1723	17	-66.2565	-37.9106
1724	17	-60.6314	-44.8034
1725	17	-55.0628	-51.0415
1726	17	-49.6013	-56.9866
1727	17	-43.6003	-62.3017
1728	17	-36.8584	-67.2054
1729	17	-29.5034	-71.8905
1730	17	-21.6630	-76.4443
1731	17	-13.3166	-81.3714
1732	17	-4.8886	-86.8456
1733	17	3.1528	-92.3414
1734	17	10.8608	-96.9979
1735	17	18.7844	-101.6060
1736	17	26.7744	-106.1710
1737	17	35.5822	-111.2420
1738	17	45.0904	-116.3310
1739	17	55.1311	-121.4520
1740	17	64.6862	-124.9760
1741	17	74.1723	-127.5040
1742	17	82.9953	-129.3040
1743	17	91.5755	-130.5230
1744	17	100.4950	-131.3500
1745	17	110.3170	-131.7920
1746	17	120.9730	-131.7520
1747	17	132.3680	-131.9800
1796	18	-143.3180	384.3750
1797	18	-143.6610	374.1780
1798	18	-144.5780	363.9230
1799	18	-145.8120	354.1710
1800	18	-147.0630	345.2560
1801	18	-147.7520	337.0550
1802	18	-147.4010	329.2420
1803	18	-146.2290	320.9860
1804	18	-144.4940	311.8660
1805	18	-142.2960	301.9600
1806	18	-139.8870	292.0190
1807	18	-137.8420	282.4700
1808	18	-136.3710	273.4660
1809	18	-135.1630	264.7440
1810	18	-134.6750	255.8800
1811	18	-134.5730	246.8330
1812	18	-134.7140	237.8830
1813	18	-135.0840	228.4350
1814	18	-135.7670	218.9730
1815	18	-136.6250	209.2580
1816	18	-137.4540	199.8980
1817	18	-137.2530	191.0590
1818	18	-135.7560	183.0920
1819	18	-133.3230	175.3230
1820	18	-130.7260	167.0030
1821	18	-127.8930	158.5530
1822	18	-124.8690	150.0320
1823	18	-121.9180	141.5410
1824	18	-119.2460	133.5380
1825	18	-116.8860	125.6750
1826	18	-115.1330	117.6460
1827	18	-114.1930	109.3210
1828	18	-113.2490	101.0060
1829	18	-112.4360	92.7014
1830	18	-112.1680	84.1023
1831	18	-112.3540	75.0402
1832	18	-112.0240	65.7353
1833	18	-110.6630	57.0745
1834	18	-107.4850	49.3943
1835	18	-103.6100	42.7124
1836	18	-99.4527	36.3053
1837	18	-95.0415	30.1008
1838	18	-90.2214	24.2026
1839	18	-85.1950	18.6692
1840	18	-79.3773	12.8509
1841	18	-74.1779	7.1729
1842	18	-69.6441	1.4640
1843	18	-65.5650	-4.2713
1844	18	-61.4720	-10.3305
1845	18	-57.4017	-16.2476
1846	18	-53.3213	-22.9415
1847	18	-48.9353	-30.0329
1848	18	-44.4750	-38.1068
1849	18	-39.3184	-45.6656
1850	18	-33.5422	-51.7047
1851	18	-26.6231	-55.3095
1852	18	-19.5751	-57.9803
1853	18	-12.4378	-60.1818
1854	18	-5.1520	-61.8361
1855	18	2.3112	-63.3413
1856	18	10.4140	-64.9887
1857	18	18.9629	-66.9688
1858	18	26.5135	-69.6685
1859	18	33.8439	-72.6940
1860	18	40.3497	-75.6529
1861	18	47.1304	-78.5583
1862	18	53.9407	-81.4108
1863	18	60.4213	-84.8219
1864	18	67.0454	-88.7784
1865	18	74.8809	-92.6474
1866	18	83.1914	-95.8157
1867	18	92.5070	-97.5304
1868	18	101.0750	-97.9304
1869	18	109.4400	-97.7298
1870	18	117.1530	-96.7617
1871	18	124.8830	-95.6672
1872	18	132.7310	-94.4243
1904	19	-117.0410	374.9680
1905	19	-114.5290	367.7820
1906	19	-111.9960	359.0460
1907	19	-109.6410	349.0200
1908	19	-107.4540	338.1650
1909	19	-105.0220	327.4420
1910	19	-101.7540	317.3830
1911	19	-98.0842	308.0210
1912	19	-95.0163	298.7480
1913	19	-93.8243	290.8240
1914	19	-93.5984	281.5250
1915	19	-94.3827	272.2560
1916	19	-95.4744	263.2290
1917	19	-95.4430	252.0030
1918	19	-95.2182	240.6280
1919	19	-95.0760	229.8270
1920	19	-93.7652	220.0280
1921	19	-91.6319	211.9040
1922	19	-88.0202	203.7440
1923	19	-84.4339	194.9060
1924	19	-81.1005	185.3160
1925	19	-77.8054	174.9150
1926	19	-73.9475	163.8730
1927	19	-69.8926	153.7100
1928	19	-65.1980	144.0130
1929	19	-61.4694	135.0190
1930	19	-59.4788	126.3820
1931	19	-59.4487	118.0790
1932	19	-60.2521	109.7430
1933	19	-60.3094	100.6000
1934	19	-59.7584	90.7513
1935	19	-58.8632	80.2058
1936	19	-57.9606	70.3444
1937	19	-56.7267	60.5273
1938	19	-53.6409	52.1989
1939	19	-49.4561	44.2676
1940	19	-45.0108	37.4051
1941	19	-40.7872	30.1628
1942	19	-35.8746	23.0486
1943	19	-29.5977	16.5777
1944	19	-22.2704	11.4792
1945	19	-16.2755	5.6037
1946	19	-12.2181	-0.3525
1947	19	-9.6261	-6.1356
1948	19	-6.3106	-11.2649
1949	19	-1.5606	-16.6448
1950	19	4.8937	-22.9629
1951	19	12.1803	-30.6880
1952	19	19.3617	-38.9388
1953	19	26.9451	-45.7495
1954	19	35.6361	-50.4029
1955	19	45.2255	-52.7197
1956	19	54.8763	-53.4253
1957	19	63.6862	-53.3816
1958	19	71.8114	-53.0042
1959	19	80.0370	-52.6169
1960	19	88.7915	-51.8319
1961	19	98.2466	-50.8406
1962	19	107.7290	-49.7878
1963	19	117.2290	-50.0310
1964	19	126.6320	-51.3603
1997	20	-125.2720	367.7100
1998	20	-125.0840	358.1130
1999	20	-125.6190	347.3460
2000	20	-126.4460	335.2260
2001	20	-127.3460	322.3750
2002	20	-128.3760	309.6940
2003	20	-129.1610	297.8140
2004	20	-129.2490	287.0090
2005	20	-128.3700	276.7170
2006	20	-126.6360	266.2770
2007	20	-124.4150	255.0870
2008	20	-122.0550	243.1560
2009	20	-119.5290	230.4600
2010	20	-116.4910	217.6280
2011	20	-112.9000	205.3130
2012	20	-109.2570	193.6310
2013	20	-106.4290	182.6680
2014	20	-104.0960	172.2170
2015	20	-102.2400	161.7680
2016	20	-100.9370	150.5490
2017	20	-99.7885	138.7300
2018	20	-99.0231	126.2230
2019	20	-97.6234	113.8320
2020	20	-95.6981	101.9970
2021	20	-92.5307	91.0090
2022	20	-87.5979	80.4580
2023	20	-81.5694	70.7145
2024	20	-75.9639	61.2212
2025	20	-69.8726	51.7091
2026	20	-64.1462	42.1756
2027	20	-57.3150	33.1139
2028	20	-49.5762	24.6987
2029	20	-41.1463	17.2577
2030	20	-33.1931	10.1775
2031	20	-26.1898	2.4984
2032	20	-19.8012	-4.9737
2033	20	-14.0938	-12.8689
2034	20	-8.0805	-20.7823
2035	20	-0.7555	-28.9400
2036	20	7.4631	-36.2461
2037	20	16.7476	-43.1975
2038	20	26.8458	-48.9873
2039	20	37.5793	-53.4849
2040	20	47.8057	-56.8898
2041	20	57.0779	-59.6098
2042	20	66.1805	-61.8311
2043	20	76.0937	-63.6209
2044	20	87.1612	-65.0102
2045	20	99.0375	-66.0741
2046	20	111.1640	-66.6919
2047	20	123.4810	-67.7058
2091	21	-136.7960	370.4020
2092	21	-137.9620	358.4040
2093	21	-139.3020	346.9490
2094	21	-140.3700	336.2110
2095	21	-140.8100	326.1880
2096	21	-140.3120	316.6110
2097	21	-139.4180	306.6660
2098	21	-138.4370	295.9330
2099	21	-137.4590	284.6810
2100	21	-136.1990	273.3330
2101	21	-134.4440	262.0060
2102	21	-132.3820	251.2360
2103	21	-130.2400	240.9450
2104	21	-128.8570	230.8020
2105	21	-128.6390	220.7790
2106	21	-128.9500	209.8770
2107	21	-129.6550	198.6800
2108	21	-130.3590	187.4180
2109	21	-131.0870	176.3660
2110	21	-131.8410	165.5000
2111	21	-132.1080	155.0700
2112	21	-131.5560	144.8870
2113	21	-130.5010	134.9580
2114	21	-128.6390	125.2150
2115	21	-126.7320	115.3620
2116	21	-124.6060	105.2980
2117	21	-121.8870	95.4801
2118	21	-118.6270	85.5601
2119	21	-114.4010	76.1750
2120	21	-110.0700	66.8494
2121	21	-106.6050	57.9819
2122	21	-103.6910	49.0125
2123	21	-101.0980	39.9408
2124	21	-98.7706	30.7499
2125	21	-95.8497	21.1525
2126	21	-92.6819	11.6384
2127	21	-88.9245	2.1614
2128	21	-84.5335	-6.8806
2129	21	-79.2241	-15.2560
2130	21	-72.9492	-22.3135
2131	21	-66.5861	-28.3260
2132	21	-60.4787	-34.2360
2133	21	-53.8836	-39.7551
2134	21	-46.3613	-44.7456
2135	21	-37.6507	-49.4387
2136	21	-27.8008	-53.6870
2137	21	-17.7195	-57.2086
2138	21	-8.6390	-60.9039
2139	21	-0.2940	-64.6681
2140	21	7.7117	-68.5465
2141	21	15.5808	-72.2704
2142	21	23.2588	-76.3151
2143	21	31.4469	-80.7179
2144	21	40.3778	-85.1064
2145	21	49.9317	-89.5178
2146	21	59.7710	-93.0121
2147	21	69.9045	-95.0736
2148	21	78.9328	-96.1949
2149	21	87.8314	-96.8645
2150	21	96.4955	-97.2573
2151	21	105.8820	-97.2114
2152	21	116.1440	-96.4351
2153	21	127.3020	-95.3708
2195	22	-147.6270	379.6480
2196	22	-148.8490	368.2450
2197	22	-149.7270	358.7330
2198	22	-148.7260	350.1660
2199	22	-147.4270	341.4040
2200	22	-146.1330	331.7980
2201	22	-144.8920	321.1010
2202	22	-143.5190	309.5360
2203	22	-141.8030	297.9000
2204	22	-139.9970	287.4210
2205	22	-139.0540	278.2300
2206	22	-139.2800	269.2760
2207	22	-140.0050	260.2930
2208	22	-140.9840	250.6640
2209	22	-141.8530	240.3760
2210	22	-142.8570	229.1950
2211	22	-144.3000	217.9560
2212	22	-145.5930	206.5390
2213	22	-146.3430	196.1500
2214	22	-145.5270	186.8720
2215	22	-144.0430	177.8460
2216	22	-142.3040	168.7780
2217	22	-140.4040	159.0530
2218	22	-138.2830	148.5990
2219	22	-135.8280	138.4160
2220	22	-133.0680	128.1880
2221	22	-130.5460	118.8700
2222	22	-129.3180	110.3570
2223	22	-128.8560	102.2890
2224	22	-128.4960	93.9274
2225	22	-128.2790	85.0451
2226	22	-128.1250	75.7254
2227	22	-127.8960	65.9679
2228	22	-127.4130	56.3497
2229	22	-126.1090	47.2487
2230	22	-123.7160	39.2810
2231	22	-119.7230	31.6752
2232	22	-115.3150	24.3914
2233	22	-111.1940	17.0696
2234	22	-106.4520	9.5595
2235	22	-101.2540	2.4316
2236	22	-95.0041	-4.4523
2237	22	-88.5746	-10.8703
2238	22	-83.2474	-16.7172
2239	22	-78.6047	-22.8557
2240	22	-73.7712	-28.6665
2241	22	-68.3489	-34.7030
2242	22	-62.2789	-40.6228
2243	22	-55.6276	-46.8558
2244	22	-48.7704	-53.0837
2245	22	-41.2096	-58.8691
2246	22	-33.4707	-63.4535
2247	22	-24.6904	-66.3450
2248	22	-15.9843	-68.0810
2249	22	-7.5375	-69.4184
2250	22	0.6368	-70.6201
2251	22	9.2212	-71.4745
2252	22	18.7589	-71.9739
2253	22	28.6807	-72.4905
2254	22	38.0149	-73.8126
2255	22	46.7843	-76.4322
2256	22	54.9479	-78.7824
2257	22	62.6551	-81.0324
2258	22	70.5455	-83.4048
2259	22	78.9055	-85.8507
2260	22	87.4487	-88.7155
2261	22	97.0060	-91.4580
2262	22	107.1830	-93.5034
2263	22	117.3240	-93.9775
2264	22	127.4160	-93.4292
2265	22	136.8360	-92.4779
2310	23	-146.3950	381.0980
2311	23	-145.6160	370.4650
2312	23	-144.7640	360.3240
2313	23	-143.6790	349.9140
2314	23	-142.3050	339.3990
2315	23	-140.8680	329.6040
2316	23	-139.5720	320.4880
2317	23	-138.6670	311.8710
2318	23	-138.2150	302.8880
2319	23	-137.9390	293.3640
2320	23	-137.8640	283.2190
2321	23	-137.8760	272.5800
2322	23	-137.8730	261.8510
2323	23	-137.6490	251.8550
2324	23	-137.1830	242.4350
2325	23	-136.2320	233.3680
2326	23	-134.8700	224.0850
2327	23	-133.4480	214.4020
2328	23	-131.9010	204.5140
2329	23	-130.1050	194.5160
2330	23	-127.8200	184.6130
2331	23	-125.8900	175.2270
2332	23	-124.3120	166.0230
2333	23	-123.0110	157.1450
2334	23	-121.7870	147.9570
2335	23	-120.7790	138.2570
2336	23	-119.7050	128.6760
2337	23	-118.5660	118.8930
2338	23	-116.8800	109.1110
2339	23	-115.1600	99.9590
2340	23	-112.8330	91.0132
2341	23	-109.8440	82.2422
2342	23	-106.9560	73.6379
2343	23	-104.0210	65.0253
2344	23	-100.3290	56.7258
2345	23	-96.3524	48.5209
2346	23	-92.3453	40.6626
2347	23	-88.0516	33.0781
2348	23	-83.8842	24.9970
2349	23	-79.7963	17.3097
2350	23	-76.0296	9.7057
2351	23	-72.3160	2.2247
2352	23	-68.1056	-5.2978
2353	23	-63.0748	-13.5727
2354	23	-56.8807	-21.3175
2355	23	-49.6586	-28.1477
2356	23	-42.1448	-34.5690
2357	23	-34.8362	-40.1268
2358	23	-27.6929	-45.0251
2359	23	-20.8835	-49.3995
2360	23	-14.3424	-53.6812
2361	23	-7.3998	-57.4681
2362	23	0.0401	-61.1293
2363	23	8.2001	-64.6284
2364	23	16.4940	-68.3811
2365	23	24.1049	-72.2563
2366	23	31.6521	-75.8160
2367	23	38.6893	-78.9149
2368	23	46.0819	-81.8472
2369	23	54.0861	-84.6602
2370	23	62.7106	-87.2857
2371	23	71.5813	-89.7112
2372	23	81.1248	-91.9082
2373	23	90.2133	-93.4167
2374	23	98.6731	-94.5716
2375	23	106.8930	-95.1788
2376	23	115.1620	-95.9223
2377	23	124.0840	-96.1962
2378	23	133.6830	-96.6115
2417	24	-157.3630	374.5140
2418	24	-155.5770	363.1450
2419	24	-153.7430	351.7220
2420	24	-152.4230	341.3550
2421	24	-151.9190	332.1090
2422	24	-152.2460	323.2970
2423	24	-153.0480	314.3210
2424	24	-153.8700	304.4700
2425	24	-154.7720	293.5390
2426	24	-155.9470	281.8090
2427	24	-157.1340	269.8890
2428	24	-157.8780	258.9060
2429	24	-158.3450	248.6140
2430	24	-157.8890	238.9210
2431	24	-157.0700	229.2320
2432	24	-155.8410	219.4630
2433	24	-154.6480	209.1860
2434	24	-153.2740	198.6170
2435	24	-151.8850	188.1640
2436	24	-150.6620	177.9410
2437	24	-149.3470	168.4170
2438	24	-148.4320	159.6990
2439	24	-148.2780	151.2530
2440	24	-148.1270	142.1820
2441	24	-148.1210	132.6000
2442	24	-147.6620	122.4380
2443	24	-146.7380	112.0920
2444	24	-145.5440	101.7410
2445	24	-143.9860	91.6446
2446	24	-141.5580	81.8461
2447	24	-138.4240	73.1063
2448	24	-134.3230	64.7199
2449	24	-130.1850	56.8479
2450	24	-125.6240	49.1642
2451	24	-121.4210	42.1575
2452	24	-116.6080	34.9949
2453	24	-111.8060	27.9019
2454	24	-106.7240	20.3864
2455	24	-102.1170	13.3371
2456	24	-97.7120	6.2478
2457	24	-93.5228	-0.9573
2458	24	-89.2425	-8.4346
2459	24	-84.8427	-15.5171
2460	24	-79.9829	-22.7979
2461	24	-74.9334	-29.7376
2462	24	-68.5227	-36.4568
2463	24	-61.4507	-42.5508
2464	24	-53.9241	-47.3515
2465	24	-45.9227	-50.8232
2466	24	-37.9570	-53.6267
2467	24	-30.1046	-55.6282
2468	24	-22.0527	-57.4777
2469	24	-13.4305	-58.7095
2470	24	-4.0027	-59.5938
2471	24	6.5133	-60.9093
2472	24	17.6926	-62.9350
2473	24	28.3773	-65.4939
2474	24	38.0237	-68.3934
2475	24	46.4784	-70.6038
2476	24	54.1577	-72.6257
2477	24	61.3179	-74.4234
2478	24	68.9590	-76.3450
2479	24	77.2061	-78.2566
2480	24	86.4793	-79.6349
2481	24	95.7002	-80.3500
2482	24	104.9050	-80.0088
2483	24	113.3070	-79.2180
2484	24	121.0670	-77.9265
2485	24	128.6990	-76.4219
2532	25	-149.3480	368.0470
2533	25	-148.3550	355.8100
2534	25	-146.8170	344.9090
2535	25	-145.7330	335.4390
2536	25	-145.3150	327.0960
2537	25	-145.4480	318.6940
2538	25	-145.9870	309.3080
2539	25	-147.0010	298.9480
2540	25	-148.3180	287.6890
2541	25	-149.8460	276.1290
2542	25	-151.4940	264.9740
2543	25	-152.7070	254.8220
2544	25	-153.0100	245.3860
2545	25	-152.5170	236.4800
2546	25	-151.7980	227.2110
2547	25	-150.7890	217.1830
2548	25	-149.7390	206.1130
2549	25	-148.3990	195.1710
2550	25	-146.6690	183.9190
2551	25	-144.9760	173.4020
2552	25	-144.0120	164.0970
2553	25	-143.7500	155.5570
2554	25	-144.0090	147.1190
2555	25	-144.1230	138.3260
2556	25	-144.5200	128.6600
2557	25	-145.0150	118.1500
2558	25	-145.8380	107.2000
2559	25	-146.3720	96.2195
2560	25	-145.8850	86.5359
2561	25	-144.2170	78.0282
2562	25	-141.7480	69.9802
2563	25	-138.4550	61.8176
2564	25	-135.0500	53.4009
2565	25	-130.9320	44.5020
2566	25	-125.9180	35.5480
2567	25	-120.1060	26.5970
2568	25	-114.6380	18.5254
2569	25	-110.1920	10.8321
2570	25	-106.3950	3.5476
2571	25	-102.8410	-3.6441
2572	25	-99.0704	-11.3962
2573	25	-95.3027	-19.7328
2574	25	-91.2304	-28.5638
2575	25	-86.5506	-37.3892
2576	25	-81.1472	-45.9539
2577	25	-75.2982	-52.7169
2578	25	-68.3551	-58.3422
2579	25	-61.4520	-62.8407
2580	25	-54.2233	-66.9869
2581	25	-46.6289	-70.6831
2582	25	-38.2910	-74.1623
2583	25	-28.9143	-77.2799
2584	25	-19.2241	-79.9992
2585	25	-10.2209	-82.9798
2586	25	-1.9298	-86.7040
2587	25	6.2747	-90.4572
2588	25	14.1171	-93.9745
2589	25	21.7061	-97.4348
2590	25	29.7886	-100.8880
2591	25	38.7487	-104.5420
2592	25	48.6300	-108.2880
2593	25	58.2384	-110.9870
2594	25	67.6963	-112.6670
2595	25	77.3568	-113.7050
2596	25	86.3454	-113.9710
2597	25	95.0963	-113.6610
2598	25	104.0010	-113.0980
2599	25	113.2630	-111.9690
2600	25	123.5340	-110.7030
2601	25	127.1620	-123.7530
2674	26	-182.3310	390.1710
2675	26	-182.1040	382.9950
2676	26	-181.9250	375.3700
2677	26	-181.5010	367.6450
2678	26	-180.4820	360.0680
2679	26	-179.3210	352.8440
2680	26	-178.1070	345.5940
2681	26	-178.2030	337.9580
2682	26	-178.9350	330.2960
2683	26	-179.6600	322.8050
2684	26	-180.2710	314.6630
2685	26	-181.0770	306.2120
2686	26	-182.1280	298.0200
2687	26	-183.4990	290.5880
2688	26	-185.1660	283.3080
2689	26	-185.9810	275.0130
2690	26	-186.2050	266.8660
2691	26	-186.3820	259.2920
2692	26	-185.9810	250.9700
2693	26	-185.5240	241.7320
2694	26	-184.7350	232.4080
2695	26	-183.7730	223.8750
2696	26	-183.1250	215.4580
2697	26	-183.6620	207.0220
2698	26	-184.8870	199.1620
2699	26	-185.9810	191.4480
2700	26	-186.7690	183.1800
2701	26	-187.4760	175.1120
2702	26	-188.3600	166.8470
2703	26	-189.3110	159.2340
2704	26	-190.3010	151.1530
2705	26	-190.3450	143.1380
2706	26	-189.6170	135.8040
2707	26	-188.4490	128.3520
2708	26	-187.1800	120.1050
2709	26	-185.8980	111.9270
2710	26	-184.3090	104.2610
2711	26	-182.5270	97.6959
2712	26	-180.8410	91.0352
2713	26	-179.9540	84.0568
2714	26	-179.6740	77.8675
2715	26	-179.3190	71.5660
2716	26	-178.6850	64.9053
2717	26	-177.7330	58.3627
2718	26	-176.4640	51.0677
2719	26	-174.8780	43.7720
2720	26	-173.2920	36.1661
2721	26	-171.0720	28.5463
2722	26	-168.1020	21.8127
2723	26	-164.4110	14.9066
2724	26	-160.6040	8.5625
2725	26	-156.7410	2.1614
2726	26	-152.1550	-4.0641
2727	26	-147.3120	-9.8150
2728	26	-142.6530	-14.9105
2729	26	-138.4000	-20.4736
2730	26	-134.2450	-26.2492
2731	26	-130.0020	-31.8847
2732	26	-125.8250	-37.0456
2733	26	-121.1090	-42.3054
2734	26	-115.6580	-48.1267
2735	26	-109.7830	-54.3566
2736	26	-103.8920	-60.5135
2737	26	-98.1991	-66.8728
2738	26	-91.2980	-72.6040
2739	26	-84.4756	-76.7651
2740	26	-77.5885	-80.3361
2741	26	-70.9875	-83.7004
2742	26	-64.2387	-86.5983
2743	26	-56.6354	-88.8955
2744	26	-48.2644	-91.9045
2745	26	-39.5489	-94.7815
2746	26	-30.7503	-98.2264
2747	26	-22.6426	-102.0470
2748	26	-15.1604	-105.4730
2749	26	-7.7125	-108.4850
2750	26	-0.4169	-111.2010
2751	26	6.8198	-114.1110
2752	26	14.5830	-116.9680
2753	26	22.7389	-119.4410
2754	26	30.8397	-120.8560
2755	26	38.8268	-121.5500
2756	26	46.2120	-121.6370
2757	26	53.0902	-121.7460
2758	26	59.8517	-121.4910
2759	26	66.9132	-121.3050
2760	26	74.4684	-121.2080
2761	26	82.3395	-121.1330
2762	26	91.3379	-121.4080
2763	26	99.8814	-122.2580
2764	26	107.3920	-122.8550
2765	26	114.2480	-123.4310
2766	26	120.7190	-123.5360
2767	26	127.5340	-123.9100
2768	26	134.9200	-124.3700
2769	26	142.7700	-125.0580
2815	27	-133.0910	390.7230
2816	27	-132.9850	378.7690
2817	27	-132.3500	367.3800
2818	27	-131.0910	356.6410
2819	27	-129.8490	344.5370
2820	27	-127.8700	332.7060
2821	27	-126.3250	320.1940
2822	27	-124.5660	307.8710
2823	27	-122.7980	296.2900
2824	27	-121.6320	284.8830
2825	27	-120.3110	274.1930
2826	27	-119.3590	262.5390
2827	27	-118.7680	250.5770
2828	27	-118.5030	238.6380
2829	27	-117.8220	227.0530
2830	27	-116.6460	215.8050
2831	27	-114.9080	204.8220
2832	27	-113.0140	194.3510
2833	27	-111.0360	183.3800
2834	27	-108.8330	172.5420
2835	27	-106.5560	161.5600
2836	27	-103.8320	150.8920
2837	27	-101.0910	140.3180
2838	27	-98.7186	129.5750
2839	27	-96.5993	118.4980
2840	27	-95.0846	107.4400
2841	27	-93.7902	96.1334
2842	27	-92.2286	85.3463
2843	27	-90.0870	74.8332
2844	27	-86.6808	64.7238
2845	27	-82.6382	55.4462
2846	27	-78.5943	46.6769
2847	27	-73.6734	37.8087
2848	27	-68.5787	29.2005
2849	27	-62.6591	20.9325
2850	27	-56.8576	12.6918
2851	27	-51.0858	4.5868
2852	27	-45.1345	-3.2719
2853	27	-39.3742	-11.3254
2854	27	-33.1151	-19.3517
2855	27	-26.6403	-26.8849
2856	27	-19.1045	-33.7963
2857	27	-10.5764	-39.7533
2858	27	-2.0704	-44.7617
2859	27	6.5308	-49.1096
2860	27	15.0856	-52.4301
2861	27	24.4285	-55.5869
2862	27	34.4624	-58.6606
2863	27	44.4640	-61.6226
2864	27	54.2498	-64.7915
2865	27	63.4735	-67.7205
2866	27	72.7847	-70.9630
2867	27	82.4594	-74.3108
2868	27	92.4299	-77.0254
2869	27	103.1190	-79.4049
2870	27	113.8840	-80.8447
2871	27	124.2100	-81.6581
2872	27	134.1320	-81.8567
2918	28	-129.0840	392.8750
2919	28	-129.5630	381.0030
2920	28	-129.8260	370.5940
2921	28	-129.7730	360.5770
2922	28	-128.8770	350.6600
2923	28	-127.3430	340.6020
2924	28	-125.6740	329.9460
2925	28	-123.9870	318.6170
2926	28	-122.3240	307.5430
2927	28	-120.8870	297.4070
2928	28	-119.1260	287.8430
2929	28	-116.3790	277.9230
2930	28	-114.7820	267.5180
2931	28	-114.1130	256.5540
2932	28	-114.1580	244.8540
2933	28	-114.6050	232.8310
2934	28	-114.9430	221.2100
2935	28	-114.4760	210.1010
2936	28	-113.9290	199.0620
2937	28	-112.4150	188.2870
2938	28	-110.1980	178.2640
2939	28	-107.6630	168.5370
2940	28	-104.7770	158.4740
2941	28	-101.8420	148.2590
2942	28	-98.4380	138.0940
2943	28	-94.5455	128.2770
2944	28	-90.0623	117.4980
2945	28	-86.6292	107.1050
2946	28	-84.4730	96.3169
2947	28	-82.7144	85.7417
2948	28	-80.9590	74.9295
2949	28	-78.9812	64.9877
2950	28	-76.4427	55.0631
2951	28	-73.2773	45.5501
2952	28	-68.6680	35.7892
2953	28	-62.4224	27.3378
2954	28	-56.3170	20.0504
2955	28	-50.3569	13.5092
2956	28	-43.9278	7.1464
2957	28	-36.7271	1.0193
2958	28	-29.0766	-4.8171
2959	28	-20.3441	-11.0054
2960	28	-12.6547	-17.1777
2961	28	-5.8714	-23.8737
2962	28	0.7438	-30.4207
2963	28	8.0012	-37.2499
2964	28	15.6530	-43.9402
2965	28	24.0993	-50.3508
2966	28	33.0523	-56.9424
2967	28	43.0247	-62.4380
2968	28	52.7957	-66.0246
2969	28	61.6843	-68.5179
2970	28	69.9541	-70.5741
2971	28	78.8446	-72.0345
2972	28	88.8521	-73.2100
2973	28	99.0596	-73.6803
2974	28	110.7160	-74.1129
2975	28	122.4130	-74.8756
2976	28	132.6350	-76.2366
2977	28	141.6710	-77.8340
